id,attr_time,attr_x,attr_y,attr_z
1,1437154490011,-6.5607114,7.028179,-0.2813187
2,1437154490030,-6.729502,7.074866,-0.27353755
3,1437154490103,-6.7253127,7.114969,-0.30765492
4,1437154490104,-6.728904,7.0928226,-0.3489549
5,1437154490105,-6.6606693,7.055712,-0.3274071
6,1437154490113,-6.6205664,7.067683,-0.3764882
7,1437154490129,-6.667253,7.0622964,-0.3812766
8,1437154490152,-6.706159,7.053318,-0.38606504
9,1437154490169,-6.712743,7.032369,-0.37948096
10,1437154490195,-6.75943,6.987478,-0.36750996
11,1437154490210,-6.783372,7.020398,-0.3489549
12,1437154490230,-6.8719573,7.056311,-0.3537433
13,1437154490250,-6.771401,7.0227923,-0.35553896
14,1437154490270,-6.7666125,7.0036387,-0.37828386
15,1437154490292,-6.881534,7.092224,-0.41359833
16,1437154490312,-6.83784,7.0425444,-0.39624038
17,1437154490332,-6.6923923,6.9731126,-0.2885013
18,1437154490350,-6.675633,6.967127,-0.30585927
19,1437154490401,-6.7905545,7.0090256,-0.28191724
20,1437154490402,-6.8761473,6.8689647,-0.14065935
21,1437154490411,-6.8372416,6.747459,-0.044891283
22,1437154490432,-6.9078703,6.7001734,-0.05805939
23,1437154490450,-6.9168487,6.711546,-0.03232172
24,1437154490472,-6.8785415,6.712743,-0.16639702
25,1437154490490,-6.8731546,6.830059,-0.2789245
26,1437154490512,-6.9006877,6.9479733,-0.48961425
27,1437154490532,-6.865972,7.0485296,-0.61052144
28,1437154490554,-6.7211227,7.153875,-0.75956047
29,1437154490570,-6.6774287,7.2352777,-0.8619126
30,1437154490590,-6.667253,7.2508397,-0.8595184
31,1437154490619,-6.669647,7.2628107,-0.86251116
32,1437154490632,-6.633734,7.2484455,-0.8535329
33,1437154490651,-6.567894,7.2328835,-0.8319851
34,1437154490671,-6.479907,7.2107368,-0.80205756
35,1437154490691,-6.4805055,7.2185183,-0.7990648
36,1437154490712,-6.6109896,7.2472486,-0.76075757
37,1437154490731,-6.687604,7.185598,-0.7218518
38,1437154490752,-6.6385226,7.073669,-0.62847793
39,1437154490771,-6.599617,7.0006456,-0.557849
40,1437154490843,-6.693589,6.981492,-0.5291186
41,1437154490844,-6.728904,6.96593,-0.54408234
42,1437154490845,-6.84203,6.9850836,-0.5243302
43,1437154490853,-6.9330096,7.001843,-0.6063316
44,1437154490871,-6.825869,6.95755,-0.6206968
45,1437154490890,-6.717531,6.9246297,-0.56922144
46,1437154490910,-6.7330937,6.9916677,-0.64463884
47,1437154490935,-6.8450227,7.08145,-0.6943185
48,1437154490951,-6.8049197,7.0503254,-0.6919243
49,1437154490972,-6.645705,7.0485296,-0.7290344
50,1437154490991,-6.6684504,7.08145,-0.7230489
51,1437154491011,-6.6983776,7.101202,-0.7224504
52,1437154491033,-6.6307416,7.0622964,-0.6877344
53,1437154491053,-6.675633,7.069479,-0.7140707
54,1437154491071,-6.6642604,7.0820484,-0.7326257
55,1437154491093,-6.707356,7.049727,-0.6967127
56,1437154491113,-6.7684083,7.089231,-0.717662
57,1437154491133,-6.757634,7.0784574,-0.6697779
58,1437154491153,-6.7187285,7.0527196,-0.6775591
59,1437154491170,-6.679823,7.047333,-0.682946
60,1437154491193,-6.6864066,7.053318,-0.6817489
61,1437154491213,-6.733692,7.079654,-0.705691
62,1437154491231,-6.7534447,7.101202,-0.7038953
63,1437154491253,-6.7929487,7.0952168,-0.6991069
64,1437154491273,-6.747459,7.0587053,-0.6667852
65,1437154491292,-6.6971807,7.000047,-0.6512229
66,1437154491313,-6.6893997,6.979098,-0.62009823
67,1437154491333,-6.697779,6.975507,-0.58897364
68,1437154491353,-6.8043213,7.029975,-0.59735334
69,1437154491375,-6.707356,6.9767036,-0.58777654
70,1437154491394,-6.801927,7.017405,-0.5847838
71,1437154491411,-6.831256,7.029376,-0.6500258
72,1437154491433,-6.7887588,7.062895,-0.6218939
73,1437154491451,-6.8144965,7.0006456,-0.5710171
74,1437154491472,-6.7187285,7.017405,-0.635062
75,1437154491504,-6.7725983,6.991069,-0.6338649
76,1437154491618,-6.730101,6.939594,-0.65062433
77,1437154491619,-6.7588315,6.9318123,-0.6619968
78,1437154491620,-6.8426285,6.8851256,-0.6380547
79,1437154491621,-6.904279,6.91625,-0.6919243
80,1437154491622,-6.9246297,6.84203,-0.6254852
81,1437154491623,-7.007828,6.880337,-0.6410475
82,1437154491731,-7.0156097,6.8504095,-0.6422446
83,1437154491732,-6.962937,6.789956,-0.5638345
84,1437154491733,-6.9808936,6.799533,-0.59735334
85,1437154491734,-7.0066314,6.755839,-0.5554548
86,1437154491735,-6.9611416,6.7306995,-0.57520694
87,1437154491736,-7.0036387,6.758233,-0.59376204
88,1437154491759,-7.0221934,6.728904,-0.55365914
89,1437154491804,-7.007828,6.691195,-0.52492875
90,1437154491805,-7.04015,6.735488,-0.54049104
91,1437154491820,-7.1664443,6.7384806,-0.51235914
92,1437154491830,-7.097611,6.70975,-0.4902128
93,1437154491850,-7.141305,6.6947865,-0.44352585
94,1437154491871,-7.271789,6.6510925,-0.36391866
95,1437154491891,-7.4567413,6.64391,-0.207697
96,1437154491910,-7.399879,6.5948286,-0.11791443
97,1437154491929,-7.095815,6.4661403,-0.061650693
98,1437154491950,-6.839037,6.4206505,0.008978256
99,1437154491972,-6.8731546,6.471527,-0.030526072
100,1437154491992,-6.980295,6.549339,-0.030526072
101,1437154492011,-7.1586633,6.5906386,0.019153614
102,1437154492033,-7.233482,6.6965823,-0.038905777
103,1437154492052,-7.223905,6.785766,-0.051475335
104,1437154492070,-7.1263413,6.8360443,-0.06344634
105,1437154492090,-6.9228344,6.8827314,-0.11731588
106,1437154492111,-6.8318543,6.919243,-0.17956513
107,1437154492132,-6.8563952,6.965331,-0.24899697
108,1437154492152,-6.789956,6.7761893,-0.065242
109,1437154492173,-7.006033,6.843227,-0.1945289
110,1437154492191,-7.0527196,6.8893156,-0.19093758
111,1437154492211,-7.0186024,6.7923503,-0.076614454
112,1437154492230,-6.9689226,6.755839,-0.06464344
113,1437154492251,-6.995259,6.669647,-0.02873042
114,1437154492272,-7.104195,6.654085,0.065242
115,1437154492293,-7.1981673,6.63134,0.0712275
116,1437154492312,-7.1592617,6.554127,0.050876785
117,1437154492333,-7.0407486,6.5128274,0.04369418
118,1437154492359,-7.0395517,6.523601,0.01316811
119,1437154492370,-7.0569096,6.5547256,-0.018555064
120,1437154492391,-7.057508,6.5140243,-0.02813187
121,1437154492412,-7.1993647,6.5457473,-0.014963761
122,1437154492432,-7.2885485,6.579266,-0.05207389
123,1437154492453,-7.2364745,6.6469026,-0.06823475
124,1437154492473,-7.2370734,6.6720414,-0.08259996
125,1437154492494,-7.1023993,6.6744356,-0.13467385
126,1437154492513,-7.091625,6.7348895,-0.15382746
127,1437154492534,-7.1155677,6.803723,-0.17357962
128,1437154492554,-7.1167645,6.7905545,-0.11731588
129,1437154492572,-7.033566,6.692991,0.031124622
130,1437154492595,-6.977302,6.68102,0.078410104
131,1437154492613,-7.095815,6.6971807,0.11971009
132,1437154492634,-7.0503254,6.669647,0.12868834
133,1437154492655,-6.9168487,6.6786256,0.075417355
134,1437154492674,-6.995259,6.7324953,0.01316811
135,1437154492693,-6.9988503,6.8103065,-0.06823475
136,1437154492714,-6.9437833,6.7947445,-0.035314474
137,1437154492735,-7.0383544,6.8144965,-0.077213004
138,1437154492751,-7.0569096,6.8168907,-0.0676362
139,1437154492774,-7.047931,6.771401,0.006584055
140,1437154492794,-6.939594,6.75943,-0.03232172
141,1437154492813,-6.9904704,6.715137,0.017357962
142,1437154492832,-7.0754647,6.7450647,0.010773907
143,1437154492853,-7.025785,6.7324953,-0.022744916
144,1437154492872,-6.9784994,6.730101,0.038905777
145,1437154492892,-6.939594,6.724714,0.010175358
146,1437154492912,-6.952163,6.7504516,-0.009576807
147,1437154492934,-7.016208,6.8252707,0.0053869537
148,1437154492955,-7.0263834,6.813898,-0.0053869537
149,1437154492973,-6.9970546,6.8198833,0.039504327
150,1437154492993,-6.9330096,6.8085113,0.05626374
151,1437154493017,-6.928221,6.8025255,0.013766659
152,1437154493090,-6.945579,6.795343,0.034117375
153,1437154493091,-6.89171,6.757634,0.0023942017
154,1437154493092,-7.0305734,6.8067155,0.036511578
155,1437154493093,-7.2167225,6.847417,0.005985504
156,1437154493113,-7.0186024,6.757634,0.09636662
157,1437154493135,-6.83784,6.719327,0.14784196
158,1437154493152,-6.973711,6.791752,0.08020575
159,1437154493178,-7.023391,6.8222775,0.077811554
160,1437154493193,-6.929418,6.7863646,0.094570965
161,1437154493214,-6.919243,6.7869635,0.090381116
162,1437154493238,-6.981492,6.7612257,0.095768064
163,1437154493253,-6.9928646,6.740875,0.11432313
164,1437154493275,-6.8988924,6.691195,0.13706805
165,1437154493293,-7.009624,6.699575,0.095768064
166,1437154493315,-7.067085,6.740875,0.08499416
167,1437154493333,-6.88333,6.7229185,0.10534488
168,1437154493354,-6.9078703,6.7211227,0.14305355
169,1437154493375,-7.0742674,6.76781,0.18734628
170,1437154493395,-6.9743094,6.769605,0.18315643
171,1437154493412,-6.96174,6.7929487,0.22804771
172,1437154493434,-6.891111,6.7965403,0.21787235
173,1437154493455,-6.9120603,6.849811,0.20709845
174,1437154493474,-6.8557963,6.867169,0.17836803
175,1437154493495,-6.894104,6.8970966,0.15562311
176,1437154493515,-6.8480153,6.884527,0.093972415
177,1437154493534,-6.867169,6.904279,0.12210429
178,1437154493555,-6.8749504,6.893505,0.09935937
179,1437154493573,-6.8222775,6.917447,0.095768064
180,1437154493593,-6.899491,6.949769,0.092176765
181,1437154493615,-6.823475,6.938995,0.033518825
182,1437154493634,-6.8360443,7.0036387,0.01616086
183,1437154493654,-6.96593,7.0407486,-0.045489833
184,1437154493676,-6.8869214,6.9485717,0.006584055
185,1437154493693,-6.761824,6.892308,0.05805939
186,1437154493713,-6.881534,6.937798,0.017956512
187,1437154493740,-6.9371996,6.9383965,0.037708677
188,1437154493814,-6.8360443,6.908469,0.017357962
189,1437154493815,-6.8282633,6.92044,0.046686932
190,1437154493816,-6.818088,6.9198413,0.020350715
191,1437154493817,-6.867169,6.877943,0.047884032
192,1437154493834,-6.7534447,6.787562,0.035314474
193,1437154493861,-6.977302,6.8204823,0.04129998
194,1437154493873,-7.0766616,6.815095,-0.0053869537
195,1437154493894,-7.037756,6.7265096,0.05925649
196,1437154493914,-7.086837,6.7067575,-0.012569559
197,1437154493941,-7.120356,6.669049,-0.026934769
198,1437154493952,-7.1365166,6.651691,0.0005985504
199,1437154493977,-7.1472907,6.6103907,-0.010773907
200,1437154493993,-7.088034,6.5577183,0.009576807
201,1437154494013,-7.088034,6.518214,0.014963761
202,1437154494033,-7.129334,6.4924765,0.03172317
203,1437154494054,-7.217321,6.529587,0.060453594
204,1437154494076,-7.2604165,6.5607114,0.047285482
205,1437154494096,-7.185598,6.603208,0.05327099
206,1437154494116,-7.071873,6.5828576,0.049081136
207,1437154494134,-7.0886326,6.5846534,0.0053869537
208,1437154494153,-7.073669,6.56131,0.019752163
209,1437154494176,-7.0329676,6.503849,-0.007182605
210,1437154494194,-7.2191167,6.6391215,-0.0664391
211,1437154494215,-7.355586,6.6905966,-0.1436521
212,1437154494236,-7.2951326,6.6708446,-0.12090719
213,1437154494253,-7.1341224,6.570288,-0.034117375
214,1437154494273,-7.119757,6.6067996,-0.05865794
215,1437154494293,-7.15567,6.5882444,-0.017956512
216,1437154494314,-7.117962,6.613982,-0.074220255
217,1437154494340,-7.1550717,6.63553,-0.11432313
218,1437154494354,-7.103596,6.6415157,-0.142455
219,1437154494376,-7.080253,6.6241574,-0.16879122
220,1437154494393,-7.0646906,6.5696893,-0.15981296
221,1437154494414,-7.1353197,6.6145806,-0.17657238
222,1437154494434,-7.20116,6.616975,-0.20709845
223,1437154494456,-7.193379,6.585252,-0.17597382
224,1437154494476,-7.1251445,6.564901,-0.22864626
225,1437154494552,-7.101202,6.542156,-0.24720132
226,1437154494553,-7.1155677,6.5218053,-0.28670564
227,1437154494554,-7.1987658,6.555324,-0.26515785
228,1437154494555,-7.2490444,6.540959,-0.2717419
229,1437154494575,-7.189189,6.6044054,-0.29508537
230,1437154494596,-7.2885485,6.6175733,-0.31423897
231,1437154494613,-7.2221093,6.612785,-0.29568392
232,1437154494633,-7.1993647,6.6044054,-0.3321955
233,1437154494654,-7.204153,6.6145806,-0.28909984
234,1437154494675,-7.2328835,6.5744777,-0.28072014
235,1437154494694,-7.1832037,6.5726824,-0.24480712
236,1437154494714,-7.1514807,6.5511346,-0.24420857
237,1437154494734,-7.076063,6.5816603,-0.25558102
238,1437154494756,-7.20535,6.670246,-0.28909984
239,1437154494774,-7.3059063,6.699575,-0.3549404
240,1437154494797,-7.2083426,6.595427,-0.25079262
241,1437154494817,-7.047931,6.5349736,-0.21787235
242,1437154494834,-7.1634517,6.5870476,-0.25617957
243,1437154494854,-7.3059063,6.6241574,-0.24121583
244,1437154494874,-7.1365166,6.569091,-0.30885202
245,1437154494894,-7.0245876,6.537368,-0.30526072
246,1437154494917,-7.177817,6.588843,-0.31483752
247,1437154494936,-7.2262993,6.583456,-0.32441434
248,1437154494954,-7.1670427,6.554127,-0.2789245
249,1437154494974,-7.2711906,6.576872,-0.29747957
250,1437154494994,-7.245453,6.5696893,-0.30825347
251,1437154495014,-7.216124,6.506243,-0.23582886
252,1437154495034,-7.2406645,6.5601125,-0.2705448
253,1437154495055,-7.2125325,6.5481415,-0.24899697
254,1437154495074,-7.1544733,6.5589156,-0.22924481
255,1437154495094,-7.1592617,6.6175733,-0.22984336
256,1437154495114,-7.0928226,6.5936313,-0.2160767
257,1437154495134,-7.0724716,6.6175733,-0.22984336
258,1437154495154,-7.107786,6.6606693,-0.23523031
259,1437154495174,-7.1460934,6.68102,-0.260968
260,1437154495198,-7.1191587,6.691794,-0.22924481
261,1437154495217,-7.1490865,6.675633,-0.21068975
262,1437154495282,-7.0886326,6.6361284,-0.20350714
263,1437154495283,-7.07726,6.6486983,-0.20829555
264,1437154495284,-7.077859,6.673837,-0.17477672
265,1437154495298,-6.986879,6.689998,-0.22146365
266,1437154495315,-7.1347213,6.789956,-0.23822308
267,1437154495339,-7.104195,6.7773867,-0.26036942
268,1437154495354,-6.9611416,6.6606693,-0.16819267
269,1437154495374,-6.8773446,6.6564794,-0.16220717
270,1437154495401,-7.0221934,6.697779,-0.18076223
271,1437154495415,-7.1927805,6.751649,-0.15622166
272,1437154495437,-7.1460934,6.7001734,-0.2184709
273,1437154495456,-7.0754647,6.657078,-0.1921347
274,1437154495481,-7.153276,6.666056,-0.19572599
275,1437154495497,-7.143699,6.6564794,-0.22625206
276,1437154495517,-7.089231,6.64391,-0.18914193
277,1437154495538,-7.1808095,6.645107,-0.24001873
278,1437154495556,-7.1820064,6.6295447,-0.2124854
279,1437154495576,-7.1395097,6.5984197,-0.17776948
280,1437154495598,-7.1466923,6.6002154,-0.20231004
281,1437154495616,-7.1808095,6.6002154,-0.18016368
282,1437154495638,-7.119757,6.5726824,-0.17956513
283,1437154495658,-7.125743,6.547543,-0.14305355
284,1437154495677,-7.150882,6.569091,-0.15083471
285,1437154495694,-7.201759,6.6079965,-0.16340427
286,1437154495718,-7.216124,6.633734,-0.15023616
287,1437154495736,-7.189788,6.6229606,-0.13946225
288,1437154495757,-7.132327,6.6026096,-0.12569559
289,1437154495775,-7.0832458,6.6079965,-0.1364695
290,1437154495797,-7.0808516,6.609194,-0.12389994
291,1437154495819,-7.1059904,6.637326,-0.1604115
292,1437154495837,-7.0826473,6.625355,-0.18076223
293,1437154495858,-7.0186024,6.619968,-0.2148796
294,1437154495876,-7.241263,6.6971807,-0.29688102
295,1437154495897,-7.2406645,6.682217,-0.3298013
296,1437154495917,-7.102998,6.542156,-0.20231004
297,1437154495937,-7.0724716,6.5696893,-0.19153613
298,1437154495959,-7.1969705,6.6056023,-0.20111294
299,1437154496036,-7.2071457,6.619369,-0.17537527
300,1437154496037,-7.098808,6.609792,-0.2633622
301,1437154496044,-7.080253,6.6283474,-0.25737667
302,1437154496045,-7.179612,6.7091517,-0.25917232
303,1437154496058,-7.1844006,6.716933,-0.27712885
304,1437154496081,-7.1472907,6.7348895,-0.24899697
305,1437154496095,-7.1113777,6.76781,-0.30705637
306,1437154496123,-7.019201,6.7025676,-0.23762453
307,1437154496135,-6.951565,6.7211227,-0.24959552
308,1437154496155,-7.049727,6.7606273,-0.28072014
309,1437154496184,-7.0754647,6.7654157,-0.21547815
310,1437154496195,-7.047931,6.6947865,-0.24061728
311,1437154496220,-7.0365586,6.6828156,-0.22505496
312,1437154496239,-7.077859,6.634333,-0.22565351
313,1437154496258,-7.037756,6.655881,-0.20649989
314,1437154496278,-7.1113777,6.712743,-0.16998832
315,1437154496297,-7.1460934,6.7205243,-0.13946225
316,1437154496319,-7.113772,6.6989765,-0.109534726
317,1437154496339,-7.0449386,6.715137,-0.09636662
318,1437154496358,-6.9479733,6.704962,-0.078410104
319,1437154496378,-6.959346,6.70556,-0.090381116
320,1437154496400,-6.8785415,6.6325374,-0.075417355
321,1437154496418,-6.988076,6.7121444,-0.11971009
322,1437154496439,-7.199963,6.7324953,-0.16280572
323,1437154496455,-7.191583,6.7402763,-0.13946225
324,1437154496475,-7.121553,6.642114,-0.05327099
325,1437154496495,-7.1347213,6.692991,-0.090979666
326,1437154496521,-7.1790137,6.6732388,-0.090979666
327,1437154496541,-7.031172,6.6469026,-0.110133275
328,1437154496562,-7.016208,6.611588,-0.15322891
329,1437154496578,-7.0874357,6.669647,-0.16579847
330,1437154496597,-7.156269,6.7025676,-0.17298107
331,1437154496615,-7.1311297,6.619968,-0.1448492
332,1437154496636,-7.1832037,6.630143,-0.10175357
333,1437154496658,-7.2328835,6.5948286,-0.11851298
334,1437154496676,-7.1808095,6.55293,-0.04369418
335,1437154496748,-7.189189,6.5379663,-0.06284779
336,1437154496749,-7.1484876,6.521207,-0.074818805
337,1437154496750,-7.1353197,6.4990606,-0.092176765
338,1437154496758,-7.1664443,6.554127,-0.11731588
339,1437154496779,-7.1927805,6.588843,-0.107140526
340,1437154496802,-7.157466,6.6056023,-0.02633622
341,1437154496815,-7.1867948,6.6271505,0.019752163
342,1437154496835,-7.185598,6.640917,0.08080431
343,1437154496869,-7.1407065,6.647501,0.06344634
344,1437154496878,-7.04015,6.633136,0.037110128
345,1437154496898,-6.956353,6.661866,-0.0047884034
346,1437154496917,-7.0132155,6.7103486,-0.044292733
347,1437154496936,-7.038953,6.7091517,-0.089184016
348,1437154496959,-6.9222355,6.6205664,-0.08499416
349,1437154496979,-7.109582,6.6947865,-0.11432313
350,1437154496999,-7.3071036,6.736685,-0.17896658
351,1437154497019,-7.16405,6.6522894,-0.11791443
352,1437154497039,-7.045537,6.578069,-0.06284779
353,1437154497059,-7.129334,6.655282,-0.11731588
354,1437154497078,-7.1945763,6.700772,-0.12449849
355,1437154497099,-7.1023993,6.7187285,-0.15263036
356,1437154497119,-6.999449,6.716933,-0.17597382
357,1437154497139,-6.9348054,6.71813,-0.16460137
358,1437154497159,-7.026982,6.7761893,-0.16400282
359,1437154497179,-6.9731126,6.71813,-0.14664486
360,1437154497199,-7.0347633,6.803723,-0.11611878
361,1437154497219,-7.1131735,6.8522053,-0.14604631
362,1437154497239,-7.0156097,6.8085113,-0.0796072
363,1437154497259,-6.913856,6.8025255,-0.08200141
364,1437154497279,-6.928221,6.8103065,-0.06344634
365,1437154497299,-6.9342065,6.819285,-0.0676362
366,1437154497316,-6.929418,6.827066,-0.0712275
367,1437154497339,-6.940192,6.8522053,-0.091578215
368,1437154497359,-6.918046,6.8749504,-0.11911154
369,1437154497378,-6.901885,6.839636,-0.11252748
370,1437154497409,-6.9461775,6.805518,-0.10175357
371,1437154497471,-6.969521,6.791153,-0.09756372
372,1437154497472,-7.045537,6.779781,-0.09696517
373,1437154497483,-7.0467343,6.736685,-0.088585466
374,1437154497484,-7.0688806,6.7163343,-0.12090719
375,1437154497496,-6.9485717,6.661866,-0.12030864
376,1437154497519,-7.0700774,6.7624226,-0.12330139
377,1437154497536,-7.1688385,6.811504,-0.15382746
378,1437154497556,-7.0886326,6.727108,-0.07182605
379,1437154497581,-7.0036387,6.6840124,-0.016759412
380,1437154497596,-6.9892735,6.727108,-0.034715924
381,1437154497619,-7.0461354,6.782175,-0.0011971008
382,1437154497640,-6.939594,6.7851677,-0.040102877
383,1437154497659,-6.892308,6.7654157,-0.10175357
384,1437154497676,-6.9611416,6.7606273,-0.12808979
385,1437154497700,-6.993463,6.7324953,-0.15322891
386,1437154497719,-6.996456,6.6588736,-0.13587095
387,1437154497741,-7.114969,6.637924,-0.16280572
388,1437154497759,-7.1963716,6.6367273,-0.15083471
389,1437154497780,-7.221511,6.591237,-0.08619126
390,1437154497800,-7.2268977,6.625953,-0.14185645
391,1437154497820,-7.2071457,6.634333,-0.1364695
392,1437154497840,-7.1592617,6.63553,-0.10594343
393,1437154497861,-7.0904284,6.6445084,-0.14664486
394,1437154497876,-7.093421,6.671443,-0.13227965
395,1437154497900,-7.107786,6.715736,-0.1412579
396,1437154497920,-7.0581064,6.730101,-0.10354923
397,1437154497939,-7.017405,6.743868,-0.08738836
398,1437154497959,-6.989872,6.795343,-0.10055647
399,1437154497977,-6.967127,6.7881603,-0.11611878
400,1437154497996,-6.851008,6.76362,-0.14305355
401,1437154498016,-6.971317,6.803723,-0.16879122
402,1437154498040,-6.999449,6.782175,-0.20829555
403,1437154498060,-7.04434,6.7187285,-0.19153613
404,1437154498080,-7.2143283,6.6852098,-0.11731588
405,1437154498100,-7.227496,6.6187706,-0.107140526
406,1437154498119,-7.2245035,6.5307837,0.0077811554
407,1437154498280,-6.9611416,6.6361284,-0.13587095
408,1437154498281,-7.171831,6.8581905,-0.320823
409,1437154498282,-7.253234,6.917447,-0.1945289
410,1437154498283,-6.9886746,6.8743515,-0.23642741
411,1437154498284,-6.9006877,6.9348054,-0.24181437
412,1437154498285,-6.895301,6.992266,-0.207697
413,1437154498286,-7.012018,7.031172,-0.2136825
414,1437154498287,-6.973711,6.983288,-0.15861586
415,1437154498327,-6.9665284,6.975507,-0.14903906
416,1437154498328,-7.0168066,6.951565,-0.1412579
417,1437154498337,-6.9796963,6.9186444,-0.08080431
418,1437154498359,-6.927024,6.9120603,-0.022744916
419,1437154498406,-7.0425444,6.8653736,0.04369418
420,1437154498407,-7.116166,6.7648168,0.23343466
421,1437154498417,-6.969521,6.715137,0.35553896
422,1437154498439,-7.1191587,6.7522473,0.43514615
423,1437154498461,-7.0449386,6.657078,0.58119243
424,1437154498476,-6.8749504,6.703166,0.760159
425,1437154498498,-6.896498,6.7893577,0.79487497
426,1437154498518,-6.8204823,6.869563,0.8182184
427,1437154498536,-6.703765,6.8324533,0.8690952
428,1437154498558,-6.661866,6.8480153,0.9451111
429,1437154498579,-6.627749,6.8545995,1.0642227
430,1437154498599,-6.613384,7.0245876,1.1109096
431,1437154498627,-6.5218053,7.314286,0.9876082
432,1437154498636,-6.461352,7.433996,0.8738836
433,1437154498656,-6.325481,7.325659,0.99778354
434,1437154498676,-6.3488245,7.2149267,1.3521254
435,1437154498696,-6.0208187,7.0485296,1.4185646
436,1437154498716,-5.4845176,7.241263,1.1761516
437,1437154498736,-5.6341553,7.5722613,0.99658644
438,1437154498756,-5.9268465,7.6943655,1.0815806
439,1437154498776,-5.649119,7.700351,1.115698
440,1437154498799,-5.4857144,7.9008656,0.99060094
441,1437154498819,-5.405509,7.961918,0.8726865
442,1437154498837,-5.3157263,8.009203,0.9923966
443,1437154498858,-5.602432,7.9583263,1.0887632
444,1437154498877,-5.7574563,7.8344264,1.292869
445,1437154498899,-5.3007627,7.961918,1.1965023
446,1437154498918,-4.872799,8.352771,0.8690952
447,1437154498943,-4.924873,8.4347725,0.7733272
448,1437154498983,-4.936844,8.2169,0.9600749
449,1437154498984,-5.0876784,8.095394,1.091756
450,1437154498997,-5.167286,7.9828672,1.1360487
451,1437154499019,-5.1439424,8.051102,1.0785879
452,1437154499037,-5.3941364,7.891887,1.1168951
453,1437154499057,-5.192425,7.819463,1.1360487
454,1437154499079,-5.037999,8.025364,0.96306765
455,1437154499099,-5.221155,8.161834,0.76195467
456,1437154499119,-5.5084596,8.168418,0.6751649
457,1437154499138,-5.6976013,8.034941,0.8206126
458,1437154499161,-5.8783636,7.727885,1.0582372
459,1437154499179,-5.4863133,7.5429325,1.091756
460,1437154499197,-5.0320134,7.841609,0.8122329
461,1437154499221,-5.258864,8.186973,0.75357497
462,1437154499241,-5.3318872,8.157643,0.8559271
463,1437154499261,-4.7560816,8.134899,1.1228806
464,1437154499278,-4.5286326,7.875128,1.0426749
465,1437154499300,-3.9228995,8.084022,0.93134445
466,1437154499320,-3.8391025,8.41921,0.4902128
467,1437154499341,-4.5034933,8.6496525,0.16280572
468,1437154499358,-4.630985,8.735844,-0.061052144
469,1437154499379,-4.7177744,8.656237,-0.06344634
470,1437154499402,-4.5100775,8.643666,-0.18255788
471,1437154499421,-4.4328647,8.910022,-0.439336
472,1437154499439,-4.697424,9.16261,-0.54647654
473,1437154499461,-4.775235,8.979453,-0.40701428
474,1437154499483,-4.4663835,8.936956,-0.13706805
475,1437154499501,-4.3065705,8.942344,-0.095768064
476,1437154499522,-4.331111,8.862138,-0.19273324
477,1437154499541,-4.252701,9.123704,-0.207697
478,1437154499562,-4.1078515,8.714295,-0.2861071
479,1437154499579,-4.1659107,8.677784,-0.26994625
480,1437154499601,-4.89315,8.492832,-0.2741361
481,1437154499721,-5.2026005,8.53892,-0.4902128
482,1437154499722,-5.0763063,8.391677,-0.6877344
483,1437154499723,-4.741118,8.29531,-0.81283146
484,1437154499724,-4.6046486,8.545505,-1.0366893
485,1437154499725,-4.4460325,8.962095,-1.5975311
486,1437154499726,-4.291008,9.267955,-2.106299
487,1437154499739,-4.3119574,9.384672,-2.705448
488,1437154499758,-5.4725466,8.995016,-2.8628666
489,1437154499780,-6.18961,7.9870567,-2.5713725
490,1437154499798,-6.7025676,7.15567,-2.3235726
491,1437154499821,-7.466318,6.452972,-1.8501194
492,1437154499839,-7.93199,5.829881,-1.18094
493,1437154499861,-7.9870567,5.45878,-0.45908818
494,1437154499880,-8.005612,5.4126916,-0.1921347
495,1437154499901,-8.115746,5.466561,-0.17896658
496,1437154499922,-7.949947,5.592855,0.012569559
497,1437154499942,-7.699154,5.5748987,-0.019153614
498,1437154499962,-7.415441,5.645528,-0.15263036
499,1437154499981,-7.457938,5.7760115,-0.22325931
500,1437154500001,-7.53156,6.151303,-0.23942018
501,1437154500022,-7.6333137,6.540959,-0.41299978
502,1437154500042,-7.6614456,6.7205243,-0.5422867
503,1437154500062,-7.102998,6.6774287,-0.30226797
504,1437154500082,-6.6121864,6.9024835,-0.19752164
505,1437154500102,-7.0527196,7.091625,-0.22804771
506,1437154500119,-7.0874357,7.253833,-0.10115502
507,1437154500142,-6.9090676,7.2089415,-0.037708677
508,1437154500162,-6.915053,7.165247,-0.037708677
509,1437154500181,-6.879739,7.1071877,0.038905777
510,1437154500200,-6.7468605,7.020398,0.08200141
511,1437154500222,-6.7211227,7.045537,0.088585466
512,1437154500256,-6.9623384,6.9689226,0.19393034
513,1437154500259,-6.9988503,6.854001,0.18555063
514,1437154500279,-6.807314,6.6564794,0.23403321
515,1437154500299,-6.603807,6.5619082,0.32142156
516,1437154500319,-6.815694,6.487688,0.2825158
517,1437154500339,-6.9677253,6.4846954,0.23343466
518,1437154500360,-7.129334,6.4685345,0.15861586
519,1437154500443,-7.1466923,6.540959,0.053869538
520,1437154500444,-7.1861963,6.59423,-0.10235212
521,1437154500445,-7.100005,6.663662,-0.21547815
522,1437154500446,-7.111976,6.7085533,-0.3728969
523,1437154500460,-7.1844006,6.75943,-0.4973954
524,1437154500480,-7.177817,6.7612257,-0.59495914
525,1437154500501,-7.1251445,6.703765,-0.7110779
526,1437154500520,-7.031172,6.6750345,-0.7248446
527,1437154500543,-6.977901,6.5840545,-0.7272388
528,1437154500563,-7.0766616,6.6271505,-0.60453594
529,1437154500579,-7.1724296,6.6923923,-0.6596026
530,1437154500601,-7.264008,6.727108,-0.6607997
531,1437154500629,-7.2939353,6.7187285,-0.64703304
532,1437154500641,-7.3310456,6.701969,-0.6362591
533,1437154500661,-7.4776907,6.469133,-0.43993455
534,1437154500683,-7.48607,6.242881,-0.12749124
535,1437154500702,-7.5590935,6.136339,-0.05626374
536,1437154500721,-7.53994,6.120178,-0.089782566
537,1437154500743,-7.228095,6.2219315,-0.16819267
538,1437154500762,-7.189189,6.4858923,-0.3184288
539,1437154500782,-7.306505,6.6564794,-0.43634325
540,1437154500802,-7.0766616,6.88333,-0.53330845
541,1437154500820,-6.937798,6.9569516,-0.63087213
542,1437154500842,-6.849811,6.937798,-0.5793968
543,1437154500860,-6.699575,6.923433,-0.6123171
544,1437154500881,-6.9126587,6.9348054,-0.5291186
545,1437154500902,-6.975507,6.8049197,-0.49559975
546,1437154500922,-6.885724,6.791153,-0.4369418
547,1437154500940,-6.9970546,6.8468184,-0.4309563
548,1437154500960,-6.976105,6.975507,-0.5093664
549,1437154500983,-6.908469,6.9988503,-0.53809685
550,1437154501003,-6.751649,7.0090256,-0.5722142
551,1437154501022,-6.745663,6.9796963,-0.62728083
552,1437154501043,-6.9108634,6.9024835,-0.44711718
553,1437154501061,-6.907272,6.7534447,-0.3878607
554,1437154501082,-7.0970125,6.770204,-0.2621651
555,1437154501101,-7.1431007,6.6762314,-0.17597382
556,1437154501123,-7.150882,6.637924,-0.09636662
557,1437154501145,-7.125743,6.643311,-0.10055647
558,1437154501220,-7.1006036,6.6959834,-0.077811554
559,1437154501221,-7.211934,6.7013707,-0.008978256
560,1437154501222,-7.1844006,6.6959834,0.034715924
561,1437154501223,-7.0593038,6.646304,0.050876785
562,1437154501241,-6.901885,6.5720835,0.12629414
563,1437154501263,-6.9557543,6.5666966,0.107140526
564,1437154501280,-6.9719152,6.59004,0.09636662
565,1437154501306,-7.0826473,6.595427,0.092775315
566,1437154501320,-7.2089415,6.5924344,0.062249243
567,1437154501342,-7.231686,6.5720835,0.0688333
568,1437154501366,-7.165247,6.5247984,0.06464344
569,1437154501381,-7.189788,6.527791,0.022146367
570,1437154501403,-7.105392,6.52001,-0.0011971008
571,1437154501423,-7.0467343,6.616975,-0.054468088
572,1437154501442,-7.2747817,6.7145386,-0.107140526
573,1437154501463,-7.3029137,6.667852,-0.048482586
574,1437154501483,-7.2101383,6.5601125,0.09935937
575,1437154501503,-7.117363,6.6283474,0.12210429
576,1437154501523,-7.0227923,6.737882,0.075417355
577,1437154501547,-6.82946,6.8480153,0.011971008
578,1437154501561,-6.8306575,6.928221,0.05267244
579,1437154501617,-6.791752,7.00723,0.01316811
580,1437154501618,-6.76781,6.997653,0.010175358
581,1437154501623,-6.678027,6.9545574,0.05626374
582,1437154501642,-6.7342906,6.980295,0.0017956513
583,1437154501663,-6.8222775,7.0006456,-0.017956512
584,1437154501691,-6.8330517,6.9623384,0.035314474
585,1437154501851,-6.770204,6.959346,-0.044891283
586,1437154501852,-6.7803793,6.9437833,-0.04129998
587,1437154501865,-6.7402763,6.9437833,-0.049679685
588,1437154501866,-6.6983776,6.9485717,-0.11312603
589,1437154501867,-6.7121444,6.9904704,-0.16759412
590,1437154501868,-6.7827735,6.9844847,-0.18974048
591,1437154501869,-6.839636,6.956353,-0.16519992
592,1437154501870,-6.965331,6.9318123,-0.15502456
593,1437154501871,-6.9252286,6.893505,-0.16938977
594,1437154502055,-6.9132576,6.88333,-0.15861586
595,1437154502056,-6.909666,6.8647747,-0.14844051
596,1437154502057,-6.8683662,6.8330517,-0.13108255
597,1437154502058,-6.9491706,6.8522053,-0.130484
598,1437154502059,-6.9581485,6.8109055,-0.12868834
599,1437154502060,-6.872556,6.7708025,-0.12210429
600,1437154502061,-7.0156097,6.841431,-0.13826515
601,1437154502062,-7.1484876,6.8689647,-0.16160862
602,1437154502063,-7.0126166,6.799533,-0.08020575
603,1437154502064,-6.9264255,6.841431,-0.037708677
604,1437154502088,-6.985682,6.8881183,-0.08020575
605,1437154502105,-6.9102645,6.87914,-0.040102877
606,1437154502122,-6.770204,6.8450227,-0.037708677
607,1437154502141,-6.719327,6.8127007,-0.061052144
608,1437154502160,-6.7743936,6.8528037,-0.06284779
609,1437154502180,-6.9485717,6.896498,-0.092775315
610,1437154502200,-6.8623805,6.913856,-0.0796072
611,1437154502222,-6.8743515,6.940192,-0.093373865
612,1437154502243,-6.953959,7.01142,-0.11372458
613,1437154502262,-6.8330517,6.988076,-0.10654198
614,1437154502283,-6.807314,6.9970546,-0.091578215
615,1437154502302,-6.819285,6.9796963,-0.047285482
616,1437154502324,-6.7690067,6.937798,0.005985504
617,1437154502343,-6.7845693,6.928221,0.0035913025
618,1437154502362,-6.783372,6.9024835,0.050876785
619,1437154502382,-6.8043213,6.903681,0.050278235
620,1437154502403,-6.8426285,6.8893156,0.008379706
621,1437154502422,-6.9485717,6.9348054,0.039504327
622,1437154502444,-6.903681,6.918046,-0.017956512
623,1437154502463,-6.9342065,6.861782,0.049081136
624,1437154502482,-6.91625,6.8067155,0.073023155
625,1437154502501,-6.9144545,6.783372,0.12030864
626,1437154502523,-6.9557543,6.7648168,0.13946225
627,1437154502549,-6.8761473,6.7133417,0.12030864
628,1437154502625,-7.035362,6.7654157,0.1412579
629,1437154502626,-7.1059904,6.7965403,0.12569559
630,1437154502627,-7.1185603,6.7642183,0.19093758
631,1437154502628,-7.005434,6.754043,0.23223756
632,1437154502642,-6.9557543,6.8246717,0.2136825
633,1437154502669,-6.944382,6.8240733,0.22505496
634,1437154502681,-6.8480153,6.791153,0.19512744
635,1437154502702,-6.8947024,6.8109055,0.2088941
636,1437154502722,-6.9820905,6.8246717,0.2100912
637,1437154502742,-6.994062,6.813898,0.19153613
638,1437154502762,-6.879739,6.6882024,0.20709845
639,1437154502782,-7.0305734,6.7241154,0.18315643
640,1437154502804,-7.095815,6.706159,0.15801731
641,1437154502822,-7.177218,6.688801,0.24779987
642,1437154502844,-7.15986,6.6295447,0.18136078
643,1437154502862,-7.1550717,6.576872,0.24001873
644,1437154502885,-7.129334,6.551733,0.26276365
645,1437154502904,-7.1610575,6.600814,0.24420857
646,1437154502924,-7.0766616,6.5762734,0.27353755
647,1437154502944,-7.0461354,6.5906386,0.29388827
648,1437154502961,-7.131728,6.6271505,0.29747957
649,1437154502983,-7.153875,6.63134,0.2705448
650,1437154503004,-7.103596,6.6492968,0.2789245
651,1437154503023,-7.137714,6.6720414,0.2621651
652,1437154503045,-7.0874357,6.6804214,0.2220622
653,1437154503065,-7.0275807,6.6654577,0.24301147
654,1437154503083,-7.0706763,6.682217,0.21547815
655,1437154503105,-7.093421,6.673837,0.22565351
656,1437154503125,-7.00723,6.613982,0.2789245
657,1437154503145,-7.1023993,6.646304,0.2657564
658,1437154503167,-7.257424,6.703166,0.22385786
659,1437154503183,-7.1251445,6.657078,0.26036942
660,1437154503203,-6.9784994,6.599617,0.3345897
661,1437154503222,-7.0461354,6.6504936,0.28311434
662,1437154503243,-7.1065893,6.7085533,0.31543607
663,1437154503262,-7.1155677,6.6923923,0.33279404
664,1437154503282,-7.0329676,6.6744356,0.36391866
665,1437154503335,-6.991069,6.7013707,0.3465607
666,1437154503336,-6.989872,6.7803793,0.3172317
667,1437154503344,-6.8330517,6.743868,0.28790274
668,1437154503362,-6.8450227,6.831256,0.28670564
669,1437154503382,-6.929418,6.8881183,0.1933318
670,1437154503402,-6.8761473,6.8605847,0.2789245
671,1437154503422,-6.867169,6.8623805,0.23523031
672,1437154503442,-6.9144545,6.8342485,0.23463176
673,1437154503464,-6.952163,6.8144965,0.25677812
674,1437154503482,-6.9982514,6.7426705,0.23223756
675,1437154503504,-7.005434,6.742072,0.25438392
676,1437154503523,-7.0766616,6.7402763,0.23822308
677,1437154503542,-7.0425444,6.743868,0.22924481
678,1437154503563,-7.03596,6.742072,0.23523031
679,1437154503583,-7.018004,6.7091517,0.19991584
680,1437154503603,-6.9928646,6.694188,0.21428105
681,1437154503624,-7.0712748,6.742072,0.1933318
682,1437154503645,-7.086837,6.747459,0.19153613
683,1437154503665,-7.008427,6.717531,0.18255788
684,1437154503685,-7.001843,6.700772,0.19093758
685,1437154503703,-6.9557543,6.6828156,0.17537527
686,1437154503725,-7.041946,6.7067575,0.1921347
687,1437154503744,-7.199963,6.7504516,0.12988544
688,1437154503763,-7.1568675,6.6786256,0.16938977
689,1437154503786,-7.057508,6.6564794,0.24959552
690,1437154503803,-7.053917,6.6852098,0.18555063
691,1437154503824,-7.0862384,6.697779,0.22505496
692,1437154503843,-7.00723,6.6786256,0.17657238
693,1437154503866,-6.9461775,6.731298,0.11252748
694,1437154503891,-6.9988503,6.773795,0.12868834
695,1437154503905,-7.005434,6.7881603,0.077213004
696,1437154503923,-6.969521,6.6852098,0.109534726
697,1437154503943,-7.0527196,6.739678,0.11372458
698,1437154503963,-7.091625,6.728904,0.095768064
699,1437154503984,-7.057508,6.71813,0.17537527
700,1437154504003,-7.0227923,6.727108,0.11911154
701,1437154504072,-7.0527196,6.7229185,0.15023616
702,1437154504073,-7.0221934,6.7265096,0.1364695
703,1437154504074,-7.0275807,6.7606273,0.11971009
704,1437154504094,-6.968324,6.740875,0.09636662
705,1437154504102,-6.9581485,6.706159,0.11492168
706,1437154504126,-7.035362,6.723517,0.12629414
707,1437154504143,-7.076063,6.706159,0.11611878
708,1437154504162,-7.1047935,6.6965823,0.107140526
709,1437154504183,-7.1047935,6.683414,0.10235212
710,1437154504203,-7.1101804,6.6947865,0.108936176
711,1437154504225,-7.0742674,6.658275,0.08020575
712,1437154504244,-7.0994067,6.657676,0.095768064
713,1437154504266,-7.140108,6.647501,0.091578215
714,1437154504283,-7.073669,6.6510925,0.13467385
715,1437154504303,-7.0593038,6.6630635,0.09756372
716,1437154504326,-7.2029557,6.727108,0.073621705
717,1437154504346,-7.193379,6.6983776,0.08499416
718,1437154504366,-7.091027,6.633136,0.19273324
719,1437154504386,-6.9862804,6.646304,0.18195933
720,1437154504403,-7.0874357,6.6959834,0.16519992
721,1437154504424,-6.96593,6.646304,0.18255788
722,1437154504446,-6.6367273,6.579865,0.22266077
723,1437154504464,-6.9850836,6.634333,0.2621651
724,1437154504485,-7.0808516,6.706159,0.16340427
725,1437154504504,-7.1586633,6.637326,0.1448492
726,1437154504525,-7.21373,6.6079965,0.11731588
727,1437154504545,-7.301118,6.576872,0.009576807
728,1437154504563,-7.343615,6.581062,-0.019153614
729,1437154504586,-7.295731,6.563704,-0.04129998
730,1437154504608,-7.20954,6.5325794,-0.06404489
731,1437154504626,-7.2191167,6.4990606,-0.047285482
732,1437154504646,-7.2059484,6.4721255,-0.002992752
733,1437154504664,-7.2245035,6.4248405,0.049679685
734,1437154504684,-7.231686,6.3488245,0.10594343
735,1437154504705,-7.2544312,6.3685765,0.12749124
736,1437154504735,-7.4232225,6.3368535,0.077811554
737,1437154504804,-7.4495587,6.275801,0.078410104
738,1437154504805,-7.543531,6.2339025,0.0676362
739,1437154504806,-7.6883802,6.201581,0.055066638
740,1437154504807,-7.7081323,6.125565,0.05746084
741,1437154504823,-7.667431,6.042965,0.065242
742,1437154504846,-7.647679,5.957372,0.11971009
743,1437154504864,-7.714118,5.876568,0.16101007
744,1437154504886,-7.665635,5.7903767,0.16460137
745,1437154504906,-7.755418,5.817312,0.1933318
746,1437154504925,-7.9152308,5.8454432,0.17357962
747,1437154504947,-7.948151,5.767632,0.22146365
748,1437154504966,-7.908048,5.713164,0.25617957
749,1437154504984,-7.9427643,5.707178,0.23044191
750,1437154505005,-7.913435,5.6856303,0.26036942
751,1437154505027,-7.85777,5.6485205,0.22984336
752,1437154505043,-7.8212585,5.5766945,0.23882163
753,1437154505064,-7.9307933,5.5641246,0.23523031
754,1437154505087,-8.019379,5.5431757,0.22146365
755,1437154505104,-7.929596,5.4521956,0.24361002
756,1437154505128,-8.0445175,5.4791307,0.22625206
757,1437154505143,-8.099585,5.492897,0.20649989
758,1437154505164,-7.9870567,5.437232,0.27114335
759,1437154505187,-7.957728,5.4246626,0.23523031
760,1437154505209,-8.023568,5.4539914,0.24660277
761,1437154505227,-8.100781,5.4324436,0.25019407
762,1437154505244,-8.114548,5.403713,0.24959552
763,1437154505264,-8.101978,5.349245,0.26994625
764,1437154505290,-8.1402855,5.373187,0.24001873
765,1437154505304,-8.149264,5.3941364,0.23882163
766,1437154505324,-8.146272,5.357026,0.23882163
767,1437154505344,-8.159439,5.3923407,0.23822308
768,1437154505363,-8.179192,5.397728,0.26874915
769,1437154505390,-8.123527,5.4091,0.2717419
770,1437154505418,-8.061277,5.3887496,0.28311434
771,1437154505424,-8.028955,5.380968,0.29568392
772,1437154505444,-8.127118,5.395932,0.29628247
773,1437154505464,-8.106767,5.3618145,0.29807812
774,1437154505484,-8.136096,5.4384294,0.2896984
775,1437154505515,-8.249821,5.478532,0.207697
776,1437154505532,-8.128315,5.459977,0.2765303
777,1437154505547,-7.9607205,5.467758,0.3172317
778,1437154505564,-7.9206176,5.525219,0.23582886
779,1437154505584,-7.897873,5.597045,0.27473465
780,1437154505604,-7.933786,5.7029886,0.23942018
781,1437154505624,-7.769783,5.73112,0.19393034
782,1437154505644,-7.6470804,5.7790046,0.22146365
783,1437154505664,-7.735666,5.8562174,0.19812019
784,1437154505684,-7.701548,5.876568,0.17417817
785,1437154505707,-7.750031,5.969343,0.18734628
786,1437154505726,-7.7039423,6.003461,0.12569559
787,1437154505746,-7.6680293,5.9944825,0.18614918
788,1437154505766,-7.66384,6.063316,0.15083471
789,1437154505788,-7.6147585,6.0704985,0.1316811
790,1437154505806,-7.6572556,6.0704985,0.20590134
791,1437154505827,-7.644686,6.0621185,0.17417817
792,1437154505844,-7.619547,6.1159883,0.2124854
793,1437154505866,-7.6171527,6.121375,0.2172738
794,1437154505888,-7.517793,6.1022215,0.19273324
795,1437154505908,-7.451354,6.121375,0.2100912
796,1437154505926,-7.487866,6.113594,0.207697
797,1437154505946,-7.5171947,6.157288,0.22984336
798,1437154505967,-7.5411367,6.172252,0.28550854
799,1437154505986,-7.4465656,6.1608796,0.25857377
800,1437154506005,-7.4088573,6.196194,0.25438392
801,1437154506026,-7.4687123,6.2303114,0.26276365
802,1437154506044,-7.3789296,6.2045736,0.25617957
803,1437154506069,-7.415441,6.281787,0.23223756
804,1437154506089,-7.555502,6.323685,0.18076223
805,1437154506109,-7.392098,6.26383,0.2184709
806,1437154506128,-7.2909427,6.22672,0.2681506
807,1437154506145,-7.399879,6.339846,0.19991584
808,1437154506164,-7.447763,6.3500214,0.18794483
809,1437154506184,-7.3202715,6.2644286,0.17238252
810,1437154506208,-7.253234,6.2488666,0.15861586
811,1437154506226,-7.387908,6.3584013,0.12030864
812,1437154506298,-7.447763,6.3829417,0.10175357
813,1437154506299,-7.3088994,6.333262,0.15083471
814,1437154506300,-7.3897038,6.4350157,0.108337626
815,1437154506309,-7.435792,6.488885,0.074220255
816,1437154506327,-7.345411,6.451775,0.14724341
817,1437154506347,-7.247847,6.4685345,0.1316811
818,1437154506365,-7.2262993,6.4457893,0.14664486
819,1437154506385,-7.2568254,6.4709287,0.17956513
820,1437154506406,-7.233482,6.4751186,0.1340753
821,1437154506426,-7.255628,6.4709287,0.15263036
822,1437154506446,-7.2723875,6.485294,0.1604115
823,1437154506467,-7.2951326,6.501455,0.16819267
824,1437154506485,-7.2286935,6.4751186,0.17776948
825,1437154506509,-7.211934,6.4577603,0.19871874
826,1437154506528,-7.249643,6.4846954,0.20290859
827,1437154506548,-7.243657,6.4781113,0.19692309
828,1437154506567,-7.2233067,6.4643445,0.2160767
829,1437154506588,-7.221511,6.4541693,0.24181437
830,1437154506609,-7.315483,6.497265,0.260968
831,1437154506628,-7.2352777,6.4840965,0.23104046
832,1437154506648,-7.33344,6.5565214,0.20709845
833,1437154506668,-7.2819643,6.543952,0.16759412
834,1437154506687,-7.213131,6.481104,0.28670564
835,1437154506709,-7.161656,6.4751186,0.29628247
836,1437154506728,-7.225102,6.4751186,0.28191724
837,1437154506748,-7.2203135,6.475717,0.30107087
838,1437154506767,-7.1466923,6.4631476,0.24361002
839,1437154506788,-7.1700354,6.4386067,0.24600422
840,1437154506808,-7.2430587,6.4990606,0.22146365
841,1437154506828,-7.2981253,6.4661403,0.17896658
842,1437154506848,-7.231686,6.479308,0.23223756
843,1437154506865,-7.3747396,6.5188127,0.18555063
844,1437154506888,-7.3100963,6.489484,0.16160862
845,1437154506908,-7.2448545,6.491279,0.2148796
846,1437154506927,-7.2286935,6.493075,0.17597382
847,1437154506955,-7.1939774,6.518214,0.21428105
848,1437154507012,-7.1670427,6.5457473,0.19093758
849,1437154507013,-7.20954,6.5762734,0.16519992
850,1437154507014,-7.1903863,6.575675,0.16639702
851,1437154507035,-7.165247,6.553529,0.17118542
852,1437154507045,-7.1712327,6.5601125,0.19512744
853,1437154507069,-7.1969705,6.5738792,0.19572599
854,1437154507086,-7.179612,6.587646,0.23104046
855,1437154507105,-7.1263413,6.615179,0.2208651
856,1437154507130,-7.1113777,6.602011,0.23463176
857,1437154507146,-7.1227503,6.609792,0.26156655
858,1437154507165,-7.156269,6.619369,0.25797522
859,1437154507193,-7.0940194,6.597223,0.29388827
860,1437154507206,-7.0593038,6.6205664,0.27234045
861,1437154507226,-7.2508397,6.737882,0.23822308
862,1437154507249,-7.1861963,6.6905966,0.22385786
863,1437154507269,-6.915652,6.622362,0.3321955
864,1437154507289,-6.9222355,6.697779,0.30945057
865,1437154507309,-6.9731126,6.7881603,0.30526072
866,1437154507329,-6.9820905,6.7947445,0.3184288
867,1437154507349,-6.882133,6.7827735,0.28550854
868,1437154507369,-6.88333,6.827066,0.2896984
869,1437154507390,-6.88333,6.862979,0.29867667
870,1437154507410,-6.783372,6.8282633,0.3321955
871,1437154507429,-6.937798,6.872556,0.3274071
872,1437154507450,-7.0221934,6.8767457,0.2825158
873,1437154507467,-6.8809357,6.8288617,0.30765492
874,1437154507487,-6.9102645,6.8569937,0.26276365
875,1437154507506,-6.9264255,6.823475,0.30765492
876,1437154507531,-6.893505,6.821679,0.32561144
877,1437154507551,-6.913856,6.8109055,0.28431144
878,1437154507572,-6.9066734,6.785766,0.3465607
879,1437154507589,-6.9503675,6.779182,0.35314476
880,1437154507607,-6.974908,6.779182,0.3549404
881,1437154507626,-6.987478,6.7330937,0.3669114
882,1437154507646,-7.023391,6.643311,0.4297592
883,1437154507673,-7.0467343,6.628946,0.48243165
884,1437154507686,-7.0263834,6.715137,0.45549688
885,1437154507710,-6.9330096,6.870162,0.33997664
886,1437154507726,-6.8109055,6.9731126,0.207697
887,1437154507751,-6.7809777,7.0275807,0.21068975
888,1437154507766,-6.70975,7.0634937,0.17357962
889,1437154507786,-6.7630215,7.0527196,0.18195933
890,1437154507806,-6.8252707,7.0605006,0.23044191
891,1437154507826,-6.6361284,6.918046,0.33159694
892,1437154507846,-6.679224,6.9425864,0.37948096
893,1437154507879,-6.758233,6.9449806,0.3513491
894,1437154507896,-6.711546,6.992266,0.3429694
895,1437154507906,-6.735488,7.0383544,0.26874915
896,1437154507929,-6.697779,7.047931,0.24061728
897,1437154507952,-6.615179,7.113772,0.22984336
898,1437154507966,-6.452972,7.1622543,0.09995792
899,1437154507999,-6.3177,7.225102,0.10115502
900,1437154508011,-6.543353,7.2233067,0.089782566
901,1437154508026,-6.6882024,7.28376,0.11552023
902,1437154508047,-6.5840545,7.101801,0.16759412
903,1437154508067,-6.755839,7.086837,0.2861071
904,1437154508085,-6.7468605,7.0569096,0.20350714
905,1437154508105,-6.681618,7.053917,0.2669535
906,1437154508125,-6.616975,7.0862384,0.19931729
907,1437154508145,-6.5696893,7.08983,0.16579847
908,1437154508165,-6.642114,7.0754647,0.17298107
909,1437154508188,-6.903082,7.105392,0.16938977
910,1437154508210,-6.894104,7.0449386,0.14903906
911,1437154508229,-6.5325794,7.0006456,0.15442601
912,1437154508249,-6.408081,7.037756,0.1448492
913,1437154508269,-6.601413,7.1849995,0.06284779
914,1437154508289,-6.5924344,7.1730285,0.07062895
915,1437154508309,-6.633136,7.1347213,0.12509704
916,1437154508330,-6.661866,7.0808516,0.06344634
917,1437154508350,-6.8731546,7.0449386,0.11252748
918,1437154508369,-6.88333,6.940192,0.1328782
919,1437154508388,-6.8743515,6.8228765,0.26156655
920,1437154508409,-6.8492126,6.825869,0.22804771
921,1437154508487,-6.8958993,6.8486137,0.19632454
922,1437154508488,-6.9611416,6.918046,0.20231004
923,1437154508489,-6.8528037,6.867768,0.1436521
924,1437154508490,-6.8240733,6.8881183,0.13108255
925,1437154508506,-6.83784,6.9407907,0.08559271
926,1437154508526,-6.8210807,6.932411,0.11671733
927,1437154508546,-6.815694,6.979098,0.1388637
928,1437154508566,-6.7959414,6.8988924,0.11252748
929,1437154508588,-6.6480994,6.892308,0.21667525
930,1437154508606,-6.901885,6.967127,0.16400282
931,1437154508626,-6.8970966,7.0227923,0.10235212
932,1437154508646,-6.8204823,7.0491285,0.10354923
933,1437154508666,-6.7330937,7.0461354,0.035314474
934,1437154508686,-6.59004,7.0808516,0.08798691
935,1437154508706,-6.567295,7.1209545,0.07062895
936,1437154508726,-6.559514,7.1604586,0.0664391
937,1437154508746,-6.569091,7.1670427,0.12150574
938,1437154508766,-6.669049,7.179612,0.12030864
939,1437154508786,-6.694188,7.180211,0.12689269
940,1437154508806,-6.6708446,7.140108,0.14844051
941,1437154508826,-6.6109896,7.077859,0.15741876
942,1437154508846,-6.591237,7.0886326,0.1592144
943,1437154508866,-6.6642604,7.0766616,0.15382746
944,1437154508886,-6.5206084,7.0395517,0.12749124
945,1437154508906,-6.7480574,7.1448965,0.13467385
946,1437154508926,-6.8246717,7.1664443,0.07062895
947,1437154508946,-6.643311,7.043143,0.16879122
948,1437154508966,-6.5565214,7.0341644,0.16639702
949,1437154508990,-6.7109475,7.074866,0.142455
950,1437154509009,-6.7330937,7.0610995,0.13946225
951,1437154509026,-6.654085,7.041946,0.11911154
952,1437154509049,-6.679224,7.047931,0.08798691
953,1437154509070,-6.749853,7.065289,0.08379706
954,1437154509101,-6.723517,7.0634937,0.11791443
955,1437154509115,-6.70975,7.07726,0.10055647
956,1437154509127,-6.7013707,7.076063,0.11192893
957,1437154509147,-6.5936313,7.045537,0.1592144
958,1437154509171,-6.527791,7.107786,0.18076223
959,1437154509187,-6.51582,7.165247,0.14963761
960,1437154509209,-6.5140243,7.2328835,0.16101007
961,1437154509228,-6.4631476,7.2191167,0.16400282
962,1437154509249,-6.543353,7.2687964,0.13946225
963,1437154509271,-6.591237,7.243657,0.11372458
964,1437154509291,-6.616975,7.252037,0.12808979
965,1437154509311,-6.667852,7.2364745,0.14784196
966,1437154509331,-6.558317,7.189788,0.1412579
967,1437154509351,-6.5696893,7.114969,0.20231004
968,1437154509371,-6.553529,7.0688806,0.24061728
969,1437154509391,-6.6486983,7.057508,0.219668
970,1437154509411,-6.6445084,7.0485296,0.22026655
971,1437154509431,-6.6905966,7.049727,0.24361002
972,1437154509452,-6.555923,7.033566,0.2220622
973,1437154509468,-6.7588315,7.0569096,0.23343466
974,1437154509491,-6.809708,7.0886326,0.14844051
975,1437154509511,-6.7624226,6.977302,0.25318682
976,1437154509529,-6.6786256,6.9743094,0.2753332
977,1437154509550,-6.8198833,7.0168066,0.2184709
978,1437154509569,-6.7851677,6.999449,0.2633622
979,1437154509590,-6.8127007,6.9407907,0.31244332
980,1437154509611,-6.7612257,6.927024,0.29568392
981,1437154509632,-6.8228765,6.996456,0.20590134
982,1437154509651,-6.8210807,6.964134,0.13826515
983,1437154509671,-6.7881603,7.005434,0.16101007
984,1437154509689,-6.9826894,6.9689226,0.090979666
985,1437154509710,-6.979098,6.88752,0.12569559
986,1437154509736,-6.918046,6.7959414,0.16639702
987,1437154509810,-6.7522473,6.939594,0.074220255
988,1437154509811,-6.658275,6.969521,0.05686229
989,1437154509812,-6.4098763,7.0341644,0.076015905
990,1437154509813,-6.338649,7.0952168,0.13706805
991,1437154509829,-5.851429,7.16824,0.15861586
992,1437154509852,-5.609016,7.5680714,0.0724246
993,1437154509869,-6.3769565,7.911041,-0.23104046
994,1437154509889,-6.1662664,7.65965,-0.038905777
995,1437154509922,-6.6923923,7.5950065,-0.08080431
996,1437154509930,-7.1502833,7.4166384,-0.22445641
997,1437154509950,-7.1125746,7.20535,0.0005985504
998,1437154509969,-6.9946604,7.029975,0.039504327
999,1437154509991,-6.6965823,6.8049197,0.026934769
1000,1437154510011,-6.667852,6.724714,0.15861586
1001,1437154510031,-6.8486137,6.747459,0.09995792
1002,1437154510051,-6.558317,6.8318543,0.05207389
1003,1437154510071,-6.730101,7.029975,0.053869538
1004,1437154510091,-6.333262,7.1143703,-0.17597382
1005,1437154510111,-6.291962,7.129334,-0.037110128
1006,1437154510131,-7.27957,7.3232646,-0.14664486
1007,1437154510152,-6.8366427,7.069479,-0.27114335
1008,1437154510171,-6.8647747,7.3088994,0.08020575
1009,1437154510189,-7.1670427,7.240066,-0.5057751
1010,1437154510212,-6.183026,7.1251445,-0.30346507
1011,1437154510232,-6.6666546,7.041347,-0.05746084
1012,1437154510253,-6.895301,7.1730285,-0.31423897
1013,1437154510272,-6.3703723,6.9647326,-0.15981296
1014,1437154510292,-6.5265937,7.055114,-0.01316811
1015,1437154510312,-6.725911,7.1353197,-0.28550854
1016,1437154510332,-6.261436,6.8198833,-0.20949265
1017,1437154510352,-6.6600704,6.913856,0.029927522
1018,1437154510372,-6.9491706,7.0395517,-0.17657238
1019,1437154510432,-6.9982514,7.177218,0.010175358
1020,1437154510433,-6.9719152,7.102998,-0.049081136
1021,1437154510434,-6.741473,7.150882,-0.062249243
1022,1437154510459,-6.701969,7.2388687,-0.078410104
1023,1437154510469,-6.4727244,7.345411,-0.20231004
1024,1437154510516,-6.373365,7.273585,-0.20949265
1025,1437154510517,-6.518214,7.313688,-0.0664391
1026,1437154510539,-6.6600704,7.2191167,-0.049081136
1027,1437154510549,-6.4948707,7.021595,0.089782566
1028,1437154510600,-6.6588736,6.917447,0.25917232
1029,1437154510601,-6.6870055,6.8863225,0.18854338
1030,1437154510623,-6.7612257,6.9605427,0.3405752
1031,1437154510683,-6.545149,6.925827,0.2825158
1032,1437154510684,-6.489484,7.193379,0.16819267
1033,1437154510685,-6.5804634,7.381324,0.08140286
1034,1437154510703,-6.443994,7.4028716,0.08678981
1035,1437154510711,-6.4846954,7.385514,0.11971009
1036,1437154510760,-6.341642,7.368156,0.10115502
1037,1437154510761,-6.628946,7.2490444,0.19812019
1038,1437154510792,-6.8444242,7.156269,0.33638534
1039,1437154510793,-6.927024,7.271789,0.33758244
1040,1437154510814,-6.541558,7.318476,0.17776948
1041,1437154510829,-6.257246,7.156269,0.32561144
1042,1437154510852,-6.250662,7.2029557,0.4985925
1043,1437154510872,-6.3470287,7.2472486,0.35913026
1044,1437154510892,-6.339846,7.2185183,0.44771573
1045,1437154510913,-6.4086795,7.257424,0.52612585
1046,1437154510932,-6.4128695,7.2987237,0.41299978
1047,1437154510952,-6.4416,7.2544312,0.5201403
1048,1437154510974,-6.2362967,7.289147,0.43634325
1049,1437154510992,-6.208165,7.3112936,0.36511576
1050,1437154511012,-6.27221,7.4585366,0.362123
1051,1437154511034,-6.330868,7.471705,0.25977087
1052,1437154511051,-6.2865753,7.4208283,0.30765492
1053,1437154511072,-6.335656,7.3472066,0.3274071
1054,1437154511090,-6.3009405,7.264008,0.3441665
1055,1437154511111,-6.371569,7.285556,0.3609259
1056,1437154511131,-6.6109896,7.3472066,0.39683893
1057,1437154511155,-6.5762734,7.3112936,0.37828386
1058,1437154511172,-6.459556,7.2167225,0.50637364
1059,1437154511193,-6.3631897,7.2029557,0.516549
1060,1437154511213,-6.3709707,7.2646065,0.52373165
1061,1437154511231,-6.5002575,7.3059063,0.4261679
1062,1437154511269,-6.266823,7.293337,0.3309984
1063,1437154511270,-6.2566476,7.427412,0.35434186
1064,1437154511298,-6.425439,7.505822,0.23762453
1065,1437154511340,-6.1141925,7.4788876,0.2861071
1066,1437154511341,-6.131551,7.5926123,0.31064767
1067,1437154511359,-6.4421983,7.4723034,0.22864626
1068,1437154511370,-6.4044895,7.340024,0.33638534
1069,1437154511389,-6.5140243,7.197569,0.31064767
1070,1437154511410,-6.645705,7.1568675,0.30346507
1071,1437154511430,-6.689998,7.0844426,0.29628247
1072,1437154511450,-6.6600704,7.015011,0.27473465
1073,1437154511500,-6.43741,6.9958572,0.24720132
1074,1437154511501,-6.215946,7.1125746,0.25019407
1075,1437154511510,-6.317101,7.28795,0.18435353
1076,1437154511530,-6.541558,7.357382,0.1604115
1077,1437154511551,-6.6205664,7.315483,0.17956513
1078,1437154511570,-6.5349736,7.2203135,0.20829555
1079,1437154511593,-6.4846954,7.2268977,0.19871874
1080,1437154511610,-6.543952,7.2310877,0.17298107
1081,1437154511631,-6.6349316,7.264008,0.16400282
1082,1437154511651,-6.6630635,7.2101383,0.15682021
1083,1437154511674,-6.52001,7.1963716,0.18495208
1084,1437154511690,-6.5469446,7.2083426,0.20111294
1085,1437154511713,-6.5128274,7.2424603,0.17537527
1086,1437154511733,-6.513426,7.1748238,0.17058687
1087,1437154511753,-6.530185,7.241263,0.13587095
1088,1437154511775,-6.682217,7.2406645,0.07182605
1089,1437154511795,-6.652888,7.1586633,0.08379706
1090,1437154511814,-6.4284315,7.091625,0.12569559
1091,1437154511834,-6.487688,7.1646485,0.1388637
1092,1437154511854,-6.6109896,7.1945763,0.05925649
1093,1437154511874,-6.5146227,7.1586633,0.110133275
1094,1437154511892,-6.5720835,7.2089415,0.04369418
1095,1437154511912,-6.6427126,7.277775,-0.0017956513
1096,1437154511933,-6.5948286,7.2185183,0.025139118
1097,1437154511954,-6.4864907,7.1939774,0.031124622
1098,1437154511975,-6.527791,7.1425023,0.073023155
1099,1437154511996,-6.5960255,7.161656,0.06464344
1100,1437154512012,-6.6121864,7.169437,0.050876785
1101,1437154512034,-6.528988,7.162853,0.038905777
1102,1437154512132,-6.5511346,7.153276,0.073023155
1103,1437154512133,-6.6079965,7.234679,0.022146367
1104,1437154512134,-6.593033,7.183802,-0.017357962
1105,1437154512135,-6.607398,7.1712327,0.030526072
1106,1437154512136,-6.59423,7.2059484,-0.0047884034
1107,1437154512183,-6.5828576,7.140108,0.08678981
1108,1437154512184,-6.6391215,7.1125746,0.091578215
1109,1437154512206,-6.6666546,7.043741,0.10654198
1110,1437154512242,-6.687604,7.053917,0.107739076
1111,1437154512243,-6.7959414,7.117962,0.06284779
1112,1437154512260,-6.627749,7.088034,0.0724246
1113,1437154512271,-6.5816603,7.041347,0.130484
1114,1437154512290,-6.64391,7.1311297,0.13227965
1115,1437154512315,-6.7546415,7.1448965,0.15861586
1116,1437154512330,-6.7372837,7.1191587,0.14724341
1117,1437154512351,-6.582259,7.1023993,0.1412579
1118,1437154512370,-6.613982,7.138911,0.107140526
1119,1437154512391,-6.6205664,7.1586633,0.08200141
1120,1437154512414,-6.613982,7.08983,0.09636662
1121,1437154512434,-6.741473,7.1251445,0.095768064
1122,1437154512454,-6.7109475,7.065888,0.08020575
1123,1437154512473,-6.618172,7.047931,0.12449849
1124,1437154512494,-6.5726824,7.0610995,0.076614454
1125,1437154512515,-6.6630635,7.1251445,0.08379706
1126,1437154512531,-6.6726403,7.0940194,0.020350715
1127,1437154512551,-6.675633,7.073669,-0.002992752
1128,1437154512571,-6.751649,7.0766616,0.022744916
1129,1437154512594,-6.717531,7.0886326,-0.037708677
1130,1437154512680,-6.721721,7.083844,-0.037708677
1131,1437154512690,-6.7570357,7.0622964,0.023942016
1132,1437154512691,-6.7809777,7.03596,0.04369418
1133,1437154512692,-6.6870055,6.9767036,0.10235212
1134,1437154512693,-6.655881,6.9569516,0.073023155
1135,1437154512725,-6.739079,7.029376,0.12210429
1136,1437154512731,-6.8204823,6.9808936,0.10414778
1137,1437154513072,-6.7253127,6.985682,0.06284779
1138,1437154513073,-6.9348054,7.0227923,0.061650693
1139,1437154513074,-7.0006456,7.028179,0.004189853
1140,1437154513075,-6.8683662,6.9725137,0.10295067
1141,1437154513076,-6.8162923,7.03596,0.11312603
1142,1437154513077,-6.8468184,7.049727,0.047285482
1143,1437154513078,-6.699575,6.977901,0.12030864
1144,1437154513079,-6.647501,6.9767036,0.13706805
1145,1437154513080,-6.6923923,6.959346,0.10654198
1146,1437154513081,-6.694188,6.979098,0.11133038
1147,1437154513082,-6.7163343,6.965331,0.077811554
1148,1437154513083,-6.687604,7.0006456,0.074220255
1149,1437154513084,-6.8330517,7.031172,0.061052144
1150,1437154513085,-6.827665,7.057508,0.08319851
1151,1437154513086,-6.766014,7.03177,0.089184016
1152,1437154513087,-6.729502,6.9904704,0.0700304
1153,1437154513088,-6.694188,6.9838862,0.14425065
1154,1437154513091,-6.746262,6.9904704,0.11671733
1155,1437154513111,-6.7654157,7.0275807,0.12449849
1156,1437154513131,-6.7330937,7.0156097,0.1340753
1157,1437154513151,-6.773795,7.03596,0.130484
1158,1437154513177,-6.7983356,7.0587053,0.11492168
1159,1437154513191,-6.6870055,7.03177,0.11911154
1160,1437154513212,-6.5367694,7.0012445,0.13706805
1161,1437154513231,-6.597821,7.0287776,0.17597382
1162,1437154513251,-6.654085,7.0784574,0.16519992
1163,1437154513273,-6.6893997,7.079056,0.19931729
1164,1437154513291,-6.691195,7.0688806,0.17357962
1165,1437154513311,-6.6504936,7.101202,0.14664486
1166,1437154513332,-6.751649,7.1688385,0.08439561
1167,1437154513350,-6.671443,7.138911,0.05925649
1168,1437154513373,-6.6492968,7.102998,0.17118542
1169,1437154513393,-6.56131,7.150882,0.110731825
1170,1437154513412,-6.63134,7.1754227,0.1448492
1171,1437154513432,-6.619369,7.138911,0.1388637
1172,1437154513451,-6.589442,7.102998,0.13706805
1173,1437154513471,-6.6828156,7.0275807,0.19093758
1174,1437154513492,-6.8528037,6.847417,0.38307226
1175,1437154513511,-7.2472486,6.3889275,0.9696517
1176,1437154513531,-6.963536,6.2404866,1.1097125
1177,1437154513553,-6.779781,6.517017,0.50278234
1178,1437154513570,-6.911462,6.980295,0.11611878
1179,1437154513592,-6.8881183,7.2664022,-0.19033903
1180,1437154513612,-6.6720414,7.371747,-0.42796355
1181,1437154513632,-6.6079965,7.383718,-0.338181
1182,1437154513653,-6.4805055,7.386112,-0.3669114
1183,1437154513672,-6.5271926,7.32925,-0.31364042
1184,1437154513692,-6.5271926,7.2861543,-0.22146365
1185,1437154513713,-6.5960255,7.253833,-0.17537527
1186,1437154513739,-6.5948286,7.2227077,-0.11851298
1187,1437154513755,-6.5241995,7.2089415,-0.08080431
1188,1437154513772,-6.545149,7.1766195,-0.054468088
1189,1437154513793,-6.542156,7.04015,0.12988544
1190,1437154513815,-6.575675,7.03596,0.2896984
1191,1437154513833,-6.542156,7.1347213,0.11192893
1192,1437154513856,-6.401497,7.1568675,0.05267244
1193,1437154513873,-6.421249,7.2993226,-0.053869538
1194,1437154513894,-6.467936,7.2741833,-0.16579847
1195,1437154513915,-6.4936733,7.2406645,-0.05327099
1196,1437154513935,-6.5864487,7.1706343,-0.06404489
1197,1437154513952,-6.6486983,7.1065893,-0.030526072
1198,1437154513972,-6.877943,7.03177,0.09756372
1199,1437154513994,-6.892308,6.9569516,0.1340753
1200,1437154514014,-6.657676,6.941389,0.008379706
1201,1437154514034,-6.607398,7.1353197,-0.207697
1202,1437154514055,-6.689998,7.3226657,-0.31483752
1203,1437154514073,-6.476914,7.4327993,-0.44113165
1204,1437154514093,-6.3751607,7.4495587,-0.45250413
1205,1437154514115,-6.342839,7.521983,-0.38307226
1206,1437154514134,-6.2542534,7.541735,-0.3776853
1207,1437154514154,-6.154894,7.526173,-0.34835634
1208,1437154514175,-6.2003837,7.4723034,-0.3226187
1209,1437154514194,-6.2746043,7.505822,-0.2777274
1210,1437154514216,-6.235698,7.5291657,-0.28670564
1211,1437154514283,-6.181829,7.6255326,-0.37229836
1212,1437154514284,-5.919065,7.6907744,-0.43634325
1213,1437154514285,-5.8891377,7.924209,-0.7068881
1214,1437154514304,-6.1938,7.868544,-0.6823475
1215,1437154514312,-5.8723783,7.809886,-0.55126494
1216,1437154514336,-6.209362,7.7189064,-0.6619968
1217,1437154514353,-6.688801,7.3747396,-0.39983168
1218,1437154514372,-6.839037,6.9587474,-0.04129998
1219,1437154514392,-6.907272,6.6654577,0.14065935
1220,1437154514413,-7.0012445,6.555923,0.16220717
1221,1437154514439,-7.2472486,6.5247984,0.3633201
1222,1437154514456,-7.3190746,6.5505357,0.42317516
1223,1437154514475,-7.097611,6.6630635,0.374094
1224,1437154514494,-6.905476,6.703765,0.5303157
1225,1437154514514,-6.7606273,6.9078703,0.40402153
1226,1437154514536,-6.8366427,6.9078703,0.42078096
1227,1437154514556,-6.494272,7.0664864,0.34955344
1228,1437154514576,-6.4577603,7.1502833,0.21906945
1229,1437154514593,-6.591836,7.1867948,0.28670564
1230,1437154514614,-6.655881,7.137714,0.23822308
1231,1437154514636,-6.661866,7.0347633,0.2669535
1232,1437154514656,-6.919243,6.950966,0.36990416
1233,1437154514674,-6.769605,6.8402343,0.3890578
1234,1437154514695,-6.725911,6.869563,0.46567222
1235,1437154514716,-7.091027,6.955156,0.44831428
1236,1437154514733,-7.147889,7.076063,0.49081135
1237,1437154514753,-6.931214,6.9252286,0.4794389
1238,1437154514774,-6.76362,6.743269,0.6135142
1239,1437154514793,-6.75524,6.711546,0.6841431
1240,1437154514814,-6.818088,6.6510925,0.74639237
1241,1437154514833,-6.909666,6.7965403,0.7751228
1242,1437154514856,-6.70975,6.8240733,0.6655881
1243,1437154514873,-6.9665284,6.875549,0.76195467
1244,1437154514894,-6.82946,6.7893577,0.78529817
1245,1437154514914,-6.6630635,6.68102,0.85173726
1246,1437154514935,-6.921637,6.8887167,0.7715315
1247,1437154514958,-7.0850415,6.919243,0.6596026
1248,1437154515035,-6.6546836,6.773795,0.7230489
1249,1437154515036,-6.7283053,6.8905125,0.64463884
1250,1437154515037,-6.986879,7.071873,0.4321534
1251,1437154515038,-6.6445084,7.315483,0.30526072
1252,1437154515053,-6.612785,7.4441714,0.22325931
1253,1437154515076,-6.566098,7.3843164,0.2184709
1254,1437154515093,-6.319495,7.195773,0.5566519
1255,1437154515122,-6.364985,7.2005615,0.55365914
1256,1437154515133,-5.8466406,7.4322004,0.16579847
1257,1437154515155,-6.2009826,7.4932528,0.22325931
1258,1437154515181,-6.425439,7.426215,0.34955344
1259,1437154515195,-6.279991,7.201759,0.4261679
1260,1437154515215,-6.3578024,7.088034,0.44592008
1261,1437154515237,-6.647501,7.1185603,0.4213795
1262,1437154515254,-6.7869635,6.950966,0.5093664
1263,1437154515276,-6.757634,6.943185,0.5470751
1264,1437154515297,-6.71394,7.029376,0.40701428
1265,1437154515315,-6.7103486,7.2221093,0.35913026
1266,1437154515334,-6.6295447,7.2424603,0.2837129
1267,1437154515357,-6.577471,7.2304893,0.29867667
1268,1437154515374,-6.564901,7.1688385,0.36511576
1269,1437154515397,-6.663662,7.2370734,0.4213795
1270,1437154515414,-6.766014,7.193379,0.4237737
1271,1437154515434,-6.743269,7.2167225,0.48841715
1272,1437154515457,-6.282984,7.138911,0.40282443
1273,1437154515474,-6.05733,7.275979,0.38307226
1274,1437154515496,-6.3943143,7.375937,0.29688102
1275,1437154515514,-6.287772,7.410054,0.30286652
1276,1437154515535,-6.1806316,7.37055,0.3357868
1277,1437154515556,-6.2404866,7.3029137,0.28909984
1278,1437154515577,-6.301539,7.3843164,0.3549404
1279,1437154515594,-6.5643024,7.4405804,0.3184288
1280,1437154515615,-6.4547677,7.369353,0.35314476
1281,1437154515636,-6.2991447,7.3059063,0.45789108
1282,1437154515655,-6.1836243,7.265804,0.44532153
1283,1437154515675,-6.253655,7.2568254,0.5638345
1284,1437154515742,-6.3380504,7.3322425,0.6314707
1285,1437154515743,-6.52001,7.3298483,0.51954174
1286,1437154515744,-6.431424,7.291541,0.4261679
1287,1437154515764,-6.4104753,7.323863,0.37948096
1288,1437154515774,-6.4104753,7.36217,0.24720132
1289,1437154515798,-6.4272346,7.459734,0.21787235
1290,1437154515816,-6.420052,7.460931,0.17956513
1291,1437154515834,-6.2500634,7.4363904,0.22445641
1292,1437154515855,-6.287772,7.3765354,0.25977087
1293,1437154515874,-6.3368535,7.404069,0.31064767
1294,1437154515899,-6.351817,7.4004774,0.2693477
1295,1437154515918,-6.330868,7.4004774,0.25318682
1296,1437154515936,-6.341043,7.363966,0.29448682
1297,1437154515954,-6.2351,7.3699512,0.207697
1298,1437154515976,-6.3033347,7.4004774,0.19812019
1299,1437154515998,-6.367379,7.358579,0.2669535
1300,1437154516016,-6.3422403,7.3268557,0.2837129
1301,1437154516036,-6.3584013,7.337031,0.24061728
1302,1437154516058,-6.43741,7.343615,0.27593175
1303,1437154516076,-6.4667387,7.3083005,0.2693477
1304,1437154516098,-6.4481835,7.314286,0.29867667
1305,1437154516118,-6.5128274,7.2490444,0.28491
1306,1437154516136,-6.3362546,7.207744,0.3752911
1307,1437154516155,-6.3763576,7.2322845,0.36272156
1308,1437154516178,-6.577471,7.3328414,0.30585927
1309,1437154516196,-6.513426,7.3537903,0.2705448
1310,1437154516218,-6.4547677,7.2819643,0.33758244
1311,1437154516235,-6.4146647,7.282563,0.30346507
1312,1437154516256,-6.517017,7.289147,0.30346507
1313,1437154516278,-6.4661403,7.2723875,0.36152446
1314,1437154516296,-6.3991027,7.229292,0.3405752
1315,1437154516318,-6.4146647,7.2550297,0.3298013
1316,1437154516337,-6.4152637,7.219715,0.31304187
1317,1437154516358,-6.421249,7.1610575,0.3250129
1318,1437154516378,-6.5720835,7.177218,0.33399114
1319,1437154516395,-6.59004,7.1784153,0.30825347
1320,1437154516424,-6.569091,7.1460934,0.33997664
1321,1437154516497,-6.5086374,7.2125325,0.3238158
1322,1437154516498,-6.5631056,7.213131,0.36750996
1323,1437154516499,-6.5218053,7.2340803,0.37708676
1324,1437154516500,-6.481104,7.2861543,0.3286042
1325,1437154516517,-6.3871317,7.282563,0.30226797
1326,1437154516540,-6.381146,7.319673,0.26994625
1327,1437154516558,-6.3769565,7.3071036,0.26635495
1328,1437154516588,-6.4104753,7.302315,0.30885202
1329,1437154516597,-6.319495,7.195773,0.3716998
1330,1437154516615,-6.449381,7.24665,0.43634325
1331,1437154516636,-6.5008564,7.2472486,0.33758244
1332,1437154516655,-6.3991027,7.2987237,0.2765303
1333,1437154516680,-6.3727665,7.3232646,0.22924481
1334,1437154516699,-6.47033,7.387908,0.17118542
1335,1437154516717,-6.42903,7.3747396,0.15981296
1336,1437154516738,-6.344036,7.341221,0.18136078
1337,1437154516755,-6.5230026,7.3549876,0.24959552
1338,1437154516777,-6.5247984,7.3298483,0.22685061
1339,1437154516798,-6.4966664,7.2388687,0.34476504
1340,1437154516819,-6.337452,7.290344,0.30705637
1341,1437154516838,-6.4380083,7.409456,0.20590134
1342,1437154516855,-6.2979474,7.4735007,0.18315643
1343,1437154516878,-6.3165026,7.3747396,0.12150574
1344,1437154516898,-6.441001,7.3986816,0.17597382
1345,1437154516919,-6.5152216,7.339425,0.1933318
1346,1437154516938,-6.293159,7.2424603,0.2896984
1347,1437154516957,-6.139332,7.2514386,0.2741361
1348,1437154516978,-6.508039,7.3567834,0.19273324
1349,1437154516998,-6.471527,7.2789717,0.22625206
1350,1437154517018,-6.193201,7.2143283,0.23283611
1351,1437154517039,-6.353613,7.2430587,0.095169514
1352,1437154517085,-6.6469026,7.2885485,0.05805939
1353,1437154517086,-6.5870476,7.2927384,0.095768064
1354,1437154517095,-6.6989765,7.3148847,0.12210429
1355,1437154517115,-6.6241574,7.241263,0.08619126
1356,1437154517135,-6.4302273,7.193379,0.11372458
1357,1437154517155,-6.3901243,7.192182,0.051475335
1358,1437154517187,-6.4344172,7.258621,0.027533319
1359,1437154517198,-6.5565214,7.271789,0.014963761
1360,1437154517215,-6.483498,7.294534,-0.05327099
1361,1437154517235,-6.293758,7.281366,0.0676362
1362,1437154517255,-6.0920463,7.0251865,0.075417355
1363,1437154517275,-6.2967505,7.2430587,0.17357962
1364,1437154517295,-6.528988,7.2179193,0.2705448
1365,1437154517317,-6.6241574,7.234679,0.5386954
1366,1437154517337,-6.994062,7.533954,0.63206923
1367,1437154517355,-6.4601545,7.548918,0.42437226
1368,1437154517381,-5.922058,7.631518,0.60333884
1369,1437154517396,-5.969343,7.442376,0.58119243
1370,1437154517415,-5.9603653,7.560889,0.57161564
1371,1437154517439,-6.019622,7.6189485,0.44951138
1372,1437154517459,-5.8783636,7.6003933,0.320823
1373,1437154517478,-6.22672,7.5052238,0.42197806
1374,1437154517499,-6.090849,7.419631,0.4429273
1375,1437154517519,-6.178836,7.289147,0.4285621
1376,1437154517539,-6.169858,7.349002,0.44352585
1377,1437154517559,-6.184223,7.307702,0.25498247
1378,1437154517579,-6.290765,7.4202294,0.2148796
1379,1437154517599,-6.2524576,7.3591776,-0.049081136
1380,1437154517620,-6.1620765,7.301118,-0.09636662
1381,1437154517636,-6.627749,7.1927805,-0.20231004
1382,1437154517659,-6.6085954,7.1790137,-0.3238158
1383,1437154517676,-6.7265096,7.2083426,-0.439336
1384,1437154517697,-6.777985,7.2406645,-0.46028528
1385,1437154517718,-6.63972,7.0347633,-0.50637364
1386,1437154517739,-6.741473,7.1945763,-0.45250413
1387,1437154517759,-7.165247,7.1909847,-0.58657944
1388,1437154517779,-6.87914,7.08983,-0.3705027
1389,1437154517799,-6.7342906,7.00723,-0.24480712
1390,1437154517817,-6.5864487,7.1113777,-0.38606504
1391,1437154517840,-6.654085,7.193379,-0.3274071
1392,1437154517858,-6.4416,7.299921,-0.3453636
1393,1437154517880,-6.202778,7.3298483,-0.3800795
1394,1437154517956,-6.2823853,7.5483193,-0.374094
1395,1437154517957,-6.3206925,7.8236527,-0.3800795
1396,1437154517958,-6.3721676,7.877522,-0.29149407
1397,1437154517959,-5.9968767,7.875128,-0.13467385
1398,1437154517977,-5.810129,7.748235,-0.05566519
1399,1437154518037,-5.9962783,7.8236527,0.15562311
1400,1437154518039,-5.8885393,7.6387005,0.23104046
1401,1437154518040,-5.9902925,7.517793,0.33279404
1402,1437154518056,-5.957372,7.365163,0.32800564
1403,1437154518136,-5.9561753,7.33344,0.29747957
1404,1437154518137,-6.355408,7.3669586,0.20111294
1405,1437154518138,-6.261436,7.28795,0.095169514
1406,1437154518141,-6.3847375,7.259818,0.15083471
1407,1437154518158,-6.4499793,7.2514386,0.14544775
1408,1437154518177,-6.215946,7.3100963,0.05566519
1409,1437154518199,-6.297349,7.3609734,0.035314474
1410,1437154518219,-6.361394,7.3645644,-0.0005985504
1411,1437154518240,-6.393716,7.445369,0.008379706
1412,1437154518259,-6.367978,7.431602,-0.035314474
1413,1437154518279,-6.2620344,7.4681134,-0.037708677
1414,1437154518299,-6.244078,7.471705,-0.07182605
1415,1437154518319,-6.3284736,7.4962454,-0.08140286
1416,1437154518340,-6.461352,7.507618,-0.09636662
1417,1437154518360,-6.3763576,7.45734,-0.09816227
1418,1437154518380,-6.3883286,7.3897038,0.0035913025
1419,1437154518398,-6.4667387,7.3310456,0.0005985504
1420,1437154518420,-6.503849,7.2646065,0.060453594
1421,1437154518440,-6.569091,7.2089415,0.1364695
1422,1437154518456,-6.533178,7.152079,0.19572599
1423,1437154518478,-6.4266357,7.1526775,0.17717093
1424,1437154518496,-6.4709287,7.219715,0.20111294
1425,1437154518522,-6.519411,7.2951326,0.12330139
1426,1437154518542,-6.4469867,7.3071036,0.16639702
1427,1437154518562,-6.3584013,7.245453,0.19273324
1428,1437154518580,-6.369175,7.2939353,0.08678981
1429,1437154518598,-6.4601545,7.367557,0.10654198
1430,1437154518617,-6.393117,7.3962874,0.0724246
1431,1437154518639,-6.2769985,7.4112515,-0.0005985504
1432,1437154518660,-6.2368956,7.463325,-0.024540568
1433,1437154518677,-6.1519012,7.441777,-0.11192893
1434,1437154518734,-6.087258,7.4950485,-0.12330139
1435,1437154518735,-6.223727,7.5842323,-0.20111294
1436,1437154518736,-6.223129,7.541735,-0.2184709
1437,1437154518757,-6.3153057,7.5644803,-0.15263036
1438,1437154518778,-6.367379,7.530363,-0.15263036
1439,1437154518797,-6.1519012,7.492056,-0.090979666
1440,1437154518817,-5.9585695,7.5291657,-0.092775315
1441,1437154518837,-5.9244523,7.7189064,-0.20949265
1442,1437154518859,-6.1064115,7.790134,-0.23702596
1443,1437154518878,-6.165668,7.7679873,-0.17178397
1444,1437154518898,-6.136339,7.6225395,-0.10354923
1445,1437154518918,-6.197391,7.5507135,-0.02813187
1446,1437154518941,-6.2674217,7.459734,0.0077811554
1447,1437154518960,-6.3482256,7.417835,0.07182605
1448,1437154518980,-6.341642,7.399879,0.12928689
1449,1437154519000,-6.173449,7.399879,0.12689269
1450,1437154519020,-6.117185,7.40347,0.16160862
1451,1437154519040,-6.072294,7.498041,0.107739076
1452,1437154519060,-6.0411696,7.527969,0.06464344
1453,1437154519080,-6.139332,7.6135616,0.021547815
1454,1437154519100,-6.2434793,7.650073,-0.020949265
1455,1437154519120,-6.1608796,7.5321584,0.04070143
1456,1437154519138,-6.078878,7.447763,0.11911154
1457,1437154519160,-6.2285156,7.49445,0.05327099
1458,1437154519180,-6.2686186,7.49445,0.077213004
1459,1437154519200,-6.215348,7.467515,0.060453594
1460,1437154519221,-6.1219735,7.474099,0.047884032
1461,1437154519240,-6.141726,7.4932528,0.06464344
1462,1437154519261,-6.1207767,7.505822,-0.0017956513
1463,1437154519280,-6.1129956,7.5525093,-0.0011971008
1464,1437154519301,-6.211158,7.6081743,-0.051475335
1465,1437154519319,-6.223727,7.593809,-0.08080431
1466,1437154519340,-6.1357403,7.563283,-0.06823475
1467,1437154519357,-6.145317,7.5830355,-0.107140526
1468,1437154519379,-6.1740475,7.5926123,-0.05327099
1469,1437154519406,-6.1530986,7.5255747,-0.02932897
1470,1437154519488,-6.18123,7.5070195,0.030526072
1471,1437154519489,-6.192004,7.492056,0.04249708
1472,1437154519490,-6.190807,7.539341,0.02813187
1473,1437154519491,-6.199187,7.5082164,-0.0053869537
1474,1437154519544,-6.157887,7.5866265,0.022744916
1475,1437154519545,-6.2315083,7.6027875,-0.0077811554
1476,1437154519546,-6.18961,7.5800424,0.007182605
1477,1437154519578,-6.1650696,7.551911,0.03232172
1478,1437154519579,-6.157288,7.52737,0.017956512
1479,1437154519620,-6.206968,7.4830775,0.044292733
1480,1437154519621,-6.2458735,7.4226236,0.10295067
1481,1437154519639,-6.266823,7.381324,0.10474633
1482,1437154519658,-6.4230447,7.397485,0.09696517
1483,1437154519680,-6.4499793,7.405266,0.11971009
1484,1437154519698,-6.3721676,7.3777328,0.1592144
1485,1437154519720,-6.269217,7.3867106,0.12629414
1486,1437154519738,-6.2404866,7.393295,0.11851298
1487,1437154519758,-6.2979474,7.417237,0.1340753
1488,1437154519778,-6.2620344,7.406463,0.089782566
1489,1437154519798,-6.260239,7.4028716,0.11671733
1490,1437154519819,-6.2805896,7.3819222,0.09816227
1491,1437154519838,-6.2781954,7.356185,0.05566519
1492,1437154519858,-6.30932,7.355586,0.065242
1493,1437154519880,-6.4326215,7.398083,0.015562311
1494,1437154519898,-6.3823433,7.36636,0.040102877
1495,1437154519919,-6.347627,7.3406224,0.035314474
1496,1437154519938,-6.3667808,7.3962874,0.034117375
1497,1437154519959,-6.3991027,7.392098,0.04309563
1498,1437154519980,-6.35062,7.3843164,0.06404489
1499,1437154520002,-6.3141084,7.3687544,0.045489833
1500,1437154520025,-6.293159,7.355586,0.048482586
1501,1437154520044,-6.318897,7.3885064,0.02873042
1502,1437154520061,-6.3458314,7.3867106,0.0047884034
1503,1437154520080,-6.290765,7.3789296,-0.020350715
1504,1437154520100,-6.2763996,7.359776,0.0023942017
1505,1437154520122,-6.3697734,7.369353,0.005985504
1506,1437154520138,-6.4661403,7.3310456,0.023343466
1507,1437154520159,-6.567894,7.311892,0.08200141
1508,1437154520182,-6.6367273,7.2262993,0.10235212
1509,1437154520203,-6.5068417,7.129334,0.13706805
1510,1437154520221,-6.5966244,7.2065473,0.16160862
1511,1437154520237,-6.783372,7.2484455,0.11432313
1512,1437154520259,-6.6630635,7.1526775,0.15502456
1513,1437154520279,-6.3859344,7.092224,0.25079262
1514,1437154520299,-6.533178,7.12694,0.18136078
1515,1437154520318,-6.5523314,7.2065473,0.17118542
1516,1437154520341,-6.571485,7.189788,0.15023616
1517,1437154520361,-6.4421983,7.1610575,0.077811554
1518,1437154520381,-6.499659,7.1610575,0.109534726
1519,1437154520424,-6.583456,7.1646485,0.110133275
1520,1437154520425,-6.5984197,7.141904,0.11372458
1521,1437154520440,-6.615778,7.1808095,0.1316811
1522,1437154520461,-6.688801,7.171831,0.10354923
1523,1437154520481,-6.634333,7.1748238,0.12988544
1524,1437154520501,-6.6109896,7.1544733,0.10414778
1525,1437154520521,-6.597821,7.177817,0.13587095
1526,1437154520540,-6.5259953,7.171831,0.10354923
1527,1437154520558,-6.4960675,7.145495,0.12509704
1528,1437154520578,-6.6283474,7.162853,0.18255788
1529,1437154520602,-6.6079965,7.16405,0.16579847
1530,1437154520621,-6.6265516,7.167641,0.17058687
1531,1437154520641,-6.5601125,7.1263413,0.1933318
1532,1437154520660,-6.5577183,7.100005,0.19752164
1533,1437154520682,-6.6175733,7.128137,0.17298107
1534,1437154520701,-6.6427126,7.140108,0.18255788
1535,1437154520722,-6.5547256,7.088034,0.18974048
1536,1437154520738,-6.633136,7.111976,0.20709845
1537,1437154520759,-6.630143,7.119757,0.16819267
1538,1437154520788,-6.6403184,7.1963716,0.18255788
1539,1437154520862,-6.6989765,7.1730285,0.10594343
1540,1437154520863,-6.6241574,7.1227503,0.14544775
1541,1437154520864,-6.6846113,7.113772,0.21906945
1542,1437154520865,-6.647501,7.0712748,0.15981296
1543,1437154520881,-6.67683,7.064092,0.22026655
1544,1437154520903,-6.7743936,7.0784574,0.17956513
1545,1437154520919,-6.597821,7.015011,0.13108255
1546,1437154520950,-6.6103907,6.959346,0.15741876
1547,1437154520964,-6.75524,7.031172,0.11312603
1548,1437154520980,-6.7103486,6.9527617,0.110133275
1549,1437154521000,-6.7504516,7.0245876,0.18315643
1550,1437154521020,-6.8408327,7.069479,0.074220255
1551,1437154521043,-6.7091517,7.077859,0.11611878
1552,1437154521059,-6.6612678,7.092224,0.12988544
1553,1437154521082,-6.5984197,7.156269,0.046686932
1554,1437154521102,-6.63553,7.1580644,0.08259996
1555,1437154521123,-6.6187706,7.1610575,0.10055647
1556,1437154521142,-6.630143,7.1646485,0.12808979
1557,1437154521162,-6.664859,7.1724296,0.1376666
1558,1437154521182,-6.630143,7.1927805,0.12330139
1559,1437154521202,-6.623559,7.1873937,0.15203181
1560,1437154521222,-6.663662,7.1544733,0.09995792
1561,1437154521240,-6.588843,7.141305,0.11851298
1562,1437154521261,-6.712743,7.1083846,0.076614454
1563,1437154521282,-6.6307416,7.0688806,0.15203181
1564,1437154521302,-6.76362,7.0569096,0.20949265
1565,1437154521321,-6.7330937,7.045537,0.22864626
1566,1437154521342,-6.6486983,6.983288,0.24600422
1567,1437154521362,-6.827665,7.0826473,0.25139117
1568,1437154521381,-6.803723,7.0383544,0.20051439
1569,1437154521403,-6.7767878,7.018004,0.3405752
1570,1437154521422,-6.7510505,7.012018,0.36990416
1571,1437154521442,-6.6905966,7.065289,0.3693056
1572,1437154521460,-6.7492547,7.16824,0.37229836
1573,1437154521483,-6.618172,7.180211,0.27712885
1574,1437154521512,-6.4002995,7.100005,0.23343466
1575,1437154521630,-6.4625487,7.1131735,0.22505496
1576,1437154521631,-6.5361705,7.0742674,0.12270284
1577,1437154521632,-6.4966664,7.0341644,0.12988544
1578,1437154521636,-6.64391,7.0006456,-0.006584055
1579,1437154521637,-6.605004,6.983288,-0.04070143
1580,1437154521642,-6.71394,6.9545574,-0.049081136
1581,1437154521645,-6.8085113,7.04434,-0.17058687
1582,1437154521662,-6.8557963,7.064092,-0.14724341
1583,1437154521683,-6.75943,7.1059904,-0.17657238
1584,1437154521699,-6.742072,7.1101804,-0.1933318
1585,1437154521727,-6.7079544,7.1191587,-0.15741876
1586,1437154521740,-6.7121444,7.1484876,-0.16579847
1587,1437154521763,-6.663662,7.1873937,-0.15083471
1588,1437154521784,-6.5882444,7.1466923,-0.092775315
1589,1437154521800,-6.5283895,7.152079,-0.08259996
1590,1437154521821,-6.5427547,7.132327,-0.032920275
1591,1437154521843,-6.5828576,7.143699,-0.019752163
1592,1437154521864,-6.609194,7.1460934,-0.014963761
1593,1437154521883,-6.6492968,7.141904,0.08080431
1594,1437154521903,-6.6588736,7.131728,0.038307227
1595,1437154521923,-6.5966244,7.114969,0.09876082
1596,1437154521943,-6.7468605,7.1263413,0.09696517
1597,1437154521963,-6.706159,7.1059904,0.12389994
1598,1437154521983,-6.6469026,7.0970125,0.16639702
1599,1437154522003,-6.631939,7.08564,0.1448492
1600,1437154522021,-6.6295447,7.1101804,0.15502456
1601,1437154522042,-6.664859,7.0850415,0.1448492
1602,1437154522063,-6.5631056,7.07726,0.08080431
1603,1437154522082,-6.611588,7.1155677,0.06584055
1604,1437154522102,-6.612785,7.171831,-0.022744916
1605,1437154522120,-6.597223,7.1143703,-0.019153614
1606,1437154522143,-6.6959834,7.1580644,-0.044891283
1607,1437154522162,-6.701969,7.116166,-0.03232172
1608,1437154522184,-6.6840124,7.101202,0.06404489
1609,1437154522203,-6.6492968,7.129334,0.054468088
1610,1437154522222,-6.628946,7.1305313,0.10474633
1611,1437154522242,-6.5726824,7.140108,0.11671733
1612,1437154522262,-6.527791,7.150882,0.11611878
1613,1437154522281,-6.535572,7.1861963,0.1364695
1614,1437154522372,-6.5361705,7.2071457,0.17298107
1615,1437154522373,-6.5032506,7.2023573,0.142455
1616,1437154522374,-6.479907,7.2113357,0.10055647
1617,1437154522375,-6.4990606,7.243657,0.06284779
1618,1437154522409,-6.505046,7.244256,0.007182605
1619,1437154522410,-6.4840965,7.245453,-0.014963761
1620,1437154522432,-6.508039,7.240066,-0.025737667
1621,1437154522473,-6.642114,7.2101383,0.014963761
1622,1437154522474,-6.6385226,7.1634517,-0.010773907
1623,1437154522492,-6.661866,7.133524,0.01616086
1624,1437154522500,-6.771401,7.138911,0.02633622
1625,1437154522520,-6.6947865,7.1083846,0.008978256
1626,1437154522541,-6.6044054,7.065289,0.091578215
1627,1437154522561,-6.633136,7.088034,0.107140526
1628,1437154522580,-6.7079544,7.1431007,0.12689269
1629,1437154522602,-6.685808,7.15986,0.14544775
1630,1437154522619,-6.4966664,7.1287355,0.12868834
1631,1437154522644,-6.4966664,7.1700354,0.12749124
1632,1437154522659,-6.5445504,7.20535,0.10414778
1633,1437154522680,-6.563704,7.1706343,0.11133038
1634,1437154522700,-6.599617,7.165846,0.09756372
1635,1437154522724,-6.6983776,7.1622543,0.029927522
1636,1437154522743,-6.6965823,7.129334,0.08738836
1637,1437154522761,-6.671443,7.105392,0.0796072
1638,1437154522781,-6.745663,7.074866,0.06284779
1639,1437154522802,-6.739678,7.043741,0.11971009
1640,1437154522824,-6.7342906,6.988076,0.08559271
1641,1437154522840,-6.7318964,6.987478,0.15143326
1642,1437154522863,-6.7809777,6.9928646,0.15143326
1643,1437154522884,-6.7588315,6.9719152,0.16639702
1644,1437154522903,-6.8091097,7.0221934,0.19632454
1645,1437154522924,-6.8486137,7.016208,0.19273324
1646,1437154522943,-6.781576,7.012018,0.20590134
1647,1437154522961,-6.7965403,7.0126166,0.20350714
1648,1437154522982,-6.807314,7.0221934,0.19153613
1649,1437154523001,-6.8408327,7.050924,0.18974048
1650,1437154523022,-6.8103065,7.031172,0.1945289
1651,1437154523048,-6.6959834,7.0108213,0.1436521
1652,1437154523063,-6.603208,6.988076,0.15322891
1653,1437154523082,-6.449381,6.9796963,0.23702596
1654,1437154523100,-6.6564794,6.983288,0.2885013
1655,1437154523121,-6.76781,7.031172,0.35314476
1656,1437154523141,-6.8611836,7.009624,0.36511576
1657,1437154523161,-6.8162923,6.959346,0.3752911
1658,1437154523182,-6.8007298,6.929418,0.40342298
1659,1437154523203,-6.8013287,6.904279,0.40402153
1660,1437154523224,-6.661866,6.903082,0.40222588
1661,1437154523244,-6.7205243,6.923433,0.36152446
1662,1437154523262,-6.7342906,6.892308,0.33279404
1663,1437154523286,-6.849811,6.9491706,0.27234045
1664,1437154523303,-6.9707184,6.9467764,0.17956513
1665,1437154523323,-6.7803793,6.8360443,0.22505496
1666,1437154523344,-6.8103065,6.8545995,0.2220622
1667,1437154523364,-6.9288197,6.875549,0.19512744
1668,1437154523384,-6.9048777,6.8839283,0.22266077
1669,1437154523404,-6.9024835,6.9012866,0.16340427
1670,1437154523422,-6.797737,6.9360023,0.10235212
1671,1437154523444,-6.735488,7.0036387,0.093972415
1672,1437154523467,-6.7588315,6.96593,0.08559271
1673,1437154523489,-6.7767878,6.873753,0.20530279
1674,1437154523506,-6.9557543,6.7869635,0.2789245
1675,1437154523525,-7.067683,6.739678,0.36032736
1676,1437154523542,-7.04434,6.6522894,0.38606504
1677,1437154523563,-7.037756,6.657078,0.39025488
1678,1437154523587,-7.1065893,6.703765,0.35075054
1679,1437154523653,-7.0066314,6.7223196,0.31124622
1680,1437154523654,-6.9916677,6.825869,0.26156655
1681,1437154523655,-7.0461354,6.9144545,0.15263036
1682,1437154523661,-6.9348054,6.947375,0.108337626
1683,1437154523784,-6.805518,6.8988924,0.16998832
1684,1437154523785,-6.7534447,6.95336,0.15562311
1685,1437154523786,-6.885724,6.9916677,0.17298107
1686,1437154523787,-6.891111,6.973711,0.23343466
1687,1437154523788,-6.7851677,6.925827,0.24720132
1688,1437154523789,-6.7965403,6.9449806,0.2753332
1689,1437154523829,-6.839037,6.9838862,0.2837129
1690,1437154523830,-6.82946,6.9958572,0.26396075
1691,1437154523841,-6.7803793,7.0126166,0.22385786
1692,1437154523872,-6.8204823,7.0263834,0.21308395
1693,1437154523882,-6.8127007,6.9503675,0.24480712
1694,1437154523903,-6.7929487,6.9078703,0.30585927
1695,1437154523926,-6.9228344,6.8689647,0.29867667
1696,1437154523944,-6.9689226,6.8067155,0.3645172
1697,1437154523965,-6.9371996,6.7534447,0.35553896
1698,1437154523982,-6.9569516,6.7773867,0.3597288
1699,1437154524002,-6.9850836,6.7612257,0.3585317
1700,1437154524023,-6.929418,6.7642183,0.39145198
1701,1437154524043,-6.928221,6.7666125,0.41240123
1702,1437154524063,-6.9545574,6.777985,0.3764882
1703,1437154524083,-6.905476,6.761824,0.37110126
1704,1437154524105,-6.930017,6.7845693,0.3705027
1705,1437154524123,-6.884527,6.7492547,0.39564183
1706,1437154524145,-6.962937,6.8043213,0.41180268
1707,1437154524163,-6.9108634,6.801927,0.40402153
1708,1437154524183,-6.897695,6.7971387,0.40282443
1709,1437154524202,-6.9383965,6.875549,0.35314476
1710,1437154524222,-6.950966,6.921637,0.34596214
1711,1437154524243,-6.84203,6.873753,0.42437226
1712,1437154524269,-6.7079544,6.9569516,0.40701428
1713,1437154524283,-6.799533,7.018004,0.40462008
1714,1437154524308,-6.7229185,7.079056,0.40402153
1715,1437154524323,-6.615778,7.065289,0.427365
1716,1437154524343,-6.5349736,7.0862384,0.4369418
1717,1437154524363,-6.5882444,7.091625,0.4429273
1718,1437154524384,-6.6044054,7.050924,0.44113165
1719,1437154524404,-6.5379663,6.952163,0.4177882
1720,1437154524429,-6.706159,6.9461775,0.3812766
1721,1437154524504,-6.8444242,6.9569516,0.3226187
1722,1437154524505,-6.9246297,6.9246297,0.3405752
1723,1437154524506,-6.8905125,6.903681,0.3393781
1724,1437154524507,-6.879739,6.897695,0.37469256
1725,1437154524522,-6.8599863,6.952163,0.3417723
1726,1437154524553,-6.751649,7.033566,0.3369839
1727,1437154524592,-6.6480994,7.038953,0.29328972
1728,1437154524593,-6.597821,7.0724716,0.2753332
1729,1437154524635,-6.75524,7.055712,0.33159694
1730,1437154524636,-6.782175,6.9569516,0.3549404
1731,1437154524649,-6.7085533,6.8522053,0.40222588
1732,1437154524665,-6.8121023,6.8240733,0.44472298
1733,1437154524684,-6.7767878,6.8246717,0.40581718
1734,1437154524702,-6.895301,6.885724,0.39983168
1735,1437154524825,-6.937798,6.940192,0.34955344
1736,1437154524826,-6.791153,6.974908,0.2837129
1737,1437154524827,-6.9120603,7.045537,0.26396075
1738,1437154524828,-6.803723,7.012018,0.15203181
1739,1437154524829,-6.6840124,6.923433,0.22565351
1740,1437154524830,-6.7725983,6.9246297,0.19512744
1741,1437154524843,-6.884527,6.9707184,0.10235212
1742,1437154524863,-6.980295,6.9665284,0.11552023
1743,1437154524892,-6.879739,6.968324,0.08259996
1744,1437154524903,-6.8480153,6.9144545,0.16280572
1745,1437154524925,-6.8893156,6.851607,0.2208651
1746,1437154524947,-6.8905125,6.8043213,0.28431144
1747,1437154524967,-6.8647747,6.6588736,0.29987377
1748,1437154524984,-7.0605006,6.811504,0.30945057
1749,1437154525004,-7.2987237,6.9090676,0.27593175
1750,1437154525023,-6.9731126,6.8743515,0.33039984
1751,1437154525043,-6.879739,6.831256,0.23762453
1752,1437154525066,-6.711546,6.715736,0.20649989
1753,1437154525087,-6.879739,6.673837,0.22146365
1754,1437154525106,-7.1263413,6.666056,0.15562311
1755,1437154525122,-7.269395,6.645705,0.16460137
1756,1437154525143,-7.269395,6.5696893,0.20350714
1757,1437154525170,-7.27957,6.570288,0.19692309
1758,1437154525182,-7.2843585,6.5625067,0.24061728
1759,1437154525202,-7.2191167,6.551733,0.2801216
1760,1437154525222,-7.1939774,6.506243,0.23523031
1761,1437154525243,-7.161656,6.5265937,0.28790274
1762,1437154525265,-7.08983,6.50744,0.30705637
1763,1437154525283,-7.114969,6.5499372,0.29508537
1764,1437154525303,-7.055712,6.5816603,0.29209262
1765,1437154525323,-7.1245456,6.7121444,0.25258827
1766,1437154525346,-7.107786,6.682217,0.20350714
1767,1437154525363,-7.16824,6.723517,0.23403321
1768,1437154525386,-7.150882,6.6349316,0.3645172
1769,1437154525403,-7.047931,6.6600704,0.4770447
1770,1437154525424,-7.107786,6.707356,0.4961983
1771,1437154525446,-6.962937,6.7708025,0.46746787
1772,1437154525464,-6.818088,6.7947445,0.45729253
1773,1437154525486,-6.7887588,6.8869214,0.37110126
1774,1437154525503,-6.87914,6.9306154,0.3369839
1775,1437154525524,-6.8444242,6.959346,0.28311434
1776,1437154525546,-6.809708,6.9611416,0.2896984
1777,1437154525564,-6.8809357,6.983288,0.24540567
1778,1437154525587,-6.8246717,6.933608,0.31603462
1779,1437154525603,-6.7600284,6.88333,0.3298013
1780,1437154525623,-6.915652,6.8132997,0.36750996
1781,1437154525645,-6.775591,6.630143,0.47764325
1782,1437154525663,-7.0664864,6.643311,0.5153519
1783,1437154525685,-7.129933,6.691794,0.49200845
1784,1437154525704,-7.031172,6.628946,0.5009867
1785,1437154525724,-7.00723,6.6492968,0.52133745
1786,1437154525744,-6.9904704,6.6846113,0.42556936
1787,1437154525765,-6.968324,6.743269,0.45429978
1788,1437154525793,-7.023391,6.769605,0.39983168
1789,1437154525850,-6.9623384,6.7510505,0.3441665
1790,1437154525851,-6.930017,6.7253127,0.2837129
1791,1437154525852,-7.0886326,6.8127007,0.2693477
1792,1437154525870,-7.15567,6.8043213,0.2208651
1793,1437154525884,-7.0605006,6.779182,0.2741361
1794,1437154525907,-7.03177,6.679823,0.374094
1795,1437154525924,-6.9665284,6.6774287,0.43873745
1796,1437154525945,-6.985682,6.7079544,0.51954174
1797,1437154525965,-6.8581905,6.75943,0.56323594
1798,1437154525984,-6.8240733,6.8085113,0.57879823
1799,1437154526006,-6.7450647,6.928221,0.52492875
1800,1437154526024,-6.6612678,6.9946604,0.41299978
1801,1437154526048,-6.5984197,7.091625,0.3489549
1802,1437154526069,-6.7486563,7.169437,0.27712885
1803,1437154526086,-6.7025676,7.1826053,0.31603462
1804,1437154526108,-6.5870476,7.0754647,0.30466217
1805,1437154526126,-6.711546,7.053318,0.3357868
1806,1437154526147,-6.83365,6.981492,0.34356794
1807,1437154526169,-6.8438253,6.9066734,0.45370123
1808,1437154526186,-6.8653736,6.8360443,0.37708676
1809,1437154526207,-6.867169,6.861782,0.4201824
1810,1437154526228,-6.9252286,6.8426285,0.38726214
1811,1437154526247,-6.861782,6.8282633,0.39085343
1812,1437154526268,-6.815095,6.8210807,0.40581718
1813,1437154526284,-6.7749925,6.82946,0.39624038
1814,1437154526304,-6.893505,6.889914,0.40102878
1815,1437154526324,-6.8587894,6.9665284,0.38845924
1816,1437154526344,-6.7085533,6.9838862,0.4321534
1817,1437154526366,-6.549339,7.025785,0.45968673
1818,1437154526386,-6.4008985,7.0425444,0.42078096
1819,1437154526406,-6.4380083,7.067085,0.39803603
1820,1437154526427,-6.530185,7.1544733,0.24720132
1821,1437154526445,-6.5990186,7.1808095,0.1604115
1822,1437154526465,-6.599617,7.1885905,0.077811554
1823,1437154526484,-6.6840124,7.189189,0.090979666
1824,1437154526507,-6.6085954,7.1568675,0.01316811
1825,1437154526526,-6.625953,7.1125746,0.08798691
1826,1437154526592,-6.5619082,7.1490865,0.014963761
1827,1437154526593,-6.518214,7.257424,-0.054468088
1828,1437154526594,-6.505645,7.419631,-0.08200141
1829,1437154526614,-6.6864066,7.4405804,-0.060453594
1830,1437154526624,-6.609792,7.365163,0.039504327
1831,1437154526645,-6.4864907,7.2604165,0.13587095
1832,1437154526666,-6.4224463,7.2747817,0.20709845
1833,1437154526684,-6.4505777,7.1981673,0.25318682
1834,1437154526704,-6.566098,7.185598,0.29628247
1835,1437154526728,-6.5379663,7.1688385,0.30226797
1836,1437154526750,-6.603807,7.169437,0.27832595
1837,1437154526769,-6.630143,7.150882,0.3172317
1838,1437154526785,-6.4721255,7.1221514,0.30945057
1839,1437154526805,-6.5259953,7.1981673,0.33039984
1840,1437154526828,-6.587646,7.1927805,0.35913026
1841,1437154526847,-6.4541693,7.107786,0.37708676
1842,1437154526868,-6.371569,7.0904284,0.41718966
1843,1437154526888,-6.4565635,7.064092,0.39504328
1844,1437154526907,-6.363788,7.0449386,0.44352585
1845,1437154526928,-6.1411276,7.0329676,0.5069722
1846,1437154526949,-6.353014,7.0688806,0.56084174
1847,1437154526967,-6.6564794,7.185598,0.50278234
1848,1437154526990,-6.655881,7.1748238,0.41958386
1849,1437154527005,-6.6361284,7.109582,0.42317516
1850,1437154527028,-6.68102,7.111976,0.46208093
1851,1437154527048,-6.7348895,7.080253,0.44352585
1852,1437154527067,-6.7324953,7.1353197,0.36750996
1853,1437154527089,-6.8342485,7.025785,0.44711718
1854,1437154527107,-6.9120603,6.950966,0.5057751
1855,1437154527128,-6.889914,6.88333,0.58777654
1856,1437154527149,-6.8743515,6.7630215,0.6003461
1857,1437154527168,-7.0952168,6.7642183,0.65301853
1858,1437154527188,-7.215525,6.730101,0.6404489
1859,1437154527208,-7.131728,6.5948286,0.74639237
1860,1437154527229,-7.2352777,6.5002575,0.8331822
1861,1437154527249,-7.3753386,6.5044475,0.9068039
1862,1437154527268,-7.5046253,6.463746,0.98581254
1863,1437154527340,-7.5189905,6.457162,1.0336965
1864,1437154527341,-7.5411367,6.4260373,1.0378864
1865,1437154527348,-7.377134,6.244078,1.0935516
1866,1437154527349,-7.2490444,6.160281,1.0953473
1867,1437154527365,-7.343615,6.1704564,1.0103531
1868,1437154527385,-7.391499,6.18961,0.99060094
1869,1437154527405,-7.3148847,6.1159883,1.0043676
1870,1437154527431,-7.241862,6.083068,0.99299514
1871,1437154527447,-7.3047094,6.093842,0.9923966
1872,1437154527468,-7.371747,6.078878,0.9516952
1873,1437154527487,-7.4866686,6.079477,0.943914
1874,1437154527506,-7.619547,6.093243,0.9343372
1875,1437154527531,-7.678205,6.0130377,0.96905315
1876,1437154527549,-7.6231384,6.0106435,0.9911995
1877,1437154527568,-7.679402,6.105214,1.0019734
1878,1437154527589,-7.667431,6.129156,0.94092125
1879,1437154527609,-7.57286,6.1387334,0.9271546
1880,1437154527629,-7.5800424,6.157288,0.89902276
1881,1437154527649,-7.4603324,6.1046157,0.8451532
1882,1437154527669,-7.3747396,6.1100025,0.7769185
1883,1437154527689,-7.2711906,6.0381765,0.74878657
1884,1437154527706,-7.465719,6.1626754,0.65182143
1885,1437154527727,-7.6111674,6.143522,0.6063316
1886,1437154527749,-7.487866,6.1123967,0.60573304
1887,1437154527769,-7.5088153,6.1004257,0.55485624
1888,1437154527788,-7.451953,6.093842,0.5081693
1889,1437154527806,-7.579444,6.1369376,0.49919105
1890,1437154527829,-7.7159133,6.14412,0.46986207
1891,1437154527849,-7.5644803,6.096236,0.48362875
1892,1437154527869,-7.6668324,6.14412,0.5781997
1893,1437154527889,-7.405266,6.06152,0.57281274
1894,1437154527909,-7.5944076,6.220136,0.5770026
1895,1437154527929,-7.6291237,6.2392898,0.51355624
1896,1437154527949,-7.3406224,6.14831,0.5009867
1897,1437154527968,-7.4627266,6.1542954,0.47165772
1898,1437154527988,-7.45734,6.1399302,0.3429694
1899,1437154528022,-7.4082584,6.0651116,0.3824737
1900,1437154528200,-7.480085,6.0519433,0.32321724
1901,1437154528201,-7.5052238,5.981314,0.34715924
1902,1437154528202,-7.517793,5.9465985,0.34356794
1903,1437154528203,-7.608773,5.9507885,0.3298013
1904,1437154528204,-7.74225,5.9400144,0.3716998
1905,1437154528205,-7.5321584,5.8945246,0.40701428
1906,1437154528206,-7.451953,5.8221,0.4985925
1907,1437154528238,-7.5830355,5.943007,0.6099229
1908,1437154528239,-7.8266454,5.9477954,0.6218939
1909,1437154528240,-7.6931686,5.840655,0.62967503
1910,1437154528241,-7.8062944,5.7640405,0.6206968
1911,1437154528276,-7.9325886,5.705383,0.55725044
1912,1437154528277,-7.7637978,5.6987987,0.5303157
1913,1437154528299,-7.8709383,5.671265,0.5267244
1914,1437154528306,-8.119336,5.719748,0.46267948
1915,1437154528326,-7.94037,5.6150017,0.5189432
1916,1437154528346,-8.090008,5.697003,0.47884035
1917,1437154528366,-8.148665,5.703587,0.40342298
1918,1437154528389,-7.979874,5.5204306,0.37229836
1919,1437154528409,-7.9828672,5.4659624,0.3573346
1920,1437154528429,-7.979874,5.3881507,0.2136825
1921,1437154528449,-8.137892,5.367202,0.23223756
1922,1437154528469,-8.147469,5.3181205,0.18794483
1923,1437154528489,-8.087015,5.361216,0.107140526
1924,1437154528509,-8.418014,5.525219,0.142455
1925,1437154528526,-8.456919,5.5282116,0.0796072
1926,1437154528547,-7.994838,5.4312468,0.1592144
1927,1437154528570,-8.027759,5.4366336,0.17298107
1928,1437154528589,-7.949947,5.478532,0.1592144
1929,1437154528693,-7.8463974,5.4192758,0.19393034
1930,1437154528694,-8.040926,5.5407815,0.23343466
1931,1437154528695,-8.063671,5.6987987,0.077811554
1932,1437154528696,-7.8571715,5.685032,0.12210429
1933,1437154528697,-7.993641,5.8502316,0.15502456
1934,1437154528719,-7.926005,5.9723363,0.074220255
1935,1437154528726,-7.6985555,5.967548,0.12808979
1936,1437154528746,-7.477092,5.9747305,0.16160862
1937,1437154528766,-7.2819643,6.0489507,0.0724246
1938,1437154528789,-7.350199,6.1596823,0.061650693
1939,1437154528816,-7.574057,6.4350157,0.011971008
1940,1437154528826,-7.538144,6.5146227,-0.11611878
1941,1437154528846,-7.007828,6.3709707,-0.046088383
1942,1437154528873,-6.9371996,6.5008564,-0.060453594
1943,1437154528886,-6.9904704,6.7600284,-0.18435353
1944,1437154528907,-7.141904,6.7947445,-0.11671733
1945,1437154528933,-7.167641,6.741473,0.044292733
1946,1437154528947,-7.180211,6.8144965,0.08140286
1947,1437154528982,-6.993463,6.7648168,0.16759412
1948,1437154528999,-6.6684504,6.76362,0.1412579
1949,1437154529008,-6.70975,6.8103065,-0.020949265
1950,1437154529027,-6.667852,6.739678,0.038905777
1951,1437154529047,-6.871359,6.7612257,0.16101007
1952,1437154529069,-7.181408,6.752846,0.19752164
1953,1437154529087,-6.973711,6.817489,0.17896658
1954,1437154529115,-7.056311,6.8947024,0.14305355
1955,1437154529125,-6.9826894,6.927024,0.12509704
1956,1437154529148,-6.9066734,6.8958993,0.2100912
1957,1437154529170,-6.7749925,6.917447,0.22804771
1958,1437154529190,-6.481104,6.9491706,0.15442601
1959,1437154529210,-6.5337763,7.026982,0.050278235
1960,1437154529230,-6.5804634,7.1514807,0.0077811554
1961,1437154529247,-6.4751186,7.20954,-0.110731825
1962,1437154529271,-6.159084,7.4166384,-0.17597382
1963,1437154529290,-6.1489086,7.5800424,-0.24480712
1964,1437154529311,-6.066907,7.6482773,-0.29867667
1965,1437154529331,-6.125565,7.6506715,-0.23882163
1966,1437154529350,-6.2339025,7.69257,-0.09995792
1967,1437154529369,-6.1704564,7.65127,-0.12090719
1968,1437154529390,-6.1650696,7.563283,-0.023942016
1969,1437154529410,-6.238691,7.4968443,0.04249708
1970,1437154529431,-6.3781533,7.4351935,0.05267244
1971,1437154529451,-6.3141084,7.207744,0.10235212
1972,1437154529470,-6.3272767,7.1089835,0.14544775
1973,1437154529487,-6.6588736,7.1526775,0.13706805
1974,1437154529510,-6.715137,7.16405,0.10534488
1975,1437154529533,-6.599617,7.20116,0.09636662
1976,1437154529546,-6.3739634,7.2113357,0.049081136
1977,1437154529566,-6.18542,7.2789717,0.05566519
1978,1437154529586,-6.120178,7.471705,-0.011971008
1979,1437154529606,-6.025607,7.669825,-0.13946225
1980,1437154529627,-5.817312,7.7350674,-0.17597382
1981,1437154529647,-5.8119245,7.7560163,-0.21906945
1982,1437154529667,-5.8454432,7.831434,-0.29508537
1983,1437154529687,-5.8759694,7.8188643,-0.31423897
1984,1437154529707,-6.007052,7.8290396,-0.30346507
1985,1437154529727,-6.121375,7.7626004,-0.35553896
1986,1437154529747,-6.218939,7.687183,-0.23762453
1987,1437154529767,-6.117185,7.5854297,-0.18195933
1988,1437154529787,-6.117784,7.529764,-0.12928689
1989,1437154529809,-6.135142,7.5189905,-0.108337626
1990,1437154529830,-6.160281,7.518392,-0.1388637
1991,1437154529851,-6.184223,7.463325,-0.1448492
1992,1437154529871,-6.2566476,7.4136457,-0.10175357
1993,1437154529889,-6.35062,7.4327993,-0.08738836
1994,1437154529910,-6.479907,7.457938,-0.09995792
1995,1437154529928,-6.506243,7.4375877,-0.035314474
1996,1437154529948,-6.3739634,7.4070616,-0.009576807
1997,1437154529969,-6.3721676,7.357382,0.038307227
1998,1437154529991,-6.345233,7.361572,0.05686229
1999,1437154530011,-6.271611,7.327454,0.073023155
2000,1437154530031,-6.3458314,7.301717,0.090979666
2001,1437154530051,-6.419453,7.2843585,0.077213004
2002,1437154530068,-6.4182563,7.177817,0.095768064
2003,1437154530087,-6.605004,7.227496,0.11432313
2004,1437154530110,-6.7318964,7.2406645,0.08020575
2005,1437154530137,-6.634333,7.15986,0.13347675
2006,1437154530216,-6.52001,7.109582,0.22026655
2007,1437154530217,-6.531981,7.1826053,0.19632454
2008,1437154530218,-6.555324,7.2664022,0.16759412
2009,1437154530219,-6.530185,7.3226657,0.17477672
2010,1437154530230,-6.3368535,7.2951326,0.1328782
2011,1437154530248,-6.191406,7.306505,0.08619126
2012,1437154530268,-6.269217,7.3657618,0.09756372
2013,1437154530288,-6.365584,7.3687544,0.054468088
2014,1437154530313,-6.397307,7.36217,0.12030864
2015,1437154530328,-6.570288,7.3220673,0.08080431
2016,1437154530353,-6.555324,7.2963295,0.11552023
2017,1437154530373,-6.5128274,7.2388687,0.15322891
2018,1437154530389,-6.4787097,7.2448545,0.142455
2019,1437154530437,-6.4619503,7.2209125,0.21906945
2020,1437154530438,-6.4721255,7.2286935,0.20290859
2021,1437154530449,-6.4541693,7.2460513,0.18136078
2022,1437154530471,-6.464943,7.2328835,0.18674773
2023,1437154530491,-6.413468,7.2424603,0.16460137
2024,1437154530508,-6.4302273,7.2370734,0.15382746
2025,1437154530531,-6.4828997,7.2634096,0.15263036
2026,1437154530551,-6.4667387,7.2699933,0.18495208
2027,1437154530571,-6.4763155,7.27957,0.22565351
2028,1437154530592,-6.547543,7.313089,0.17238252
2029,1437154530608,-6.5086374,7.3190746,0.16579847
2030,1437154530631,-6.43322,7.2867527,0.16400282
2031,1437154530649,-6.4469867,7.3148847,0.10414778
2032,1437154530669,-6.3685765,7.2687964,0.13347675
2033,1437154530688,-6.4242415,7.301118,0.11252748
2034,1437154530710,-6.5906386,7.335834,0.10534488
2035,1437154530733,-6.566098,7.2484455,0.17058687
2036,1437154530754,-6.5128274,7.1472907,0.30705637
2037,1437154530772,-6.4284315,7.1383123,0.29508537
2038,1437154530789,-6.4978633,7.1472907,0.29807812
2039,1437154530811,-6.5349736,7.1939774,0.25198972
2040,1437154530829,-6.513426,7.171831,0.19153613
2041,1437154530850,-6.482301,7.1861963,0.1412579
2042,1437154530869,-6.5445504,7.216124,0.092176765
2043,1437154530940,-6.563704,7.2185183,0.06584055
2044,1437154530941,-6.4577603,7.171831,0.0688333
2045,1437154530942,-6.5786676,7.2149267,0.07062895
2046,1437154530950,-6.669647,7.228095,0.035913024
2047,1437154530975,-6.6361284,7.2233067,0.10115502
2048,1437154530990,-6.647501,7.258621,0.08140286
2049,1437154531008,-6.5762734,7.258621,0.094570965
2050,1437154531029,-6.479907,7.2430587,0.095768064
2051,1437154531053,-6.443395,7.2628107,0.06404489
2052,1437154531071,-6.445191,7.268198,0.06584055
2053,1437154531092,-6.443994,7.234679,0.0664391
2054,1437154531109,-6.5427547,7.216124,0.08499416
2055,1437154531128,-6.6002154,7.227496,0.08619126
2056,1437154531152,-6.599617,7.1790137,0.12749124
2057,1437154531172,-6.6349316,7.167641,0.13347675
2058,1437154531192,-6.546346,7.1287355,0.15083471
2059,1437154531212,-6.523601,7.137714,0.14784196
2060,1437154531232,-6.5846534,7.1347213,0.15502456
2061,1437154531252,-6.6534867,7.1664443,0.1376666
2062,1437154531272,-6.547543,7.111976,0.16220717
2063,1437154531292,-6.555923,7.1460934,0.17537527
2064,1437154531313,-6.7043633,7.165247,0.11851298
2065,1437154531329,-6.7133417,7.1353197,0.13227965
2066,1437154531352,-6.5984197,7.0832458,0.20949265
2067,1437154531370,-6.575675,7.1107793,0.19512744
2068,1437154531389,-6.615778,7.147889,0.19153613
2069,1437154531410,-6.597223,7.150882,0.1448492
2070,1437154531431,-6.5511346,7.1670427,0.11552023
2071,1437154531455,-6.5140243,7.153875,0.09636662
2072,1437154531475,-6.5631056,7.183802,0.12868834
2073,1437154531492,-6.6044054,7.153875,0.12749124
2074,1437154531509,-6.5846534,7.165247,0.16998832
2075,1437154531529,-6.691794,7.1808095,0.12629414
2076,1437154531554,-6.613384,7.140108,0.12928689
2077,1437154531569,-6.630143,7.149685,0.15083471
2078,1437154531673,-6.64391,7.173627,0.12689269
2079,1437154531674,-6.647501,7.1209545,0.18495208
2080,1437154531675,-6.618172,7.1490865,0.19393034
2081,1437154531693,-6.567894,7.1191587,0.20350714
2082,1437154531694,-6.5349736,7.1341224,0.20171149
2083,1437154531695,-6.542156,7.1287355,0.20171149
2084,1437154531715,-6.5337763,7.103596,0.23403321
2085,1437154531731,-6.619369,7.1089835,0.2148796
2086,1437154531750,-6.683414,7.153875,0.2160767
2087,1437154531783,-6.678027,7.1341224,0.20111294
2088,1437154531791,-6.6026096,7.089231,0.22924481
2089,1437154531810,-6.573281,7.0467343,0.23044191
2090,1437154531831,-6.637924,7.071873,0.19572599
2091,1437154531851,-6.687604,7.006033,0.18555063
2092,1437154531871,-6.649895,6.9886746,0.23762453
2093,1437154531890,-6.854001,7.074866,0.16998832
2094,1437154531913,-6.9066734,7.1472907,0.107140526
2095,1437154531933,-6.724714,7.0964136,0.1400608
2096,1437154531953,-6.6187706,7.1107793,0.17657238
2097,1437154531974,-6.6642604,7.16405,0.12629414
2098,1437154531993,-6.6109896,7.1939774,0.12808979
2099,1437154532013,-6.542156,7.1586633,0.14604631
2100,1437154532033,-6.473323,7.138911,0.18016368
2101,1437154532052,-6.489484,7.1341224,0.16998832
2102,1437154532070,-6.583456,7.1460934,0.22026655
2103,1437154532092,-6.5882444,7.08983,0.2148796
2104,1437154532113,-6.6445084,7.095815,0.2220622
2105,1437154532132,-6.7145386,7.0724716,0.19572599
2106,1437154532150,-6.7480574,7.0712748,0.23403321
2107,1437154532170,-6.769605,7.0766616,0.25079262
2108,1437154532190,-6.7719994,7.043741,0.24839842
2109,1437154532210,-6.723517,7.035362,0.2657564
2110,1437154532233,-6.739678,7.061698,0.21667525
2111,1437154532251,-6.8252707,7.0090256,0.29508537
2112,1437154532272,-6.989872,6.831256,0.40162733
2113,1437154532293,-7.439982,6.5427547,0.82899237
2114,1437154532312,-8.050503,6.077681,1.2808979
2115,1437154532332,-7.53994,5.7987566,1.1971009
2116,1437154532355,-7.00723,6.1064115,0.41240123
2117,1437154532430,-7.3807254,6.3230867,0.33518824
2118,1437154532431,-7.1580644,6.7103486,0.14305355
2119,1437154532432,-7.1832037,7.0132155,-0.30945057
2120,1437154532433,-7.1867948,7.1448965,-0.2908955
2121,1437154532452,-6.582259,7.055114,-0.37110126
2122,1437154532475,-6.257246,7.1987658,-0.4249708
2123,1437154532490,-6.621763,7.237672,-0.3393781
2124,1437154532510,-6.6923923,7.2484455,-0.272939
2125,1437154532535,-6.6367273,7.2262993,-0.39205053
2126,1437154532555,-6.5325794,7.371747,-0.4973954
2127,1437154532574,-6.4104753,7.5692687,-0.63087213
2128,1437154532594,-6.35062,7.7506294,-0.5386954
2129,1437154532615,-5.851429,7.827244,-0.40940848
2130,1437154532631,-5.4881086,7.889493,-0.29328972
2131,1437154532650,-5.6335564,7.9032598,-0.060453594
2132,1437154532674,-5.5180364,7.8547773,0.10594343
2133,1437154532693,-5.271434,7.9331875,0.25318682
2134,1437154532711,-5.146935,8.05589,0.17537527
2135,1437154532734,-5.156512,8.081029,0.31004912
2136,1437154532753,-5.357026,8.198345,0.51714754
2137,1437154532774,-5.209184,8.174403,0.38187516
2138,1437154532793,-5.145738,8.18398,0.4285621
2139,1437154532811,-5.2026005,8.239047,0.39683893
2140,1437154532831,-5.121197,8.273164,0.30466217
2141,1437154532853,-5.055357,8.258799,0.36750996
2142,1437154532873,-5.3127337,8.23366,0.2633622
2143,1437154532891,-5.522825,8.133701,0.19572599
2144,1437154532911,-5.3875523,8.025963,0.24779987
2145,1437154532936,-5.273828,7.9852614,0.47345337
2146,1437154532956,-4.699219,8.127716,0.44891283
2147,1437154532973,-4.9099092,8.5060005,-0.025737667
2148,1437154532991,-5.04578,8.51019,-0.004189853
2149,1437154533011,-4.735132,8.368932,-0.076614454
2150,1437154533032,-4.992509,8.135497,-0.02633622
2151,1437154533052,-5.609016,7.93618,-0.089782566
2152,1437154533072,-6.4487824,7.9972324,0.061052144
2153,1437154533145,-6.0046577,7.9074497,-0.21428105
2154,1437154533158,-5.8478374,7.674015,-0.077811554
2155,1437154533159,-5.9543796,7.654263,0.17717093
2156,1437154533160,-5.949591,7.7799582,-0.025737667
2157,1437154533172,-6.0525417,7.739257,0.06344634
2158,1437154533191,-5.9029045,7.60997,0.219668
2159,1437154533212,-5.7867856,7.6387005,0.29209262
2160,1437154533231,-5.8693852,7.747637,0.24779987
2161,1437154533252,-5.6497173,7.5351515,0.094570965
2162,1437154533271,-5.9501896,7.689577,0.2681506
2163,1437154533291,-6.38773,7.6961613,-0.12090719
2164,1437154533318,-5.849633,7.4471645,-0.1921347
2165,1437154533332,-5.883152,7.4968443,-0.09636662
2166,1437154533353,-5.995081,7.704541,-0.40282443
2167,1437154533373,-5.707178,7.7865424,-0.4141969
2168,1437154533393,-5.875371,7.8146744,-0.44711718
2169,1437154533414,-5.5922565,7.716512,-0.61411273
2170,1437154533434,-5.691616,7.731476,-0.7266402
2171,1437154533454,-6.147113,7.6973586,-0.8182184
2172,1437154533473,-5.85921,7.7224975,-0.8098387
2173,1437154533492,-5.9843073,7.560889,-0.95588505
2174,1437154533514,-6.0172276,7.6027875,-1.0618285
2175,1437154533533,-5.725135,7.7488337,-1.2096704
2176,1437154533562,-5.617396,7.7069354,-1.4760253
2177,1437154533571,-5.6096144,7.5507135,-1.4915876
2178,1437154533593,-6.0447607,7.6249337,-1.3928268
2179,1437154533611,-6.749853,7.545925,-1.4496891
2180,1437154533633,-6.541558,7.1820064,-1.54845
2181,1437154533657,-6.341642,7.2268977,-1.417966
2182,1437154533680,-6.728904,7.413047,-1.7429788
2183,1437154533693,-6.652888,7.631518,-1.95307
2184,1437154533711,-6.3739634,7.4202294,-1.9045875
2185,1437154533731,-6.6002154,7.316082,-1.863886
2186,1437154533751,-6.679823,7.15986,-1.8980033
2187,1437154533772,-6.869563,7.0886326,-1.8016368
2188,1437154534132,-6.754043,6.981492,-1.7651252
2189,1437154534133,-6.670246,6.892308,-1.6837224
2190,1437154534134,-6.7845693,6.8970966,-1.6017209
2191,1437154534135,-6.7211227,6.882133,-1.5173253
2192,1437154534136,-6.7684083,6.795343,-1.3156139
2193,1437154534137,-6.6522894,6.8773446,-1.3186066
2194,1437154534138,-6.546346,6.9425864,-1.3090298
2195,1437154534139,-6.320094,7.0634937,-1.3102269
2196,1437154534140,-6.3488245,7.2747817,-1.4149733
2197,1437154534141,-6.2219315,7.3711486,-1.5310919
2198,1437154534142,-6.126762,7.474099,-1.453879
2199,1437154534143,-6.265626,7.5387425,-1.4047978
2200,1437154534144,-6.2650275,7.6231384,-1.4323312
2201,1437154534145,-6.2219315,7.5447283,-1.353921
2202,1437154534146,-6.2500634,7.5136037,-1.3072342
2203,1437154534147,-6.279991,7.4764934,-1.3162124
2204,1437154534148,-6.4284315,7.4788876,-1.2898762
2205,1437154534149,-6.4188547,7.3938932,-1.2785037
2206,1437154534150,-6.3099184,7.1987658,-1.1713632
2207,1437154534171,-6.3177,7.157466,-1.0845734
2208,1437154534192,-6.559514,7.161656,-1.1055226
2209,1437154534213,-6.4906807,7.1610575,-1.0737995
2210,1437154534231,-6.452972,7.171831,-1.0510546
2211,1437154534252,-6.35062,7.277176,-1.2180501
2212,1437154534273,-6.245275,7.3460093,-1.3227965
2213,1437154534292,-6.1926026,7.393295,-1.3976152
2214,1437154534311,-6.1183825,7.463924,-1.5005659
2215,1437154534333,-6.196194,7.575254,-1.5717934
2216,1437154534352,-6.2446766,7.5842323,-1.6172832
2217,1437154534372,-6.2446766,7.6225395,-1.6304513
2218,1437154534392,-6.2524576,7.6823945,-1.6065093
2219,1437154534411,-6.3512187,7.6464815,-1.6112977
2220,1437154534432,-6.285378,7.599795,-1.5628152
2221,1437154534453,-6.1644707,7.410054,-1.5514427
2222,1437154534473,-6.213552,7.326257,-1.4425066
2223,1437154534492,-6.50744,7.3310456,-1.4047978
2224,1437154534511,-6.501455,7.304111,-1.4383167
2225,1437154534532,-6.4787097,7.356185,-1.352724
2226,1437154534553,-6.469133,7.2861543,-1.3988123
2227,1437154534571,-6.206968,7.3286514,-1.3742718
2228,1437154534594,-6.2763996,7.404069,-1.2791022
2229,1437154534612,-6.0172276,7.3926964,-1.3503298
2230,1437154534633,-5.7790046,7.331644,-1.2216414
2231,1437154534653,-5.7185507,7.351995,-1.1935096
2232,1437154534673,-5.8586116,7.421427,-1.1288661
2233,1437154534693,-6.009446,7.4723034,-1.0498575
2234,1437154534713,-6.072294,7.551312,-1.0869676
2235,1437154534732,-6.085462,7.550115,-1.09834
2236,1437154534754,-6.0770826,7.642292,-1.1354501
2237,1437154534775,-6.2542534,7.771579,-1.2515689
2238,1437154534795,-6.2464724,7.799112,-1.3569138
2239,1437154534812,-6.1369376,7.7207017,-1.2892777
2240,1437154534834,-6.2512608,7.716512,-1.3826514
2241,1437154534855,-6.279991,7.6369047,-1.3551182
2242,1437154534875,-6.2207346,7.492056,-1.3090298
2243,1437154534895,-6.1938,7.381324,-1.2533646
2244,1437154534913,-6.327875,7.3286514,-1.1893197
2245,1437154534934,-6.4457893,7.325659,-1.1617863
2246,1437154534954,-6.365584,7.3190746,-1.1109096
2247,1437154534973,-6.3745623,7.368156,-1.1073183
2248,1437154534995,-6.311714,7.439383,-1.2174516
2249,1437154535014,-6.0106435,7.4645224,-1.3251907
2250,1437154535035,-5.871181,7.5004354,-1.4155718
2251,1437154535053,-5.9424086,7.593809,-1.578976
2252,1437154535075,-5.7269306,7.5483193,-1.7369933
2253,1437154535096,-5.617396,7.4896617,-1.9363106
2254,1437154535119,-5.647323,7.4848733,-2.1535845
2255,1437154535134,-5.768829,7.506421,-2.3642743
2256,1437154535155,-5.7748146,7.5680714,-2.5288756
2257,1437154535173,-5.8334723,7.6410947,-2.7138276
2258,1437154535195,-5.975329,7.7769656,-2.8341362
2259,1437154535213,-5.852626,7.864354,-2.9616275
2260,1437154535301,-5.770026,7.9086466,-2.9861681
2261,1437154535302,-5.8304796,7.9726915,-2.9604304
2262,1437154535303,-5.659893,7.897873,-2.9131448
2263,1437154535304,-5.357026,7.712322,-2.8550856
2264,1437154535313,-5.233126,7.5327573,-2.7389667
2265,1437154535333,-5.2804117,7.44896,-2.6641479
2266,1437154535354,-5.101445,7.6889787,-2.8137856
2267,1437154535373,-4.5561657,8.090606,-3.4680011
2268,1437154535393,-4.267066,8.185776,-3.6337996
2269,1437154535413,-3.9312792,8.145074,-3.728969
2270,1437154535433,-4.4753613,7.7093296,-3.9133227
2271,1437154535454,-5.29358,7.374141,-3.764882
2272,1437154535474,-5.317522,7.5848308,-3.9671922
2273,1437154535494,-5.931635,7.711125,-4.357447
2274,1437154535514,-5.866991,7.754221,-4.1706996
2275,1437154535535,-5.337274,7.53994,-4.1102457
2276,1437154535553,-5.433042,7.680599,-3.834314
2277,1437154535576,-5.737106,8.1756,-3.7618895
2278,1437154535596,-5.7825956,8.741829,-3.163339
2279,1437154535618,-5.140351,8.935161,-2.7748797
2280,1437154535635,-4.0318356,8.811261,-2.3648727
2281,1437154535654,-3.667917,9.089587,-1.9195513
2282,1437154535676,-4.5741224,9.26197,-1.9261353
2283,1437154535699,-4.3209357,9.144054,-2.0566192
2284,1437154535715,-3.6110547,8.9124155,-1.8136078
2285,1437154535738,-3.3985693,8.761581,-1.6687586
2286,1437154535754,-3.626617,8.708909,-1.4915876
2287,1437154535776,-3.9624038,8.735245,-1.2946646
2288,1437154535797,-3.9067385,8.665215,-1.2401965
2289,1437154535814,-3.6816838,8.58022,-1.0001777
2290,1437154535836,-3.6709096,8.663419,-0.88166475
2291,1437154535854,-3.8307228,8.719683,-1.0295067
2292,1437154535874,-4.0653543,8.63828,-0.87567925
2293,1437154535897,-4.3358994,8.360553,-0.5781997
2294,1437154535914,-4.5352163,8.8088665,-0.41240123
2295,1437154535934,-4.88896,8.789114,-0.6721721
2296,1437154535964,-4.981735,8.668806,-0.37948096
2297,1437154536020,-4.996699,8.326435,-0.049081136
2298,1437154536021,-4.613028,8.228272,0.09756372
2299,1437154536022,-4.472967,8.309077,0.23044191
2300,1437154536045,-4.575918,8.280347,0.39923313
2301,1437154536053,-4.1491513,8.12592,0.30705637
2302,1437154536078,-3.1358056,8.139688,0.20410569
2303,1437154536094,-2.7222073,8.446145,0.035314474
2304,1437154536113,-3.727772,8.697536,-0.048482586
2305,1437154536136,-4.4005427,8.772355,-0.06284779
2306,1437154536154,-4.1216183,8.656835,-0.110731825
2307,1437154536177,-4.040814,8.567651,-0.07182605
2308,1437154536196,-4.1503487,8.809465,-0.049081136
2309,1437154536215,-4.8225207,9.299079,0.15203181
2310,1437154536234,-3.645172,8.8088665,0.3824737
2311,1437154536258,-2.042254,8.36175,0.7032967
2312,1437154536276,-2.0093338,8.766968,0.90859956
2313,1437154536297,-3.007716,9.3733,0.39384618
2314,1437154536318,-2.961029,9.796474,0.16699557
2315,1437154536336,-2.460641,9.763555,0.40821138
2316,1437154536354,-2.2703018,9.796474,0.19273324
2317,1437154536375,-2.5007436,10.078991,0.10235212
2318,1437154536396,-2.7222073,10.1143055,0.28072014
2319,1437154536418,-2.4774003,9.92636,0.33877954
2320,1437154536436,-2.44029,9.667787,0.5057751
2321,1437154536454,-2.408567,9.476849,0.62009823
2322,1437154536475,-2.60968,9.454104,0.7009025
2323,1437154536494,-2.7162218,9.244612,0.7338228
2324,1437154536517,-2.5659857,9.227852,0.7344214
2325,1437154536534,-2.4744074,9.298481,0.55126494
2326,1437154536557,-2.4947581,9.424176,0.362123
2327,1437154536575,-2.9550436,9.86471,0.45070848
2328,1437154536596,-4.249708,9.951499,1.1923125
2329,1437154536618,-2.1733365,9.590573,1.1145009
2330,1437154536634,-1.4227544,9.640852,1.335366
2331,1437154536659,-1.6968905,9.332,1.258153
2332,1437154536675,-1.9788077,9.200917,1.1073183
2333,1437154536697,-2.5318682,8.903438,1.1976994
2334,1437154536715,-2.1272483,8.932168,1.1312603
2335,1437154536772,-2.4115596,9.449914,1.0073603
2336,1437154536774,-3.0460231,9.728839,1.1935096
2337,1437154536775,-2.4582467,9.786898,1.2611457
2338,1437154536795,-1.5478514,9.858724,1.4012065
2339,1437154536816,-2.0069396,10.253767,1.3802572
2340,1437154536836,-2.0763714,10.107721,1.4802152
2341,1437154536854,-1.4532804,9.952697,1.6124948
2342,1437154536874,-1.1432313,9.709086,1.6400281
2343,1437154536898,-1.3605051,9.898229,1.3551182
2344,1437154536914,-2.1703439,9.900622,1.4395138
2345,1437154536935,-2.2756886,9.853337,1.3826514
2346,1437154536957,-2.1230583,9.7324295,1.216853
2347,1437154536975,-2.2732944,9.973047,1.0468647
2348,1437154536998,-2.5719712,10.212467,0.8182184
2349,1437154537018,-2.7096379,10.2406,0.6386533
2350,1437154537037,-2.6013002,10.304645,0.30705637
2351,1437154537058,-2.697667,9.92636,0.017956512
2352,1437154537078,-2.9412768,9.816826,-0.22026655
2353,1437154537097,-2.9867666,9.459491,-0.6488287
2354,1437154537118,-3.0292637,8.835801,-0.7469909
2355,1437154537137,-3.5685577,8.661623,-0.8367735
2356,1437154537158,-4.0641575,8.583812,-1.0755951
2357,1437154537178,-4.4059296,8.226477,-1.0169371
2358,1437154537197,-5.1780596,7.6410947,-0.7212533
2359,1437154537219,-5.6706667,7.247847,-0.5129577
2360,1437154537240,-6.211158,7.211934,-0.2873042
2361,1437154537261,-6.8360443,7.2298903,-0.01436521
2362,1437154537275,-7.275979,7.523779,0.06584055
2363,1437154537297,-7.711724,7.3202715,0.14185645
2364,1437154537314,-7.259818,6.2261214,0.260968
2365,1437154537335,-5.827487,4.8386817,0.7188591
2366,1437154537355,-6.865972,5.007473,1.3808558
2367,1437154537380,-8.535329,5.2540755,1.0510546
2368,1437154537401,-8.485649,5.434838,1.1947067
2369,1437154537421,-8.160038,5.361216,1.6938977
2370,1437154537437,-8.34499,5.6389437,1.6214731
2371,1437154537458,-8.385692,6.033987,1.4676456
2372,1437154537536,-7.865551,5.769428,1.6531962
2373,1437154537537,-6.4272346,5.2923827,1.5951369
2374,1437154537538,-5.397728,5.2439003,1.4909891
2375,1437154537539,-5.999271,5.590461,1.1749545
2376,1437154537559,-7.079654,6.308123,0.8631097
2377,1437154537583,-7.36636,6.9102645,0.75118077
2378,1437154537596,-6.6145806,6.8330517,0.7290344
2379,1437154537626,-6.010045,6.163274,0.55844754
2380,1437154537635,-6.956353,6.4068837,0.19991584
2381,1437154537657,-9.10455,7.4322004,-0.033518825
2382,1437154537675,-9.451111,5.5383873,-0.99778354
2383,1437154537697,-6.244078,4.530428,-0.66379243
2384,1437154537721,-6.494272,4.349067,-0.11731588
2385,1437154537739,-8.067862,4.4915223,-1.2689269
2386,1437154537759,-8.104971,4.658518,-1.2814964
2387,1437154537778,-9.093178,4.7243586,-0.81043726
2388,1437154537798,-10.605117,5.391742,-1.1773487
2389,1437154537819,-11.498154,5.518635,-1.6011224
2390,1437154537838,-10.460267,5.2875943,-1.3078327
2391,1437154537859,-8.982447,4.95899,-0.8690952
2392,1437154537879,-7.8487916,5.0266266,-0.599149
2393,1437154537900,-6.70556,5.2684407,-0.362123
2394,1437154537916,-5.4527946,5.8903346,-0.12330139
2395,1437154537939,-6.1129956,7.3083005,-0.090381116
2396,1437154537961,-6.9844847,8.455722,-0.3465607
2397,1437154537981,-5.6646814,8.771756,-0.32022446
2398,1437154538000,-4.5633483,9.123106,0.12569559
2399,1437154538019,-4.548983,9.518747,-0.010175358
2400,1437154538037,-3.9594111,9.882068,-0.1412579
2401,1437154538056,-2.9975405,9.8198185,-0.31304187
2402,1437154538076,-2.6659436,9.390657,-0.35194764
2403,1437154538095,-2.837129,9.385869,-0.3776853
2404,1437154538115,-3.465607,9.861118,-0.6159084
2405,1437154538135,-3.5865142,10.055049,-0.8295909
2406,1437154538156,-2.7670987,9.934141,-0.9983821
2407,1437154538178,-2.9532478,9.546281,-1.3305776
2408,1437154538257,-3.8905778,9.209895,-1.3006501
2409,1437154538258,-4.489128,8.968081,-1.3192052
2410,1437154538259,-5.1182046,8.992023,-1.447295
2411,1437154538260,-5.7424927,8.934562,-1.5951369
2412,1437154538278,-6.019622,8.737639,-1.666963
2413,1437154538302,-6.051345,8.464102,-1.6238673
2414,1437154538318,-6.1770406,8.363545,-1.6172832
2415,1437154538349,-6.2339025,8.352771,-1.3640964
2416,1437154538356,-6.071097,8.207922,-1.0809821
2417,1437154538376,-6.007651,8.169615,-0.62249243
2418,1437154538399,-6.055535,7.8876977,-0.27114335
2419,1437154538418,-6.194997,7.716512,0.08738836
2420,1437154538442,-6.3607955,7.215525,0.48003745
2421,1437154538459,-6.273407,6.849811,0.93852705
2422,1437154538479,-7.543531,7.589619,1.299453
2423,1437154538499,-9.605537,7.4226236,0.9235633
2424,1437154538519,-5.8005524,4.059369,0.5919664
2425,1437154538539,-5.3875523,5.080496,2.7287915
2426,1437154538559,-9.883863,4.5100775,1.8716671
2427,1437154538579,-8.93576,5.297171,0.31783026
2428,1437154538599,-7.77517,5.385158,1.685518
2429,1437154538628,-7.93618,5.0517654,1.5245079
2430,1437154538641,-6.581062,5.715558,0.7918822
2431,1437154538656,-6.83784,6.318897,1.2916719
2432,1437154538676,-7.2604165,6.919243,1.1528081
2433,1437154538696,-7.1071877,7.088034,0.84216046
2434,1437154538716,-6.463746,6.4601545,0.8924387
2435,1437154538737,-5.9082913,5.905897,0.8643068
2436,1437154538756,-6.695385,5.975329,0.74758947
2437,1437154538776,-7.6943655,6.118981,0.16579847
2438,1437154538796,-7.8422074,5.9639564,-0.17836803
2439,1437154538817,-7.536947,5.6999955,-0.44711718
2440,1437154538836,-7.675811,5.5701103,-1.021127
2441,1437154538856,-7.951742,5.5377884,-1.4939818
2442,1437154538876,-8.373122,5.549161,-1.7501614
2443,1437154538897,-8.26239,5.1523223,-2.0015526
2444,1437154538960,-7.7811556,4.911106,-1.7483658
2445,1437154538961,-8.160637,4.979341,-1.4580688
2446,1437154538962,-7.865551,5.0930657,-1.3425486
2447,1437154538976,-7.0850415,5.061941,-0.92296475
2448,1437154538996,-7.6171527,5.837662,-0.33518824
2449,1437154539118,-9.7863,6.7600284,-0.010175358
2450,1437154539119,-10.527904,5.9041014,-0.019153614
2451,1437154539120,-9.306262,5.8634,0.7260417
2452,1437154539121,-10.047267,5.917868,0.80205756
2453,1437154539122,-8.794501,5.6000376,0.6368576
2454,1437154539123,-6.917447,4.933253,1.3724761
2455,1437154539137,-6.5247984,4.7644615,2.0272903
2456,1437154539155,-7.043741,4.8069587,1.7262194
2457,1437154539176,-6.616975,4.7243586,1.6466122
2458,1437154539196,-7.2843585,5.1864395,1.763928
2459,1437154539220,-8.550891,5.8400564,1.4850036
2460,1437154539240,-9.370906,6.1836243,1.6531962
2461,1437154539261,-8.428188,5.4887075,2.1535845
2462,1437154539280,-6.956353,4.972757,2.3612814
2463,1437154539300,-7.357382,4.9601874,2.6527755
2464,1437154539320,-8.003218,4.9506106,2.4863784
2465,1437154539341,-7.8050976,4.8799815,2.2732944
2466,1437154539361,-7.4190326,4.362834,2.0931308
2467,1437154539380,-6.3883286,3.8857894,1.7764976
2468,1437154539395,-6.581062,4.485537,1.9021933
2469,1437154539421,-8.95611,5.5856724,1.834557
2470,1437154539440,-10.017939,5.425261,1.6424223
2471,1437154539460,-7.566276,4.787206,2.1583729
2472,1437154539480,-8.034343,5.6239796,2.2002714
2473,1437154539500,-10.538677,6.5846534,0.94930094
2474,1437154539520,-9.920973,6.3727665,0.30885202
2475,1437154539535,-7.875128,5.535993,0.9463082
2476,1437154539559,-7.0844426,5.1810527,0.7020996
2477,1437154539580,-6.739079,5.2139726,0.1921347
2478,1437154539597,-6.5523314,4.95899,0.6751649
2479,1437154539764,-6.501455,4.5046906,1.0672154
2480,1437154539765,-6.855198,4.305373,1.2587515
2481,1437154539766,-8.263587,4.601057,1.4000094
2482,1437154539767,-9.51336,5.0308166,1.1192893
2483,1437154539768,-10.135254,5.3318872,0.81642276
2484,1437154539769,-9.463082,5.122993,0.682946
2485,1437154539770,-8.421006,4.8865657,0.7032967
2486,1437154539771,-7.963713,4.684854,0.79846627
2487,1437154539800,-7.9068513,4.712986,0.9283517
2488,1437154539801,-8.110358,4.907515,0.91219085
2489,1437154539842,-8.375516,5.0104656,0.8182184
2490,1437154539843,-8.30369,4.9536033,0.7811083
2491,1437154539865,-8.380903,4.960786,0.6476316
2492,1437154539878,-8.513183,4.9015293,0.48722005
2493,1437154539898,-8.583213,4.809353,0.36870706
2494,1437154539920,-8.494029,4.5621514,0.3812766
2495,1437154539937,-8.38629,4.457405,0.2789245
2496,1437154539957,-8.672996,4.3807907,0.29867667
2497,1437154539978,-8.772954,4.280833,0.45968673
2498,1437154539998,-8.814852,4.0785227,0.6560113
2499,1437154540018,-8.881889,3.918111,0.74758947
2500,1437154540038,-8.804078,3.7122097,0.80445176
2501,1437154540058,-8.887277,3.6469676,0.7667431
2502,1437154540078,-9.06744,3.5476084,0.66498953
2503,1437154540098,-8.926781,3.4620156,0.55246204
2504,1437154540122,-9.020754,3.3961751,0.48722005
2505,1437154540137,-9.085996,3.2740707,0.5255273
2506,1437154540159,-9.077017,3.2507274,0.54288524
2507,1437154540177,-9.3182335,3.3243492,0.5315128
2508,1437154540201,-9.456498,3.3183637,0.61112
2509,1437154540218,-9.2547865,3.2513258,0.7469909
2510,1437154540241,-9.11293,3.2387564,0.86610246
2511,1437154540260,-9.225458,3.3596635,0.83138657
2512,1437154540278,-9.291298,3.357868,0.6877344
2513,1437154540299,-8.995614,3.304597,0.5542577
2514,1437154540321,-8.468291,2.0260932,0.8972271
2515,1437154540341,-9.147646,2.505532,0.9780314
2516,1437154540359,-10.462063,1.8830396,0.16340427
2517,1437154540377,-10.26933,1.6430209,-0.35075054
2518,1437154540398,-10.562021,2.2385786,1.436521
2519,1437154540433,-9.133281,3.2381577,0.41718966
2520,1437154540436,-8.678981,3.1621418,0.9283517
2521,1437154540457,-8.248624,3.4883518,0.6027403
2522,1437154540478,-8.843582,3.2878375,0.4878186
2523,1437154540496,-8.911219,3.052607,0.35673606
2524,1437154540519,-9.949704,2.5258827,0.23822308
2525,1437154540541,-9.033323,3.1070752,0.53091425
2526,1437154540559,-9.123106,3.1370027,0.6027403
2527,1437154540581,-9.118318,3.0466216,0.46567222
2528,1437154540600,-9.326612,3.0801406,0.3764882
2529,1437154540617,-9.248202,3.0119057,0.47405192
2530,1437154540647,-9.138668,3.0466216,0.5638345
2531,1437154540658,-9.163807,3.0376434,0.58119243
2532,1437154540680,-9.190742,3.0759506,0.55964464
2533,1437154540699,-9.196728,3.0897174,0.59136784
2534,1437154540722,-9.244013,3.0292637,0.62488663
2535,1437154540738,-9.190144,3.0304608,0.6464345
2536,1437154540761,-9.160215,3.063381,0.60932434
2537,1437154540782,-9.130887,3.0232782,0.59855044
2538,1437154540801,-9.100361,2.9897594,0.60812724
2539,1437154540822,-9.165004,3.0131028,0.57041854
2540,1437154540841,-9.234436,3.0609868,0.6218939
2541,1437154540861,-9.162011,2.9963434,0.59495914
2542,1437154540881,-9.185355,3.0418332,0.5422867
2543,1437154540901,-9.248801,3.084929,0.4997896
2544,1437154540923,-9.268554,3.1387985,0.50278234
2545,1437154540942,-9.251794,3.0855274,0.52073884
2546,1437154540962,-9.276335,3.1094694,0.4985925
2547,1437154540979,-9.218874,3.0214825,0.5614403
2548,1437154540999,-9.1512375,3.0346506,0.59376204
2549,1437154541080,-9.132084,2.9682117,0.5722142
2550,1437154541081,-9.124901,3.0107086,0.6087258
2551,1437154541082,-9.208698,3.0508115,0.56802434
2552,1437154541083,-9.199121,3.0723593,0.58298814
2553,1437154541100,-9.188348,3.0496144,0.5781997
2554,1437154541123,-9.232041,3.0520086,0.56922144
2555,1437154541138,-9.206305,3.019687,0.5835867
2556,1437154541170,-9.170391,3.064578,0.6147113
2557,1437154541179,-9.221268,3.0885203,0.5386954
2558,1437154541199,-9.196728,3.039439,0.58538234
2559,1437154541225,-9.136872,3.0400376,0.61112
2560,1437154541240,-9.208698,3.0400376,0.5955577
2561,1437154541263,-9.19972,3.0490158,0.5859809
2562,1437154541281,-9.218874,3.0777464,0.6015432
2563,1437154541302,-9.167996,3.0585926,0.6242881
2564,1437154541322,-9.1668,3.040636,0.61650693
2565,1437154541342,-9.163208,3.0310593,0.65062433
2566,1437154541363,-9.175778,3.0532057,0.6278794
2567,1437154541382,-9.194333,3.0352492,0.61411273
2568,1437154541402,-9.174581,3.0490158,0.6356605
2569,1437154541422,-9.209297,3.0603883,0.5793968
2570,1437154541442,-9.18715,3.0202854,0.5686229
2571,1437154541460,-9.190144,3.0442274,0.57879823
2572,1437154541481,-9.129689,2.971803,0.5967548
2573,1437154541502,-9.144653,3.0262709,0.64942724
2574,1437154541521,-9.248801,3.063381,0.57400984
2575,1437154541543,-9.281123,3.093907,0.5566519
2576,1437154541560,-9.188946,3.0556,0.6194997
2577,1437154541593,-9.168595,3.0573955,0.6721721
2578,1437154541615,-9.196129,3.0538042,0.6715736
2579,1437154541620,-9.181764,3.0304608,0.6218939
2580,1437154541640,-9.160215,3.0244753,0.6338649
2581,1437154541661,-9.1512375,3.0137014,0.641646
2582,1437154541679,-9.198523,3.0544028,0.61171854
2583,1437154541701,-9.215282,3.122039,0.6027403
2584,1437154541721,-9.160814,3.0142999,0.61890113
2585,1437154541790,-9.164406,3.0585926,0.6278794
2586,1437154541792,-9.219472,3.080739,0.5907693
2587,1437154541793,-9.167996,2.9640217,0.6266823
2588,1437154541805,-9.211691,2.9682117,0.6099229
2589,1437154541820,-9.228451,2.984971,0.6865373
2590,1437154541845,-9.238028,3.105878,0.7278373
2591,1437154541882,-9.324219,3.2094274,0.6452374
2592,1437154541883,-9.283517,3.157952,0.66139823
2593,1437154541899,-9.020754,3.0819361,0.688333
2594,1437154541922,-9.089587,3.1016884,0.61171854
2595,1437154541946,-9.320028,3.091513,0.6278794
2596,1437154541960,-9.456498,3.0693667,0.6183026
2597,1437154541983,-9.135675,3.0340521,0.61411273
2598,1437154542000,-9.192537,2.9616275,0.6290765
2599,1437154542022,-9.576807,2.8814218,1.0253168
2600,1437154542042,-9.859921,2.8766334,0.4854244
2601,1437154542062,-11.549629,2.5791538,0.8846575
2602,1437154542084,-8.317456,3.0352492,0.29269117
2603,1437154542103,-8.684967,2.9125464,0.7194576
2604,1437154542123,-10.253767,3.3153708,0.6865373
2605,1437154542143,-9.372701,3.6314054,0.24839842
2606,1437154542162,-8.881889,3.555988,0.74878657
2607,1437154542180,-8.746018,3.9151182,0.5722142
2608,1437154542201,-8.449737,4.1796775,0.36631286
2609,1437154542223,-7.880515,4.260482,0.5093664
2610,1437154542243,-8.019978,4.6178164,0.4321534
2611,1437154542263,-8.663419,4.8799815,0.39324763
2612,1437154542281,-8.640076,4.9266686,0.47884035
2613,1437154542301,-8.396465,4.8973393,0.50397944
2614,1437154542322,-8.171411,4.959589,0.46208093
2615,1437154542343,-8.129512,5.0463786,0.44592008
2616,1437154542363,-8.276156,5.0020857,0.5351041
2617,1437154542381,-8.319851,5.0679264,0.6476316
2618,1437154542401,-7.972093,5.079299,0.59735334
2619,1437154542421,-7.824251,5.2121773,0.48243165
2620,1437154542441,-7.6949644,5.4204726,0.4866215
2621,1437154542460,-7.843405,5.5826797,0.40880993
2622,1437154542533,-7.751228,5.6431336,0.3854665
2623,1437154542534,-7.503428,5.5605335,0.39683893
2624,1437154542535,-7.467515,5.4701524,0.36032736
2625,1437154542546,-7.331644,5.4444146,0.3477578
2626,1437154542560,-8.007407,5.7395,0.48243165
2627,1437154542588,-8.378509,5.7245364,0.3824737
2628,1437154542603,-7.9451585,5.6185927,0.5351041
2629,1437154542621,-8.179192,5.469554,0.5482722
2630,1437154542681,-8.070854,5.345055,0.6051345
2631,1437154542682,-8.039729,5.317522,0.7529764
2632,1437154542683,-7.8589673,5.230732,0.6667852
2633,1437154542706,-7.9104424,5.222951,0.85293436
2634,1437154542722,-8.339603,5.517438,0.789488
2635,1437154542744,-8.387487,5.816713,0.60333884
2636,1437154542763,-8.567052,6.0046577,0.4878186
2637,1437154542783,-7.6530657,5.8065376,0.2753332
2638,1437154542804,-6.7947445,6.0022635,0.19812019
2639,1437154542823,-7.1526775,6.1369376,0.04309563
2640,1437154542843,-7.386112,6.2901664,0.15203181
2641,1437154542863,-7.3723454,6.1327477,0.15442601
2642,1437154542883,-7.4447703,6.023213,0.30346507
2643,1437154542903,-7.5692687,5.9412117,0.3788824
2644,1437154542923,-7.6985555,6.001665,0.4417302
2645,1437154542941,-7.997831,6.033987,0.5554548
2646,1437154542963,-7.764396,5.949591,0.5793968
2647,1437154542983,-7.5088153,5.8532248,0.58418524
2648,1437154543003,-7.5908165,5.945401,0.5883751
2649,1437154543022,-8.145074,6.211756,0.6907272
2650,1437154543041,-7.8344264,6.157887,0.4333505
2651,1437154543063,-6.9605427,5.893926,0.53211135
2652,1437154543083,-7.290344,6.0740895,0.46267948
2653,1437154543105,-7.5028296,6.3643866,0.13227965
2654,1437154543136,-7.2849574,6.2404866,0.22744916
2655,1437154543178,-7.306505,6.3709707,0.34835634
2656,1437154543180,-7.7308774,6.445191,0.23163901
2657,1437154543181,-7.668628,6.409278,0.42317516
2658,1437154543201,-7.65965,6.3224883,0.45010993
2659,1437154543257,-6.96174,6.0567317,0.4878186
2660,1437154543265,-7.1849995,6.2315083,0.5674258
2661,1437154543266,-7.316082,6.2740054,0.37110126
2662,1437154543286,-7.358579,6.469133,0.48722005
2663,1437154543301,-7.32506,6.3631897,0.38845924
2664,1437154543324,-7.466318,6.555923,0.3728969
2665,1437154543340,-7.3507977,6.3548098,0.40880993
2666,1437154543371,-6.8587894,6.675633,0.38307226
2667,1437154543381,-7.1963716,6.7570357,0.26036942
2668,1437154543403,-7.0569096,6.906075,0.39923313
2669,1437154543425,-6.5367694,6.8767457,0.3405752
2670,1437154543441,-6.3769565,7.107786,0.32321724
2671,1437154543464,-6.509236,7.213131,0.24361002
2672,1437154543482,-6.4284315,7.1981673,0.2885013
2673,1437154543504,-6.355408,7.282563,0.2717419
2674,1437154543520,-6.545149,7.2789717,0.2112883
2675,1437154543545,-6.7468605,7.3406224,0.23942018
2676,1437154543561,-6.606201,7.227496,0.22266077
2677,1437154543582,-6.467936,7.2089415,0.3321955
2678,1437154543601,-6.497265,7.1592617,0.260968
2679,1437154543621,-6.5846534,7.1784153,0.2717419
2680,1437154543644,-6.5385647,7.1568675,0.26156655
2681,1437154543662,-6.4870896,7.0700774,0.320823
2682,1437154543681,-6.9587474,7.273585,0.3752911
2683,1437154543703,-6.579266,7.0784574,0.17597382
2684,1437154543736,-6.1542954,7.041347,0.30286652
2685,1437154543742,-6.785766,7.2388687,0.26635495
2686,1437154543763,-7.1185603,7.380127,0.23882163
2687,1437154543783,-6.771401,7.2364745,0.39923313
2688,1437154543804,-6.5020533,7.129933,0.4842273
2689,1437154543821,-6.245275,7.086837,0.4321534
2690,1437154543841,-6.2901664,7.065888,0.504578
2691,1437154543861,-6.405088,6.987478,0.47405192
2692,1437154543881,-6.3009405,6.821679,0.5033809
2693,1437154543901,-6.4128695,6.6247563,0.62368953
2694,1437154543921,-6.881534,7.021595,0.7134721
2695,1437154543976,-7.5884223,7.374141,0.28670564
2696,1437154543977,-6.9437833,7.529764,0.45070848
2697,1437154543983,-6.287772,7.5327573,0.5955577
2698,1437154544001,-5.5898623,7.675212,0.39923313
2699,1437154544021,-5.4444146,7.681796,0.25857377
2700,1437154544042,-5.6569,7.551312,0.44532153
2701,1437154544062,-5.7760115,7.463924,0.44951138
2702,1437154544134,-6.2512608,7.367557,0.3728969
2703,1437154544135,-6.4302273,7.3106947,0.5117606
2704,1437154544136,-6.7306995,7.5171947,0.5201403
2705,1437154544148,-6.5385647,7.421427,0.45130703
2706,1437154544161,-6.1112,7.5165963,0.52253455
2707,1437154544184,-6.0902505,7.4872675,0.50158525
2708,1437154544200,-6.1159883,7.1670427,0.7320272
2709,1437154544221,-6.5098343,7.5345526,0.7218518
2710,1437154544242,-6.5966244,7.5447283,0.3549404
2711,1437154544265,-6.0884547,7.442376,0.53570265
2712,1437154544285,-6.2063694,7.356185,0.45848963
2713,1437154544305,-6.443994,7.542334,0.3866636
2714,1437154544323,-6.0926447,7.264008,0.4141969
2715,1437154544341,-6.2979474,7.253833,0.44771573
2716,1437154544365,-6.582259,7.201759,0.29269117
2717,1437154544385,-6.815694,7.114969,0.427365
2718,1437154544405,-6.8599863,6.9826894,0.50397944
2719,1437154544422,-6.729502,7.043143,0.52852005
2720,1437154544442,-6.746262,7.018004,0.44711718
2721,1437154544465,-6.601413,7.1143703,0.44472298
2722,1437154544485,-6.473323,7.1544733,0.2621651
2723,1437154544505,-6.625953,7.1407065,0.272939
2724,1437154544522,-6.7947445,7.2221093,0.22325931
2725,1437154544541,-6.7725983,7.111976,0.16220717
2726,1437154544562,-6.59423,6.9449806,0.2873042
2727,1437154544582,-6.5984197,6.859388,0.22505496
2728,1437154544605,-6.7241154,6.8324533,0.22864626
2729,1437154544623,-6.688801,6.725911,0.25617957
2730,1437154544643,-6.7043633,6.757634,0.2681506
2731,1437154544663,-6.9342065,6.891111,0.23163901
2732,1437154544683,-6.9689226,6.9144545,0.26994625
2733,1437154544714,-6.865972,6.940192,0.28670564
2734,1437154544792,-7.03177,7.1071877,0.30705637
2735,1437154544793,-7.053318,7.0706763,0.33399114
2736,1437154544794,-6.7971387,7.029376,0.45848963
2737,1437154544795,-6.819285,7.017405,0.45908818
2738,1437154544809,-6.747459,7.0108213,0.4890157
2739,1437154544836,-6.5631056,6.8887167,0.52253455
2740,1437154544842,-6.503849,6.899491,0.47465047
2741,1437154544862,-6.7318964,6.9288197,0.46686932
2742,1437154544891,-6.634333,6.927623,0.46507367
2743,1437154544911,-6.663662,6.9366007,0.4950012
2744,1437154544922,-6.7666125,7.0156097,0.50278234
2745,1437154544942,-6.872556,7.028179,0.50876784
2746,1437154544962,-6.839636,7.019799,0.55365914
2747,1437154544984,-6.9348054,7.025785,0.54887074
2748,1437154545005,-6.84203,6.965331,0.62728083
2749,1437154545024,-6.751649,6.971317,0.65421563
2750,1437154545045,-6.793547,7.0024414,0.7308301
2751,1437154545063,-6.607398,6.96174,0.7380127
2752,1437154545084,-6.5457473,6.9904704,0.7930793
2753,1437154545105,-6.633734,7.0275807,0.789488
2754,1437154545125,-6.6307416,7.0287776,0.79726917
2755,1437154545143,-6.6247563,6.9946604,0.88525605
2756,1437154545163,-6.6056023,7.006033,0.87927055
2757,1437154545186,-6.667852,7.065888,0.8888474
2758,1437154545206,-6.5744777,6.979098,0.8678981
2759,1437154545226,-6.4667387,7.028179,0.86969376
2760,1437154545245,-6.479907,7.019201,0.76434886
2761,1437154545263,-6.541558,7.0832458,0.7667431
2762,1437154545284,-6.607398,7.089231,0.6805518
2763,1437154545306,-6.692991,7.1155677,0.6631939
2764,1437154545326,-6.7869635,7.0964136,0.6368576
2765,1437154545346,-6.661866,7.0515227,0.6817489
2766,1437154545364,-6.5870476,6.941988,0.7092823
2767,1437154545383,-6.691195,6.9904704,0.724246
2768,1437154545404,-6.7199254,6.969521,0.6572084
2769,1437154545432,-6.733692,6.985682,0.6877344
2770,1437154545494,-6.7809777,6.938995,0.65541273
2771,1437154545495,-6.7205243,6.938995,0.6781576
2772,1437154545496,-6.7749925,6.923433,0.6099229
2773,1437154545514,-6.809708,6.940192,0.6290765
2774,1437154545525,-6.8402343,6.908469,0.57041854
2775,1437154545543,-6.8252707,6.879739,0.587178
2776,1437154545563,-6.8282633,6.8222775,0.56982
2777,1437154545583,-6.8749504,6.8360443,0.587178
2778,1437154545603,-6.8887167,6.8557963,0.57640404
2779,1437154545623,-6.896498,6.865972,0.55844754
2780,1437154545644,-6.8970966,6.8132997,0.60453594
2781,1437154545672,-6.799533,6.8222775,0.55844754
2782,1437154545683,-7.015011,6.943185,0.54049104
2783,1437154545703,-6.997653,6.935404,0.48722005
2784,1437154545724,-6.8545995,6.8869214,0.5781997
2785,1437154545744,-6.703765,6.8557963,0.6254852
2786,1437154545766,-6.727108,6.917447,0.5931635
2787,1437154545783,-6.8121023,6.932411,0.5883751
2788,1437154545804,-6.7642183,6.9784994,0.5554548
2789,1437154545826,-6.695385,6.953959,0.5021838
2790,1437154545846,-6.6624646,6.9928646,0.5009867
2791,1437154545866,-6.75524,7.023391,0.45789108
2792,1437154545884,-6.7229185,6.987478,0.492607
2793,1437154545909,-6.845621,6.9946604,0.50637364
2794,1437154545926,-6.9485717,6.9862804,0.5267244
2795,1437154545944,-6.7863646,6.95755,0.5835867
2796,1437154545969,-6.7360864,6.8893156,0.60453594
2797,1437154545984,-6.7642183,6.8929067,0.6314707
2798,1437154546004,-6.707356,6.8869214,0.57041854
2799,1437154546023,-6.7426705,6.968324,0.58298814
2800,1437154546043,-6.7887588,7.0066314,0.52253455
2801,1437154546063,-6.711546,6.991069,0.581791
2802,1437154546085,-6.8067155,6.999449,0.6206968
2803,1437154546104,-6.766014,7.004237,0.6254852
2804,1437154546124,-6.7372837,6.979098,0.6865373
2805,1437154546145,-6.671443,6.96593,0.7212533
2806,1437154546172,-6.711546,6.9970546,0.7038953
2807,1437154546245,-6.6762314,7.031172,0.66379243
2808,1437154546246,-6.6726403,7.007828,0.7164649
2809,1437154546247,-6.6684504,6.947375,0.7128736
2810,1437154546248,-6.5858502,6.885724,0.7410054
2811,1437154546266,-6.83365,6.92044,0.7589619
2812,1437154546285,-6.979098,6.8863225,0.7320272
2813,1437154546303,-6.88752,6.7761893,0.80924016
2814,1437154546323,-6.8360443,6.7426705,0.83378077
2815,1437154546349,-6.870162,6.752846,0.7739257
2816,1437154546365,-6.8851256,6.741473,0.81163436
2817,1437154546386,-6.873753,6.835446,0.7445967
2818,1437154546405,-6.8647747,6.869563,0.65421563
2819,1437154546424,-6.791153,6.947375,0.6775591
2820,1437154546447,-6.7211227,7.004237,0.56682724
2821,1437154546466,-6.670246,7.0024414,0.54887074
2822,1437154546487,-6.730101,6.977302,0.5883751
2823,1437154546506,-6.8067155,6.947375,0.5895722
2824,1437154546524,-6.8647747,6.9144545,0.64583594
2825,1437154546548,-6.8653736,6.827066,0.664391
2826,1437154546566,-6.955156,6.793547,0.6823475
2827,1437154546587,-6.9725137,6.6840124,0.7206547
2828,1437154546606,-6.915053,6.5720835,0.80325466
2829,1437154546628,-7.020398,6.4218473,0.8319851
2830,1437154546648,-7.1023993,6.3272767,0.89064306
2831,1437154546666,-7.256227,6.227917,0.92655605
2832,1437154546690,-7.3986816,6.159084,0.93134445
2833,1437154546704,-7.5094137,6.075287,0.9343372
2834,1437154546726,-7.6015906,6.0465565,0.89902276
2835,1437154546744,-7.689577,6.0441623,0.8487445
2836,1437154546764,-7.617751,6.0184245,0.7906851
2837,1437154546784,-7.619547,6.081272,0.7781156
2838,1437154546805,-7.548918,6.078878,0.7404069
2839,1437154546826,-7.4351935,6.113594,0.7673417
2840,1437154546846,-7.5465236,6.245275,0.7433996
2841,1437154546865,-7.6560583,6.2859764,0.7332243
2842,1437154546889,-7.5483193,6.205771,0.8074445
2843,1437154546949,-7.3962874,6.2500634,0.7739257
2844,1437154546950,-7.4375877,6.311714,0.6835446
2845,1437154546951,-7.355586,6.395511,0.64583594
2846,1437154546974,-7.244256,6.3338604,0.61112
2847,1437154546984,-7.141904,6.3949127,0.6266823
2848,1437154547013,-7.233482,6.459556,0.6051345
2849,1437154547025,-7.2448545,6.5188127,0.5967548
2850,1437154547046,-7.1927805,6.517017,0.59615624
2851,1437154547067,-7.227496,6.5487404,0.557849
2852,1437154547085,-7.2005615,6.5577183,0.5979519
2853,1437154547107,-7.177218,6.5379663,0.641646
2854,1437154547125,-7.203554,6.5607114,0.65780693
2855,1437154547146,-7.1347213,6.5744777,0.6817489
2856,1437154547165,-7.0940194,6.588843,0.6811504
2857,1437154547188,-7.0407486,6.6271505,0.66259533
2858,1437154547206,-6.977302,6.5960255,0.6667852
2859,1437154547228,-6.939594,6.609792,0.676362
2860,1437154547248,-7.0263834,6.612785,0.7092823
2861,1437154547267,-7.071873,6.6642604,0.7062895
2862,1437154547288,-7.0305734,6.659472,0.7422025
2863,1437154547308,-7.041946,6.582259,0.7350199
2864,1437154547327,-7.0156097,6.597223,0.78529817
2865,1437154547346,-7.049727,6.5744777,0.7990648
2866,1437154547368,-7.0784574,6.619968,0.8122329
2867,1437154547387,-6.9383965,6.5708866,0.80684596
2868,1437154547408,-7.016208,6.625953,0.7942764
2869,1437154547425,-7.125743,6.6828156,0.7374141
2870,1437154547447,-7.055712,6.6786256,0.7541735
2871,1437154547469,-6.938995,6.6307416,0.83138657
2872,1437154547487,-6.9342065,6.669647,0.7870938
2873,1437154547508,-7.092224,6.787562,0.78050977
2874,1437154547528,-7.077859,6.7839704,0.7685388
2875,1437154547547,-6.945579,6.771401,0.7577648
2876,1437154547567,-6.929418,6.797737,0.74519527
2877,1437154547586,-6.9360023,6.8013287,0.7074866
2878,1437154547608,-6.8025255,6.7253127,0.7589619
2879,1437154547697,-6.985682,6.7893577,0.80684596
2880,1437154547698,-6.96593,6.7989345,0.7733272
2881,1437154547699,-6.8731546,6.737882,0.9235633
2882,1437154547700,-6.9066734,6.8127007,0.9151836
2883,1437154547709,-6.851607,6.8198833,0.93014735
2884,1437154547731,-6.7887588,6.8360443,0.97862995
2885,1437154547751,-6.725911,6.8402343,0.9660604
2886,1437154547765,-6.703765,6.8450227,0.9487024
2887,1437154547785,-6.655881,6.8450227,0.92057055
2888,1437154547807,-6.755839,6.8749504,0.8678981
2889,1437154547828,-6.7803793,6.9024835,0.85293436
2890,1437154547846,-6.9006877,6.9210386,0.81522566
2891,1437154547867,-6.7330937,6.859388,0.8098387
2892,1437154547885,-6.7109475,6.758233,0.85473
2893,1437154547908,-6.7630215,6.7324953,0.8331822
2894,1437154547929,-6.8653736,6.683414,0.85652566
2895,1437154547948,-6.8569937,6.588843,0.8367735
2896,1437154547968,-7.073669,6.6504936,0.7356185
2897,1437154547989,-7.313089,6.6684504,0.7260417
2898,1437154548008,-7.330447,6.704962,0.6931214
2899,1437154548029,-7.2005615,6.5924344,0.6859388
2900,1437154548048,-7.1484876,6.6325374,0.6895301
2901,1437154548069,-7.1832037,6.6510925,0.6422446
2902,1437154548087,-7.076063,6.5565214,0.6877344
2903,1437154548108,-7.1251445,6.5924344,0.6955156
2904,1437154548129,-7.056311,6.7360864,0.6404489
2905,1437154548148,-7.0090256,6.7923503,0.682946
2906,1437154548165,-6.8528037,6.6109896,0.694917
2907,1437154548185,-6.803723,6.645107,0.75477207
2908,1437154548206,-6.985682,6.729502,0.66618663
2909,1437154548227,-6.877943,6.6870055,0.7320272
2910,1437154548247,-6.8623805,6.553529,0.82001406
2911,1437154548269,-6.7773867,6.6947865,0.78410107
2912,1437154548289,-6.999449,6.637924,0.6691794
2913,1437154548309,-7.428011,7.029376,0.8182184
2914,1437154548327,-7.169437,6.7265096,0.6440403
2915,1437154548354,-6.6612678,6.5696893,0.9032126
2916,1437154548428,-7.061698,6.601413,0.84814596
2917,1437154548429,-7.241862,6.741473,0.7098808
2918,1437154548430,-6.955156,6.471527,0.8631097
2919,1437154548431,-7.2089415,6.581062,0.88286185
2920,1437154548446,-7.2352777,6.5684924,0.717662
2921,1437154548468,-6.977901,6.5840545,0.8475474
2922,1437154548486,-6.89171,6.5696893,0.74878657
2923,1437154548506,-6.779781,6.8186865,0.6290765
2924,1437154548532,-6.7486563,6.827665,0.57640404
2925,1437154548547,-6.9557543,6.8001313,0.6380547
2926,1437154548568,-7.129933,6.885724,0.5686229
2927,1437154548588,-7.0245876,6.7731967,0.55605334
2928,1437154548610,-6.9982514,6.736685,0.6697779
2929,1437154548629,-6.9102645,6.70975,0.59136784
2930,1437154548649,-7.04434,6.7719994,0.705691
2931,1437154548669,-6.9743094,6.7827735,0.670975
2932,1437154548689,-6.8252707,6.823475,0.6937199
2933,1437154548709,-6.8587894,6.849811,0.7098808
2934,1437154548729,-6.7845693,6.9240313,0.6715736
2935,1437154548750,-6.8210807,7.0287776,0.6500258
2936,1437154548771,-6.775591,6.985682,0.5722142
2937,1437154548786,-6.6361284,6.8162923,0.6027403
2938,1437154548806,-6.771401,6.7564373,0.5327099
2939,1437154548826,-6.9689226,6.6361284,0.5398925
2940,1437154548846,-7.1700354,6.6002154,0.61650693
2941,1437154548866,-7.2149267,6.476914,0.6356605
2942,1437154548887,-7.2328835,6.4068837,0.6985083
2943,1437154548915,-7.327454,6.345233,0.7254431
2944,1437154548926,-7.429806,6.3871317,0.7667431
2945,1437154548946,-7.4483614,6.337452,0.7799112
2946,1437154548966,-7.393295,6.339846,0.88944596
2947,1437154548986,-7.350199,6.3482256,0.8822633
2948,1437154549010,-7.241862,6.3829417,0.8912416
2949,1437154549028,-7.195773,6.5146227,0.8798691
2950,1437154549048,-7.0832458,6.5523314,0.82001406
2951,1437154549067,-6.8851256,6.569091,0.7858967
2952,1437154549134,-6.996456,6.6403184,0.75237787
2953,1437154549135,-7.1089835,6.7330937,0.6817489
2954,1437154549136,-6.968324,6.633734,0.6985083
2955,1437154549157,-6.817489,6.627749,0.7835025
2956,1437154549166,-6.988076,6.707356,0.7332243
2957,1437154549186,-7.00723,6.7767878,0.7356185
2958,1437154549206,-6.9689226,6.728904,0.66618663
2959,1437154549226,-6.8767457,6.7450647,0.6338649
2960,1437154549251,-6.8851256,6.8162923,0.57520694
2961,1437154549278,-6.968324,6.925827,0.54527944
2962,1437154549288,-6.797737,6.8947024,0.5494693
2963,1437154549312,-6.953959,7.0006456,0.5542577
2964,1437154549327,-6.8839283,6.994062,0.50996494
2965,1437154549346,-6.75943,6.928221,0.6159084
2966,1437154549370,-6.687604,6.84203,0.56922144
2967,1437154549390,-6.693589,6.791153,0.60573304
2968,1437154549410,-6.82946,6.799533,0.5955577
2969,1437154549429,-6.7965403,6.7983356,0.5093664
2970,1437154549450,-6.795343,6.6870055,0.5506664
2971,1437154549467,-6.847417,6.658275,0.58298814
2972,1437154549490,-6.9820905,6.5984197,0.58119243
2973,1437154549510,-7.0227923,6.485294,0.64703304
2974,1437154549532,-7.143699,6.377555,0.64583594
2975,1437154549546,-7.270592,6.254852,0.7278373
2976,1437154549569,-7.356185,6.118981,0.7314286
2977,1437154549590,-7.2191167,6.114791,0.7026982
2978,1437154549610,-7.2789717,6.1704564,0.65780693
2979,1437154549630,-7.265804,6.0585275,0.6955156
2980,1437154549650,-7.197569,5.9561753,0.76075757
2981,1437154549670,-7.575853,5.8891377,0.86969376
2982,1437154549689,-7.9008656,5.7963624,0.86370826
2983,1437154549710,-7.843405,5.5778913,0.9391256
2984,1437154549730,-7.855376,5.3767786,0.973243
2985,1437154549750,-8.139688,5.221754,0.9415198
2986,1437154549772,-8.42759,5.064934,0.8924387
2987,1437154549790,-8.555679,4.8524485,0.89543146
2988,1437154549808,-8.734647,4.6375685,0.90740246
2989,1437154549889,-8.740632,4.462792,0.9259575
2990,1437154549890,-8.670602,4.322731,0.91578215
2991,1437154549891,-8.576629,4.292804,0.866701
2992,1437154549892,-8.592192,4.353257,0.79367787
2993,1437154549910,-8.620323,4.302979,0.78529817
2994,1437154549933,-8.71669,4.2634745,0.8439561
2995,1437154549948,-8.893861,4.208408,0.8295909
2996,1437154549980,-8.871116,4.123414,0.87208796
2997,1437154549997,-8.837597,3.9803603,0.9103952
2998,1437154550008,-8.759786,3.903746,0.9091981
2999,1437154550033,-8.827422,3.8229415,0.89064306
3000,1437154550048,-8.838196,3.7259765,0.8858546
3001,1437154550072,-8.822633,3.5416229,0.9487024
3002,1437154550090,-9.15423,3.448249,0.9768343
3003,1437154550110,-9.572617,3.3327289,1.0061632
3004,1437154550130,-9.41879,3.2770636,0.91338795
3005,1437154550151,-9.227253,3.2064347,0.91937345
3006,1437154550170,-9.198523,3.165733,0.95588505
3007,1437154550189,-9.030331,3.1531637,0.9528923
3008,1437154550210,-9.033323,3.132813,0.93972415
3009,1437154550231,-8.996213,3.1591492,0.97862995
3010,1437154550251,-9.145252,3.192668,0.96905315
3011,1437154550267,-9.147048,3.1956608,0.9888053
3012,1437154550288,-9.2494,3.2800562,0.93613285
3013,1437154550310,-9.2907,3.3129766,0.87328506
3014,1437154550330,-9.1668,3.3201592,0.8714894
3015,1437154550351,-9.023148,3.3363202,0.86131406
3016,1437154550370,-9.0794115,3.41892,0.82599956
3017,1437154550389,-9.25359,3.5260606,0.8074445
3018,1437154550409,-9.171588,3.4919431,0.7404069
3019,1437154550494,-9.061455,3.532046,0.7188591
3020,1437154550495,-9.1255,3.5643678,0.6955156
3021,1437154550496,-9.0315275,3.5661635,0.6961141
3022,1437154550497,-8.960898,3.5583823,0.7068881
3023,1437154550508,-8.92319,3.5978866,0.6901286
3024,1437154550588,-9.009381,3.6349967,0.6985083
3025,1437154550589,-8.953716,3.6403837,0.6811504
3026,1437154550590,-8.971074,3.7062242,0.7284359
3027,1437154550591,-8.980052,3.7415388,0.7224504
3028,1437154550619,-8.909423,3.8804023,0.712275
3029,1437154550628,-8.943541,3.9258924,0.682946
3030,1437154550654,-8.738836,3.9641995,0.65421563
3031,1437154550668,-8.616134,4.008492,0.6440403
3032,1437154550690,-8.625112,4.0904937,0.61112
3033,1437154550708,-8.808268,4.1581297,0.61291564
3034,1437154550729,-9.005191,4.175488,0.58777654
3035,1437154550749,-8.854357,4.1216183,0.53450555
3036,1437154550768,-8.754398,4.1054573,0.5315128
3037,1437154550792,-8.802282,4.107253,0.59017074
3038,1437154550808,-8.810662,4.135385,0.65421563
3039,1437154550828,-8.769362,4.171298,0.6955156
3040,1437154550849,-8.6017685,4.1892543,0.682946
3041,1437154550868,-8.623915,4.301782,0.7308301
3042,1437154550888,-8.686164,4.413112,0.7152678
3043,1437154550908,-8.610746,4.4819455,0.5979519
3044,1437154550928,-8.51857,4.5441947,0.58657944
3045,1437154550949,-8.446145,4.6321816,0.49799395
3046,1437154550971,-8.337808,4.7147818,0.43514615
3047,1437154550988,-8.277952,4.848857,0.34476504
3048,1437154551008,-8.333617,4.9661727,0.23942018
3049,1437154551028,-8.148665,4.981137,0.23403321
3050,1437154551049,-8.009802,5.0583496,0.07182605
3051,1437154551069,-8.113351,5.1421466,0.073621705
3052,1437154551088,-8.360553,5.21936,0.04189853
3053,1437154551108,-8.535329,5.218761,0.077213004
3054,1437154551129,-8.623316,5.1744685,0.2124854
3055,1437154551149,-8.623915,5.255273,0.24660277
3056,1437154551171,-8.57184,5.3061495,0.19752164
3057,1437154551188,-8.255207,5.345055,0.18435353
3058,1437154551209,-8.046912,5.4085016,0.10295067
3059,1437154551229,-7.976283,5.5180364,0.044292733
3060,1437154551252,-7.904457,5.7059813,-0.054468088
3061,1437154551275,-7.889493,5.897517,-0.17836803
3062,1437154551291,-8.004415,5.844845,0.021547815
3063,1437154551307,-7.7919292,5.617396,0.31364042
3064,1437154551330,-7.5333557,5.4671597,0.504578
3065,1437154551348,-7.5626845,5.3983264,0.6769605
3066,1437154551369,-7.73806,5.4593782,0.7380127
3067,1437154551388,-7.868544,5.506664,0.75596917
3068,1437154551408,-7.8865004,5.6724625,0.7116765
3069,1437154551431,-8.01878,5.8801594,0.581791
3070,1437154551451,-7.879916,5.93762,0.427365
3071,1437154551471,-7.581838,5.907094,0.47764325
3072,1437154551488,-7.4495587,5.9244523,0.40102878
3073,1437154551509,-7.2747817,6.089652,0.31004912
3074,1437154551529,-7.240066,6.0441623,0.22625206
3075,1437154551549,-7.358579,6.0704985,0.27832595
3076,1437154551576,-7.7290816,6.1566896,0.31244332
3077,1437154551588,-7.9631147,6.2303114,0.3866636
3078,1437154551609,-7.9343843,6.254852,0.47225627
3079,1437154551628,-7.606379,6.2021794,0.4782418
3080,1437154551649,-7.4166384,6.1411276,0.56563014
3081,1437154551669,-7.211934,6.123171,0.5554548
3082,1437154551690,-7.0461354,6.0399723,0.50517654
3083,1437154551710,-7.065289,6.0202203,0.50637364
3084,1437154551730,-7.223905,6.108207,0.41359833
3085,1437154551751,-7.5243773,6.208165,0.37349546
3086,1437154551771,-7.7428484,6.1926026,0.3800795
3087,1437154551792,-7.7171106,6.1303535,0.40043023
3088,1437154551812,-7.695563,6.096236,0.3878607
3089,1437154551831,-7.6267295,6.0405707,0.40521863
3090,1437154551851,-7.559692,5.999271,0.45549688
3091,1437154551871,-7.569867,6.015432,0.44711718
3092,1437154551890,-7.65965,6.0956373,0.43394905
3093,1437154551910,-7.685986,6.060323,0.439336
3094,1437154551962,-7.6967597,5.988497,0.47884035
3095,1437154551963,-7.61835,5.885546,0.53211135
3096,1437154551973,-7.5854297,5.8891377,0.59017074
3097,1437154551991,-7.715315,5.997475,0.50876784
3098,1437154552010,-7.726089,6.157887,0.44232875
3099,1437154552029,-7.679402,6.1465144,0.4417302
3100,1437154552049,-7.5525093,6.135142,0.44711718
3101,1437154552075,-7.542334,6.0699,0.43634325
3102,1437154552092,-7.5812397,6.017826,0.47345337
3103,1437154552110,-7.5824366,6.0010667,0.4854244
3104,1437154552131,-7.657854,6.0226145,0.4938041
3105,1437154552150,-7.551312,5.9771247,0.5351041
3106,1437154552172,-7.4926543,5.9920883,0.5506664
3107,1437154552192,-7.405266,6.060323,0.46567222
3108,1437154552213,-7.3537903,6.157288,0.41240123
3109,1437154552231,-7.4046674,6.26383,0.36631286
3110,1437154552252,-7.36217,6.3230867,0.3453636
3111,1437154552272,-7.294534,6.319495,0.41718966
3112,1437154552292,-7.270592,6.3781533,0.39085343
3113,1437154552313,-7.234679,6.3242836,0.40162733
3114,1437154552329,-7.2448545,6.3302693,0.46267948
3115,1437154552352,-7.379528,6.3661823,0.4165911
3116,1437154552374,-7.4627266,6.365584,0.39444473
3117,1437154552390,-7.45734,6.3745623,0.35254622
3118,1437154552413,-7.5189905,6.371569,0.32202014
3119,1437154552430,-7.5004354,6.3362546,0.28909984
3120,1437154552451,-7.3567834,6.2063694,0.31483752
3121,1437154552470,-7.4471645,6.2524576,0.29448682
3122,1437154552495,-7.687183,6.3763576,0.24181437
3123,1437154552515,-7.5590935,6.3739634,0.18734628
3124,1437154552536,-6.797737,6.4481835,0.10654198
3125,1437154552551,-6.529587,6.659472,0.061052144
3126,1437154552573,-7.047931,6.8444242,-0.0011971008
3127,1437154552591,-7.3986816,6.7606273,0.090381116
3128,1437154552613,-7.4070616,6.533178,0.25677812
3129,1437154552701,-7.49445,6.452972,0.29388827
3130,1437154552702,-7.5327573,6.3524156,0.35254622
3131,1437154552703,-7.338228,6.1764417,0.40162733
3132,1437154552705,-7.2364745,6.14831,0.42078096
3133,1437154552718,-7.313688,6.14412,0.31304187
3134,1437154552730,-7.3071036,6.166865,0.35793316
3135,1437154552750,-7.3777328,6.3404446,0.25318682
3136,1437154552770,-7.4166384,6.4709287,0.2124854
3137,1437154552792,-7.4016747,6.5283895,0.22924481
3138,1437154552812,-7.342418,6.4667387,0.29987377
3139,1437154552830,-7.4070616,6.482301,0.3842694
3140,1437154552852,-7.331644,6.403891,0.439336
3141,1437154552871,-7.197569,6.35062,0.55126494
3142,1437154552893,-7.1969705,6.4008985,0.54288524
3143,1437154552910,-7.253234,6.509236,0.51355624
3144,1437154552933,-7.273585,6.51582,0.51475334
3145,1437154552951,-7.1305313,6.499659,0.5506664
3146,1437154552972,-6.994062,6.55293,0.45609543
3147,1437154552993,-6.8384385,6.659472,0.43394905
3148,1437154553013,-6.6905966,6.791752,0.3405752
3149,1437154553033,-6.4751186,6.9102645,0.22565351
3150,1437154553052,-6.4368114,7.123947,0.015562311
3151,1437154553071,-6.841431,7.165247,-0.19273324
3152,1437154553104,-6.9677253,7.1023993,-0.09696517
3153,1437154553120,-6.9796963,6.873753,0.025737667
3154,1437154553139,-7.1251445,6.8264675,-0.02633622
3155,1437154553151,-7.2861543,6.815694,0.027533319
3156,1437154553170,-7.221511,6.7241154,0.109534726
3157,1437154553192,-7.08983,6.681618,0.16280572
3158,1437154553212,-7.0090256,6.7666125,0.14425065
3159,1437154553235,-6.8719573,6.872556,0.055066638
3160,1437154553256,-6.706159,6.921637,0.05566519
3161,1437154553275,-6.742072,6.983288,-0.027533319
3162,1437154553293,-6.8067155,7.00723,-0.089184016
3163,1437154553312,-6.7630215,6.9246297,-0.049679685
3164,1437154553331,-6.7642183,6.9701195,-0.10594343
3165,1437154553352,-6.9078703,6.9581485,-0.12270284
3166,1437154553372,-6.8563952,6.9461775,-0.095169514
3167,1437154553394,-6.882133,6.95336,-0.12030864
3168,1437154553445,-6.963536,6.953959,-0.10115502
3169,1437154553459,-6.9731126,6.885724,-0.074818805
3170,1437154553460,-6.901885,6.8492126,-0.025737667
3171,1437154553471,-6.9246297,6.8288617,-0.0077811554
3172,1437154553491,-6.9689226,6.83784,-0.018555064
3173,1437154553511,-6.899491,6.8007298,-0.027533319
3174,1437154553530,-6.9048777,6.8079123,-0.025139118
3175,1437154553551,-6.92044,6.8001313,-0.062249243
3176,1437154553574,-6.88752,6.7666125,-0.074818805
3177,1437154553591,-6.9569516,6.767211,-0.08259996
3178,1437154553612,-6.8958993,6.7444663,-0.11372458
3179,1437154553644,-7.08983,6.8103065,-0.13347675
3180,1437154553652,-7.20116,6.8067155,-0.12808979
3181,1437154553673,-7.167641,6.771401,-0.073023155
3182,1437154553693,-7.043143,6.693589,-0.023343466
3183,1437154553714,-7.021595,6.7887588,-0.02633622
3184,1437154553732,-7.000047,6.791153,-0.06404489
3185,1437154553754,-6.8504095,6.7450647,-0.035314474
3186,1437154553771,-6.928221,6.791153,-0.062249243
3187,1437154553793,-6.9581485,6.8342485,-0.074818805
3188,1437154553814,-6.9449806,6.83784,-0.089782566
3189,1437154553834,-6.8988924,6.783372,-0.09935937
3190,1437154553854,-6.951565,6.8905125,-0.049679685
3191,1437154553871,-7.1311297,6.9144545,-0.12030864
3192,1437154553894,-6.977302,6.83784,-0.0077811554
3193,1437154553913,-6.9371996,6.7839704,0.0053869537
3194,1437154553934,-6.92044,6.8049197,-0.026934769
3195,1437154553953,-6.935404,6.807314,0.035314474
3196,1437154553973,-6.9467764,6.8001313,0.011971008
3197,1437154553993,-6.8785415,6.761824,0.020350715
3198,1437154554014,-6.825869,6.727108,-0.0077811554
3199,1437154554034,-6.9611416,6.793547,-0.019752163
3200,1437154554053,-7.0581064,6.8121023,-0.037708677
3201,1437154554076,-7.0820484,6.8079123,-0.005985504
3202,1437154554094,-7.105392,6.771401,0.044292733
3203,1437154554114,-7.029975,6.7630215,0.046088383
3204,1437154554137,-6.949769,6.7283053,0.06703765
3205,1437154554213,-6.921637,6.7318964,0.061052144
3206,1437154554214,-6.997653,6.754043,0.002992752
3207,1437154554215,-6.8468184,6.694188,0.009576807
3208,1437154554216,-6.983288,6.733692,-0.018555064
3209,1437154554232,-7.104195,6.7708025,-0.017956512
3210,1437154554255,-7.1951747,6.7666125,0.019153614
3211,1437154554272,-7.0569096,6.7187285,0.0676362
3212,1437154554292,-6.9784994,6.716933,0.074818805
3213,1437154554326,-7.113772,6.785766,-0.006584055
3214,1437154554331,-7.005434,6.742072,0.0023942017
3215,1437154554352,-6.919243,6.692991,-0.01316811
3216,1437154554374,-6.9784994,6.761824,-0.045489833
3217,1437154554393,-7.01142,6.7929487,-0.065242
3218,1437154554415,-6.997653,6.76781,-0.07062895
3219,1437154554434,-6.959346,6.7121444,-0.039504327
3220,1437154554455,-7.145495,6.7642183,-0.05925649
3221,1437154554473,-7.207744,6.6840124,-0.034715924
3222,1437154554492,-7.0808516,6.616975,0.022146367
3223,1437154554515,-7.1490865,6.6056023,0.004189853
3224,1437154554535,-7.1885905,6.613384,0.019752163
3225,1437154554552,-7.1347213,6.579266,0.029927522
3226,1437154554574,-7.1425023,6.603807,-0.0005985504
3227,1437154554613,-7.1448965,6.576872,0.02932897
3228,1437154554614,-7.1460934,6.588843,-0.0035913025
3229,1437154554632,-7.1820064,6.5858502,0.004189853
3230,1437154554652,-7.2005615,6.579865,0.019752163
3231,1437154554671,-7.1873937,6.6109896,0.0017956513
3232,1437154554693,-7.181408,6.6026096,0.004189853
3233,1437154554716,-7.141904,6.5858502,-0.0023942017
3234,1437154554732,-7.056311,6.5762734,0.0047884034
3235,1437154554758,-7.135918,6.6786256,0.02873042
3236,1437154554774,-7.0724716,6.642114,0.0011971008
3237,1437154554792,-7.064092,6.679823,-0.01616086
3238,1437154554812,-7.169437,6.745663,-0.044891283
3239,1437154554832,-7.1568675,6.7600284,-0.06344634
3240,1437154554854,-7.050924,6.7330937,0.038307227
3241,1437154554875,-6.8665705,6.7133417,0.029927522
3242,1437154554953,-6.974908,6.76781,0.050876785
3243,1437154554954,-7.018004,6.7809777,0.044292733
3244,1437154554955,-6.937798,6.801927,-0.002992752
3245,1437154554956,-6.9288197,6.779781,-0.017357962
3246,1437154554973,-6.9928646,6.7893577,-0.029927522
3247,1437154554992,-6.9928646,6.715736,-0.035314474
3248,1437154555012,-6.973711,6.728904,-0.02873042
3249,1437154555032,-7.1167645,6.715137,-0.06344634
3250,1437154555053,-7.117363,6.6852098,-0.008978256
3251,1437154555073,-7.07726,6.645705,-0.0035913025
3252,1437154555094,-7.1329255,6.6762314,0.0011971008
3253,1437154555113,-7.150882,6.640917,0.03172317
3254,1437154555134,-7.07726,6.6504936,0.019153614
3255,1437154555155,-7.0850415,6.627749,0.054468088
3256,1437154555173,-7.03177,6.616975,0.047884032
3257,1437154555193,-7.101202,6.659472,0.035314474
3258,1437154555213,-7.1634517,6.6732388,-0.0077811554
3259,1437154555233,-7.1125746,6.659472,0.017956512
3260,1437154555255,-7.105392,6.6187706,0.013766659
3261,1437154555273,-7.0904284,6.670246,0.002992752
3262,1437154555294,-7.1341224,6.645107,0.044292733
3263,1437154555313,-7.092224,6.6367273,0.047285482
3264,1437154555334,-7.132327,6.643311,0.02633622
3265,1437154555355,-7.121553,6.623559,0.050278235
3266,1437154555373,-7.0527196,6.621763,0.044891283
3267,1437154555394,-7.1832037,6.729502,0.007182605
3268,1437154555413,-7.217321,6.724714,-0.04369418
3269,1437154555433,-7.0982094,6.642114,0.061650693
3270,1437154555453,-6.9048777,6.6283474,0.10474633
3271,1437154555474,-6.9844847,6.689998,0.065242
3272,1437154555494,-7.0485296,6.7085533,0.019153614
3273,1437154555513,-7.016208,6.715137,-0.030526072
3274,1437154555543,-7.0227923,6.7450647,-0.093972415
3275,1437154555552,-7.0820484,6.730101,-0.10534488
3276,1437154555574,-7.095815,6.723517,-0.062249243
3277,1437154555684,-7.047333,6.6492968,-0.004189853
3278,1437154555685,-7.1275387,6.657078,-0.025139118
3279,1437154555686,-7.2352777,6.6654577,-0.038905777
3280,1437154555687,-7.1305313,6.6385226,0.050876785
3281,1437154555688,-7.125743,6.682217,-0.017357962
3282,1437154555707,-7.0844426,6.7145386,-0.019752163
3283,1437154555715,-7.047333,6.703765,-0.013766659
3284,1437154555734,-6.96593,6.6720414,-0.010773907
3285,1437154555753,-7.03177,6.683414,0.01616086
3286,1437154555773,-7.0754647,6.6612678,-0.0023942017
3287,1437154555794,-7.125743,6.619369,0.0664391
3288,1437154555815,-7.1861963,6.633734,0.05566519
3289,1437154555835,-7.1742253,6.623559,0.089184016
3290,1437154555854,-7.144298,6.633734,0.08200141
3291,1437154555874,-7.1245456,6.6247563,0.07182605
3292,1437154555896,-7.032369,6.661866,0.05267244
3293,1437154555916,-7.0622964,6.6774287,0.022146367
3294,1437154555937,-7.0844426,6.6870055,0.006584055
3295,1437154555954,-7.0515227,6.637924,0.02873042
3296,1437154555974,-7.1502833,6.6486983,0.023343466
3297,1437154555996,-7.181408,6.628946,0.04309563
3298,1437154556016,-7.231686,6.637924,0.060453594
3299,1437154556038,-7.079654,6.5828576,0.13587095
3300,1437154556053,-6.997653,6.593033,0.089184016
3301,1437154556079,-7.1466923,6.657078,0.06584055
3302,1437154556096,-7.0970125,6.633734,-0.006584055
3303,1437154556116,-7.086837,6.6295447,0.0005985504
3304,1437154556136,-7.1712327,6.6002154,-0.025139118
3305,1437154556154,-7.1903863,6.553529,-0.022744916
3306,1437154556174,-7.294534,6.469133,0.015562311
3307,1437154556194,-7.3328414,6.445191,0.048482586
3308,1437154556214,-7.5411367,6.533178,-0.040102877
3309,1437154556235,-7.5363483,6.4541693,-0.037110128
3310,1437154556254,-7.4232225,6.4362125,0.074220255
3311,1437154556281,-7.5800424,6.451775,0.1376666
3312,1437154556293,-7.1107793,6.4362125,0.09696517
3313,1437154556313,-6.951565,6.513426,0.10414778
3314,1437154556333,-6.89171,6.655881,0.035314474
3315,1437154556353,-6.8360443,6.84203,-0.017357962
3316,1437154556383,-6.7725983,6.9850836,-0.062249243
3317,1437154556400,-6.6349316,7.1347213,-0.09696517
3318,1437154556413,-6.449381,7.1951747,-0.15442601
3319,1437154556433,-6.445191,7.2508397,-0.10654198
3320,1437154556454,-6.530185,7.211934,-0.0700304
3321,1437154556474,-6.2303114,7.270592,-0.04369418
3322,1437154556503,-6.229713,7.365163,-0.020949265
3323,1437154556526,-6.6564794,7.351396,-0.004189853
3324,1437154556535,-6.782175,7.1568675,0.17417817
3325,1437154556559,-6.821679,7.005434,0.16938977
3326,1437154556576,-6.9784994,6.913856,0.17537527
3327,1437154556596,-7.0784574,6.7624226,0.22026655
3328,1437154556614,-6.95336,6.587646,0.28191724
3329,1437154556635,-7.0156097,6.5008564,0.24001873
3330,1437154556654,-7.1347213,6.5128274,0.2160767
3331,1437154556674,-7.259818,6.50744,0.13826515
3332,1437154556697,-7.241263,6.509236,0.094570965
3333,1437154556714,-7.2628107,6.5026517,0.038307227
3334,1437154556736,-7.349002,6.5457473,-0.010175358
3335,1437154556757,-7.3202715,6.528988,-0.025737667
3336,1437154556776,-7.2472486,6.467337,0.037110128
3337,1437154556797,-7.393295,6.4751186,0.05626374
3338,1437154556818,-7.430405,6.4463882,0.110133275
3339,1437154556836,-7.313688,6.397307,0.20290859
3340,1437154556859,-7.3148847,6.4643445,0.19033903
3341,1437154556875,-7.167641,6.518214,0.14903906
3342,1437154556898,-6.9689226,6.597223,0.14844051
3343,1437154556918,-6.7965403,6.736685,0.11432313
3344,1437154556934,-6.811504,6.8605847,0.089184016
3345,1437154556954,-6.895301,6.9425864,0.06943185
3346,1437154556976,-6.9467764,7.0006456,0.019752163
3347,1437154556999,-6.950966,7.005434,-0.022146367
3348,1437154557021,-6.8366427,6.9796963,0.006584055
3349,1437154557039,-6.7965403,6.977302,0.023942016
3350,1437154557056,-6.8480153,6.915652,0.05267244
3351,1437154558825,-6.854001,6.8127007,0.093972415
3352,1437154558826,-6.9348054,6.7719994,0.13826515
3353,1437154558827,-6.9485717,6.6923923,0.12928689
3354,1437154558828,-7.052121,6.7145386,0.14425065
3355,1437154558829,-7.2059484,6.76781,0.12749124
3356,1437154558830,-7.16824,6.770204,0.14305355
3357,1437154558831,-7.0826473,6.666056,0.22445641
3358,1437154558832,-6.9928646,6.655282,0.20649989
3359,1437154558833,-7.065289,6.7318964,0.18854338
3360,1437154558834,-6.997653,6.739678,0.17537527
3361,1437154558835,-6.8067155,6.7468605,0.14784196
3362,1437154558836,-6.8085113,6.767211,0.11552023
3363,1437154558843,-6.9246297,6.8198833,0.08140286
3364,1437154558844,-7.055114,6.84203,0.06703765
3365,1437154558845,-7.0766616,6.8342485,0.10534488
3366,1437154558846,-7.098808,6.7761893,0.092176765
3367,1437154558847,-6.9988503,6.689998,0.18614918
3368,1437154558848,-6.940192,6.67683,0.22505496
3369,1437154558849,-7.0766616,6.755839,0.17956513
3370,1437154558850,-7.098808,6.7881603,0.17717093
3371,1437154558851,-6.977901,6.7450647,0.18315643
3372,1437154558852,-6.9168487,6.7624226,0.18674773
3373,1437154558853,-6.941988,6.7546415,0.1592144
3374,1437154558854,-6.9701195,6.75943,0.15622166
3375,1437154558855,-7.008427,6.8013287,0.15143326
3376,1437154558856,-7.0329676,6.7690067,0.15442601
3377,1437154558857,-6.9946604,6.739079,0.16699557
3378,1437154558858,-7.033566,6.740875,0.18794483
3379,1437154558859,-6.9647326,6.719327,0.14963761
3380,1437154558860,-6.9904704,6.711546,0.18974048
3381,1437154558861,-7.0329676,6.7444663,0.17537527
3382,1437154558862,-6.949769,6.6445084,0.19093758
3383,1437154558863,-6.951565,6.7067575,0.18435353
3384,1437154558864,-7.2209125,6.769605,0.11552023
3385,1437154558865,-7.1526775,6.8091097,0.11791443
3386,1437154558866,-7.037756,6.7085533,0.20530279
3387,1437154558867,-6.8282633,6.7121444,0.20290859
3388,1437154558868,-6.8438253,6.6989765,0.16938977
3389,1437154558869,-6.801927,6.693589,0.17118542
3390,1437154558870,-6.889914,6.742072,0.19572599
3391,1437154558871,-7.1766195,6.7612257,0.13108255
3392,1437154558872,-7.193379,6.7642183,0.088585466
3393,1437154558873,-7.0593038,6.6959834,0.05746084
3394,1437154558874,-7.1221514,6.700772,0.049081136
3395,1437154558875,-7.270592,6.67683,0.020949265
3396,1437154558876,-7.1784153,6.583456,0.095768064
3397,1437154558877,-7.2221093,6.5840545,0.1448492
3398,1437154558878,-7.2448545,6.5523314,0.13347675
3399,1437154558879,-7.183802,6.4858923,0.20530279
3400,1437154558880,-7.1963716,6.4721255,0.19692309
3401,1437154558881,-7.1820064,6.4864907,0.17477672
3402,1437154558882,-7.161656,6.4828997,0.16519992
3403,1437154558883,-7.1365166,6.476914,0.12270284
3404,1437154558884,-7.1245456,6.4625487,0.12330139
3405,1437154558885,-7.227496,6.4751186,0.12569559
3406,1437154558886,-7.330447,6.4846954,0.17417817
3407,1437154558887,-7.3352356,6.4840965,0.17357962
3408,1437154558888,-7.3633676,6.47033,0.17657238
3409,1437154558889,-7.3867106,6.5259953,0.19153613
3410,1437154558890,-7.3106947,6.431424,0.20410569
3411,1437154558891,-7.1460934,6.4386067,0.15741876
3412,1437154558892,-7.314286,6.459556,0.15023616
3413,1437154558893,-7.2747817,6.4870896,0.16879122
3414,1437154558894,-7.367557,6.4978633,0.17298107
3415,1437154558895,-7.2460513,6.4601545,0.22026655
3416,1437154558896,-7.2831616,6.4392056,0.20829555
3417,1437154558897,-7.306505,6.463746,0.19692309
3418,1437154558898,-7.2634096,6.4206505,0.24061728
3419,1437154558899,-7.268198,6.401497,0.25079262
3420,1437154558900,-7.2304893,6.3769565,0.25438392
3421,1437154558901,-7.330447,6.411672,0.25378537
3422,1437154558902,-7.29214,6.3446345,0.25019407
3423,1437154558903,-7.389105,6.4128695,0.23762453
3424,1437154558904,-7.4962454,6.409278,0.2136825
3425,1437154558905,-7.3926964,6.341043,0.30705637
3426,1437154558906,-7.327454,6.3302693,0.31124622
3427,1437154558907,-7.4058642,6.3685765,0.32561144
3428,1437154558908,-7.398083,6.341642,0.31364042
3429,1437154558909,-7.302315,6.289568,0.34237084
3430,1437154558910,-7.3406224,6.3362546,0.31423897
3431,1437154558911,-7.3352356,6.364985,0.31663316
3432,1437154558912,-7.3244615,6.3488245,0.35673606
3433,1437154558913,-7.3328414,6.3470287,0.3393781
3434,1437154558914,-7.325659,6.384139,0.39025488
3435,1437154558915,-7.389105,6.4350157,0.3417723
3436,1437154558916,-7.3244615,6.3985043,0.37828386
3437,1437154558917,-7.280169,6.3781533,0.41060558
3438,1437154558918,-7.3112936,6.3703723,0.40761283
3439,1437154558919,-7.192182,6.3099184,0.415394
3440,1437154558920,-7.302315,6.381146,0.3752911
3441,1437154558921,-7.4429746,6.4481835,0.32142156
3442,1437154558922,-7.421427,6.447585,0.3537433
3443,1437154558923,-7.29214,6.3847375,0.41359833
3444,1437154558934,-7.193379,6.427833,0.4261679
3445,1437154558954,-7.2939353,6.4960675,0.3842694
3446,1437154558974,-7.2310877,6.4948707,0.34476504
3447,1437154558994,-7.125743,6.4870896,0.3417723
3448,1437154559014,-7.177218,6.4828997,0.32920274
3449,1437154559034,-7.1981673,6.549339,0.3489549
3450,1437154559054,-7.2502413,6.5241995,0.3657143
3451,1437154559076,-7.101801,6.485294,0.3890578
3452,1437154559099,-7.2508397,6.5002575,0.37469256
3453,1437154559116,-7.347805,6.510433,0.338181
3454,1437154559139,-7.2268977,6.453571,0.40102878
3455,1437154559160,-7.191583,6.4667387,0.37708676
3456,1437154559180,-7.225102,6.47033,0.38187516
3457,1437154559197,-7.227496,6.452972,0.39025488
3458,1437154559219,-7.229292,6.415862,0.3854665
3459,1437154559236,-7.2550297,6.4140663,0.41000703
3460,1437154559255,-7.3346367,6.465542,0.38726214
3461,1437154559275,-7.256227,6.4577603,0.35673606
3462,1437154559300,-7.291541,6.4044895,0.3609259
3463,1437154559320,-7.2993226,6.389526,0.38187516
3464,1437154559340,-7.3591776,6.415862,0.35793316
3465,1437154559358,-7.2544312,6.3889275,0.39564183
3466,1437154559381,-7.301118,6.4386067,0.40222588
3467,1437154559412,-7.318476,6.39611,0.3866636
3468,1437154559417,-7.229292,6.365584,0.4249708
3469,1437154559437,-7.3226657,6.417059,0.35075054
3470,1437154559458,-7.4082584,6.4882865,0.30406362
3471,1437154559478,-7.354389,6.4224463,0.41718966
3472,1437154559498,-7.1766195,6.3589997,0.45070848
3473,1437154559516,-7.2310877,6.4020953,0.42556936
3474,1437154559536,-7.237672,6.4326215,0.39983168
3475,1437154559560,-7.2592196,6.427833,0.38187516
3476,1437154559580,-7.2167225,6.431424,0.3250129
3477,1437154559600,-7.2664022,6.4589577,0.28670564
3478,1437154559622,-7.36217,6.4966664,0.30286652
3479,1437154559638,-7.306505,6.4146647,0.3453636
3480,1437154559660,-7.340024,6.4350157,0.35194764
3481,1437154559680,-7.3460093,6.4463882,0.33877954
3482,1437154559700,-7.267599,6.4146647,0.39205053
3483,1437154559716,-7.2490444,6.43322,0.3573346
3484,1437154559740,-7.277176,6.411672,0.35434186
3485,1437154559759,-7.241862,6.353613,0.38307226
3486,1437154559780,-7.2394676,6.3218894,0.39384618
3487,1437154559800,-7.2765775,6.341043,0.36870706
3488,1437154559818,-7.355586,6.35062,0.38307226
3489,1437154559838,-7.397485,6.3859344,0.3609259
3490,1437154559859,-7.426215,6.363788,0.33758244
3491,1437154559881,-7.4112515,6.3470287,0.39564183
3492,1437154559900,-7.3789296,6.3326635,0.3842694
3493,1437154559922,-7.368156,6.3542113,0.39743748
3494,1437154559939,-7.347805,6.3607955,0.41599256
3495,1437154559960,-7.343615,6.375759,0.40761283
3496,1437154559979,-7.2328835,6.3344593,0.39683893
3497,1437154559999,-7.2783732,6.3865333,0.36152446
3498,1437154560017,-7.455544,6.4828997,0.3333926
3499,1437154560180,-7.417835,6.417658,0.3369839
3500,1437154560181,-7.280169,6.38354,0.44951138
3501,1437154560182,-7.217321,6.3991027,0.4381389
3502,1437154560183,-7.327454,6.4858923,0.40761283
3503,1437154560184,-7.225102,6.449381,0.40581718
3504,1437154560185,-7.016208,6.4631476,0.30107087
3505,1437154560186,-7.1466923,6.579865,0.21308395
3506,1437154560187,-7.2849574,6.588843,0.2100912
3507,1437154560198,-7.268198,6.479907,0.25198972
3508,1437154560217,-7.297527,6.3829417,0.3489549
3509,1437154560256,-7.45734,6.3584013,0.36990416
3510,1437154560257,-7.4345946,6.296152,0.45489833
3511,1437154560292,-7.386112,6.279991,0.46806642
3512,1437154560299,-7.405266,6.251859,0.48482585
3513,1437154560322,-7.422025,6.2626333,0.5518635
3514,1437154560344,-7.419631,6.290765,0.5554548
3515,1437154560358,-7.3472066,6.2704144,0.60094464
3516,1437154560388,-7.2807674,6.2542534,0.57640404
3517,1437154560397,-7.2939353,6.294955,0.504578
3518,1437154560423,-7.3059063,6.403891,0.4165911
3519,1437154560456,-7.330447,6.432023,0.36631286
3520,1437154560458,-7.29214,6.4487824,0.3357868
3521,1437154560478,-7.3059063,6.445191,0.3537433
3522,1437154560498,-7.2963295,6.4020953,0.40821138
3523,1437154560517,-7.3244615,6.3985043,0.4429273
3524,1437154560537,-7.207744,6.281787,0.50397944
3525,1437154560561,-7.2909427,6.3901243,0.45250413
3526,1437154560576,-7.3849154,6.38773,0.42437226
3527,1437154560596,-7.3968863,6.4858923,0.4297592
3528,1437154560619,-7.4735007,6.4619503,0.3585317
3529,1437154560639,-7.201759,6.4002995,0.39624038
3530,1437154560661,-7.1861963,6.407482,0.4237737
3531,1437154560679,-7.2179193,6.4469867,0.40222588
3532,1437154560696,-7.167641,6.4284315,0.39863458
3533,1437154560717,-7.1610575,6.4469867,0.39145198
3534,1437154560741,-7.1742253,6.482301,0.35673606
3535,1437154560761,-7.316082,6.4966664,0.3405752
3536,1437154560781,-7.138911,6.38773,0.3728969
3537,1437154560798,-7.3418193,6.4445925,0.42437226
3538,1437154560820,-7.436989,6.439804,0.33638534
3539,1437154560843,-7.2789717,6.3643866,0.44592008
3540,1437154560856,-7.351995,6.377555,0.45370123
3541,1437154560879,-7.297527,6.3542113,0.40102878
3542,1437154560898,-7.2939353,6.307524,0.44711718
3543,1437154560917,-7.3466077,6.3326635,0.43275195
3544,1437154560938,-7.4070616,6.338649,0.44651863
3545,1437154560958,-7.3124905,6.3248825,0.44592008
3546,1437154560978,-7.3926964,6.3589997,0.40043023
3547,1437154560998,-7.409456,6.331466,0.4249708
3548,1437154561019,-7.4028716,6.3685765,0.40880993
3549,1437154561042,-7.402273,6.3404446,0.4249708
3550,1437154561057,-7.355586,6.317101,0.49559975
3551,1437154561078,-7.37055,6.3667808,0.47225627
3552,1437154561100,-7.323863,6.305729,0.4890157
3553,1437154561122,-7.311892,6.332065,0.48961425
3554,1437154561142,-7.3100963,6.3769565,0.4213795
3555,1437154561162,-7.380127,6.3907228,0.49440265
3556,1437154561178,-7.4465656,6.330868,0.5033809
3557,1437154561201,-7.32506,6.347627,0.53809685
3558,1437154561222,-7.345411,6.3165026,0.504578
3559,1437154561242,-7.318476,6.331466,0.5243302
3560,1437154561262,-7.2430587,6.302736,0.45908818
3561,1437154561278,-7.311892,6.329671,0.4890157
3562,1437154561301,-7.2047515,6.3721676,0.41120413
3563,1437154561321,-7.571663,6.417658,0.45010993
3564,1437154561341,-7.3992805,6.239888,0.49679685
3565,1437154561362,-7.318476,6.14412,0.5315128
3566,1437154561380,-7.608773,6.249465,0.4297592
3567,1437154561402,-7.583634,6.2129536,0.40641573
3568,1437154561419,-7.3986816,6.1088057,0.52373165
3569,1437154561439,-7.7614036,6.2865753,0.59974754
3570,1437154561461,-7.7973166,6.2991447,0.44592008
3571,1437154561493,-7.145495,6.1686606,0.6895301
3572,1437154561501,-7.3897038,6.179435,0.6087258
3573,1437154561518,-7.253234,6.259042,0.43754035
3574,1437154561542,-7.176021,6.277597,0.55964464
3575,1437154561559,-7.290344,6.5032506,0.34237084
3576,1437154561589,-6.8569937,6.597223,0.13946225
3577,1437154561608,-6.7887588,6.717531,0.22266077
3578,1437154561621,-7.507618,6.7199254,0.36990416
3579,1437154561647,-7.4148426,6.5565214,0.6584055
3580,1437154561659,-7.313089,6.341043,0.82599956
3581,1437154561686,-7.2490444,6.3003416,0.83497787
3582,1437154561700,-7.453748,6.3512187,0.7212533
3583,1437154561722,-7.0006456,6.2781954,0.7015011
3584,1437154561740,-7.229292,6.399701,0.7146692
3585,1437154561762,-7.657854,6.579865,0.6464345
3586,1437154561782,-7.2352777,6.485294,0.5943606
3587,1437154561799,-6.793547,6.3913217,0.6697779
3588,1437154561822,-7.201759,6.613384,0.5255273
3589,1437154561842,-7.0982094,6.7881603,0.45190558
3590,1437154561862,-6.895301,6.719327,0.49440265
3591,1437154561882,-6.654085,6.7480574,0.42197806
3592,1437154561902,-6.7402763,7.0425444,0.28431144
3593,1437154561921,-6.5966244,7.133524,0.09876082
3594,1437154561942,-6.9168487,7.3699512,0.2645593
3595,1437154561962,-6.807314,7.228095,0.15083471
3596,1437154561980,-6.175245,7.1006036,0.3549404
3597,1437154562000,-6.4523735,6.9479733,0.55126494
3598,1437154562022,-6.5990186,6.992266,0.57400984
3599,1437154562041,-6.613982,6.996456,0.58538234
3600,1437154562063,-6.59004,7.0850415,0.5674258
3601,1437154562082,-6.634333,7.225701,0.43993455
3602,1437154562101,-6.606201,7.2310877,0.33399114
3603,1437154562119,-6.679823,7.2502413,0.37828386
3604,1437154562139,-6.609792,7.029975,0.46148238
3605,1437154562160,-6.351817,7.1646485,0.439336
3606,1437154562179,-6.730101,7.1490865,0.36391866
3607,1437154562199,-6.8958993,7.093421,0.41060558
3608,1437154562243,-6.716933,6.791153,0.46986207
3609,1437154562244,-7.047931,6.9701195,0.5650316
3610,1437154562260,-6.5247984,7.0132155,0.3800795
3611,1437154562279,-6.5379663,7.281366,0.3369839
3612,1437154562299,-6.296152,7.431602,0.107739076
3613,1437154562319,-6.059126,7.2993226,0.19991584
3614,1437154562339,-6.401497,7.4028716,0.2717419
3615,1437154562364,-6.7229185,7.351995,0.22146365
3616,1437154562380,-6.5990186,7.2328835,0.39264908
3617,1437154562402,-6.5481415,7.2185183,0.45669398
3618,1437154562421,-6.389526,7.15567,0.26396075
3619,1437154562442,-5.9130797,7.289147,0.29029694
3620,1437154562462,-6.5619082,7.5590935,0.30585927
3621,1437154562482,-6.2315083,7.499837,0.10414778
3622,1437154562502,-6.035184,7.203554,0.40880993
3623,1437154562520,-6.4870896,7.2789717,0.3716998
3624,1437154562541,-6.4900823,7.282563,0.2825158
3625,1437154562560,-6.479907,7.1622543,0.47644615
3626,1437154562582,-6.4936733,7.0221934,0.40521863
3627,1437154562600,-6.7133417,7.1395097,0.47046062
3628,1437154562621,-6.7229185,6.932411,0.52732295
3629,1437154562646,-6.9665284,6.941988,0.6584055
3630,1437154562661,-7.0766616,6.977302,0.56982
3631,1437154562685,-6.8785415,6.928221,0.5267244
3632,1437154562705,-6.543952,6.643311,0.5189432
3633,1437154562726,-6.646304,6.913856,0.4345476
3634,1437154562741,-7.181408,7.1742253,0.2124854
3635,1437154562759,-6.341642,7.055712,0.39923313
3636,1437154562781,-6.558317,6.91625,0.30346507
3637,1437154562799,-6.770204,7.079654,0.2693477
3638,1437154562825,-6.761824,7.109582,0.22325931
3639,1437154562846,-6.5391636,6.9449806,0.28790274
3640,1437154562866,-7.00304,7.0994067,0.36391866
3641,1437154562883,-6.64391,7.107786,0.12868834
3642,1437154562907,-6.50744,7.079654,0.24720132
3643,1437154562968,-6.6624646,7.0706763,0.1448492
3644,1437154562969,-6.5391636,7.265205,0.05207389
3645,1437154562970,-6.6283474,7.1873937,0.038905777
3646,1437154562989,-6.715736,7.129933,0.15981296
3647,1437154563000,-6.742072,7.018004,0.22146365
3648,1437154563026,-6.663662,6.949769,0.29927522
3649,1437154563041,-6.815095,7.0515227,0.18974048
3650,1437154563061,-6.971317,7.1143703,0.107140526
3651,1437154563082,-6.736685,6.911462,0.1436521
3652,1437154563101,-6.694188,6.91625,0.16879122
3653,1437154563122,-7.033566,7.0491285,0.090381116
3654,1437154563141,-6.7690067,7.152079,0.08559271
3655,1437154563160,-6.143522,7.052121,0.06284779
3656,1437154563190,-6.8222775,6.9982514,0.16759412
3657,1437154563209,-6.9048777,7.103596,0.090979666
3658,1437154563220,-6.7199254,7.0724716,0.17776948
3659,1437154563240,-6.8438253,7.049727,0.15023616
3660,1437154563263,-6.4685345,6.9826894,0.1412579
3661,1437154563284,-6.6534867,6.9288197,0.19033903
3662,1437154563303,-6.758233,7.1245456,0.08798691
3663,1437154563323,-6.8360443,7.0706763,0.14844051
3664,1437154563340,-6.6564794,6.89171,0.28311434
3665,1437154563365,-6.7588315,6.9210386,0.29807812
3666,1437154563382,-6.997653,6.911462,0.17956513
3667,1437154563403,-6.5481415,6.865972,0.27712885
3668,1437154563420,-6.997653,6.891111,0.30047232
3669,1437154563442,-7.145495,6.811504,0.2645593
3670,1437154563462,-7.0251865,6.8569937,0.39384618
3671,1437154563485,-6.869563,6.6870055,0.40282443
3672,1437154563505,-7.0503254,6.9024835,0.40701428
3673,1437154563525,-6.741473,6.973711,0.24600422
3674,1437154563549,-6.5445504,7.098808,0.35913026
3675,1437154563560,-6.7253127,7.161656,0.17118542
3676,1437154563582,-6.7265096,7.001843,0.25198972
3677,1437154563601,-6.5230026,7.055712,0.52253455
3678,1437154563713,-6.6732388,7.043741,0.16101007
3679,1437154563714,-6.118981,7.33763,0.29568392
3680,1437154563715,-6.4505777,7.447763,0.19153613
3681,1437154563716,-6.2626333,7.52737,0.019752163
3682,1437154563717,-5.8825536,7.4082584,0.10115502
3683,1437154563788,-6.3787518,7.493851,-0.015562311
3684,1437154563789,-6.3601966,7.3867106,-0.046686932
3685,1437154563790,-6.494272,7.1885905,0.18255788
3686,1437154563791,-6.5858502,7.1329255,0.050278235
3687,1437154563830,-6.76781,7.101202,0.08619126
3688,1437154563831,-7.1185603,7.2568254,0.10354923
3689,1437154563850,-6.854001,7.0940194,-0.040102877
3690,1437154563871,-6.1566896,6.962937,0.11432313
3691,1437154563890,-6.785766,7.1353197,0.16460137
3692,1437154563900,-7.1425023,7.4567413,0.074220255
3693,1437154563921,-6.543952,6.9731126,0.1448492
3694,1437154563941,-6.5960255,6.956353,0.52373165
3695,1437154563961,-6.8480153,7.114969,0.2837129
3696,1437154563981,-6.408081,7.16405,0.2789245
3697,1437154564001,-6.591836,7.1107793,0.47405192
3698,1437154564021,-6.8025255,7.5572977,0.4297592
3699,1437154564041,-6.9665284,7.591415,0.52373165
3700,1437154564061,-6.606201,7.3286514,0.53570265
3701,1437154564081,-6.323685,7.1347213,0.6865373
3702,1437154564102,-6.2482677,7.2987237,0.80325466
3703,1437154564122,-5.997475,7.3699512,0.98820674
3704,1437154564139,-5.773019,7.478289,1.1827357
3705,1437154564161,-5.544971,7.4693108,1.2138603
3706,1437154564182,-5.8478374,7.757812,1.3305776
3707,1437154564204,-5.486912,7.5441294,1.2384008
3708,1437154564224,-5.3199162,7.78355,1.3868413
3709,1437154564242,-5.4007206,7.795521,1.2707225
3710,1437154564260,-5.3725886,7.934983,1.4161704
3711,1437154564281,-5.6856303,8.008006,1.4700398
3712,1437154564300,-5.533,7.8793178,1.4748282
3713,1437154564320,-5.3504424,7.7949224,1.5107412
3714,1437154564344,-5.145139,7.839813,1.4808137
3715,1437154564362,-4.8141413,7.9756846,1.6633717
3716,1437154564382,-4.914099,8.004415,1.7034745
3717,1437154564400,-4.899135,8.102577,1.6519991
3718,1437154564423,-4.71538,8.194156,1.5759833
3719,1437154564441,-4.709395,8.333617,1.5280992
3720,1437154564460,-4.7979803,8.298303,1.411382
3721,1437154564482,-4.759673,8.540716,1.4610616
3722,1437154564505,-4.7123876,8.471883,1.3204023
3723,1437154564521,-4.59986,8.289924,1.620276
3724,1437154564541,-4.36044,8.379706,1.6609775
3725,1437154564565,-4.386776,8.468291,1.8351556
3726,1437154564583,-4.6100354,8.359954,1.8255788
3727,1437154564603,-4.5447936,8.264784,1.8794483
3728,1437154564624,-4.7614684,8.190564,1.8974048
3729,1437154564642,-5.1343656,8.16363,1.7393875
3730,1437154564665,-4.8380833,8.129512,1.5215151
3731,1437154564682,-4.96318,8.276156,1.477821
3732,1437154564704,-4.847061,8.326435,1.3670892
3733,1437154564725,-4.732738,8.102577,1.5053543
3734,1437154564743,-4.796783,8.136695,1.6777369
3735,1437154564765,-5.0146556,8.131308,1.5993267
3736,1437154564782,-5.121796,8.180388,1.6603789
3737,1437154564803,-5.471948,7.993641,1.5508442
3738,1437154564824,-5.6299653,7.9547353,1.596334
3739,1437154564844,-5.2301335,7.8709383,1.3844471
3740,1437154564864,-5.080496,7.9792757,1.4682442
3741,1437154564882,-4.821324,8.051701,1.5023615
3742,1437154564903,-4.5358152,8.141483,1.477821
3743,1437154564923,-4.575918,8.277354,1.4065934
3744,1437154564945,-4.4873323,8.32045,1.3084313
3745,1437154564964,-4.3358994,8.288128,1.1121067
3746,1437154564986,-4.6154222,8.276156,0.9516952
3747,1437154565004,-5.0403934,8.199542,0.7882909
3748,1437154565024,-5.5671177,7.8733325,0.7260417
3749,1437154565048,-6.0369797,7.65546,0.9103952
3750,1437154565129,-6.367978,7.501034,0.7314286
3751,1437154565130,-6.3105173,7.483676,0.3429694
3752,1437154565131,-6.227917,7.5788455,0.074818805
3753,1437154565132,-6.0621185,7.7637978,-0.22864626
3754,1437154565142,-5.969942,7.8823104,-0.3705027
3755,1437154565169,-5.7389016,7.9547353,-0.48841715
3756,1437154565182,-5.6898203,8.057686,-0.5883751
3757,1437154565204,-5.7245364,8.049905,-0.6302736
3758,1437154565223,-5.7023897,7.9768815,-0.7116765
3759,1437154565243,-5.751471,7.8876977,-0.7410054
3760,1437154565264,-5.896919,7.8727336,-0.7739257
3761,1437154565284,-6.0519433,7.8009076,-0.79726917
3762,1437154565302,-6.27221,7.7332716,-0.7278373
3763,1437154565323,-6.4152637,7.621941,-0.7248446
3764,1437154565345,-6.3021374,7.451354,-0.7158663
3765,1437154565365,-6.4068837,7.328053,-0.49081135
3766,1437154565385,-6.7001734,7.2508397,-0.28491
3767,1437154565403,-6.974908,7.2370734,-0.01436521
3768,1437154565424,-6.9246297,7.2179193,0.12749124
3769,1437154565445,-6.6905966,7.189189,0.07182605
3770,1437154565465,-6.4565635,7.1610575,0.010773907
3771,1437154565485,-6.1357403,7.177218,-0.037708677
3772,1437154565503,-6.225523,7.3609734,-0.061052144
3773,1437154565523,-6.403891,7.431602,-0.16879122
3774,1437154565545,-6.4445925,7.5267715,-0.16639702
3775,1437154565563,-6.6079965,7.511808,-0.16220717
3776,1437154565583,-6.3709707,7.53994,-0.14784196
3777,1437154565603,-6.3865333,7.518392,-0.11971009
3778,1437154565626,-6.3619924,7.371747,-0.079008654
3779,1437154565647,-6.245275,7.1023993,-0.020350715
3780,1437154565666,-6.227917,6.930017,0.049679685
3781,1437154565686,-6.499659,6.8360443,0.03172317
3782,1437154565703,-6.6923923,6.793547,0.04309563
3783,1437154565723,-6.985682,6.8222775,-0.004189853
3784,1437154565745,-7.143699,6.8127007,-0.06344634
3785,1437154565763,-7.107786,6.871359,-0.08080431
3786,1437154565834,-7.0383544,6.82946,-0.16220717
3787,1437154565837,-6.937798,6.8121023,-0.18614918
3788,1437154565839,-6.8683662,6.8001313,-0.23702596
3789,1437154565852,-6.76781,6.739678,-0.24061728
3790,1437154565862,-6.905476,6.7785835,-0.29388827
3791,1437154565886,-6.872556,6.7809777,-0.3633201
3792,1437154565903,-6.815694,6.8306575,-0.350152
3793,1437154565922,-6.546346,6.8743515,-0.40222588
3794,1437154565944,-6.603208,6.9886746,-0.50876784
3795,1437154565962,-7.061698,6.9665284,-0.44771573
3796,1437154565983,-7.1670427,6.8450227,-0.44232875
3797,1437154566004,-7.132327,6.7211227,-0.47884035
3798,1437154566024,-7.2885485,6.615179,-0.5201403
3799,1437154566043,-7.4046674,6.599617,-0.58897364
3800,1437154566063,-7.4070616,6.539762,-0.66858083
3801,1437154566084,-7.2939353,6.505645,-0.6536171
3802,1437154566106,-7.349002,6.485294,-0.5955577
3803,1437154566124,-7.2646065,6.534375,-0.56443304
3804,1437154566144,-7.28795,6.585252,-0.5566519
3805,1437154566166,-7.2484455,6.559514,-0.55725044
3806,1437154566186,-7.1131735,6.5643024,-0.5554548
3807,1437154566206,-7.1371155,6.56131,-0.57760113
3808,1437154566224,-7.12694,6.5708866,-0.641646
3809,1437154566247,-7.1185603,6.5283895,-0.6745663
3810,1437154566266,-7.083844,6.506243,-0.7080852
3811,1437154566289,-7.245453,6.5152216,-0.74878657
3812,1437154566303,-7.445369,6.573281,-0.7182605
3813,1437154566323,-7.435792,6.55293,-0.59136784
3814,1437154566343,-7.2604165,6.5325794,-0.52732295
3815,1437154566363,-7.313089,6.567295,-0.5363012
3816,1437154566384,-7.2071457,6.5666966,-0.51116204
3817,1437154566404,-7.067683,6.545149,-0.52373165
3818,1437154566425,-7.0287776,6.533178,-0.5686229
3819,1437154566444,-7.0874357,6.5619082,-0.664391
3820,1437154566464,-7.162853,6.571485,-0.7170634
3821,1437154566484,-7.20116,6.5247984,-0.7428011
3822,1437154566512,-7.3711486,6.63972,-0.7260417
3823,1437154566584,-7.3549876,6.616975,-0.7793127
3824,1437154566585,-7.1646485,6.5966244,-0.6679823
3825,1437154566586,-7.1460934,6.603807,-0.74519527
3826,1437154566587,-7.1610575,6.619369,-0.6919243
3827,1437154566604,-7.101202,6.591237,-0.6733692
3828,1437154566629,-7.0515227,6.59423,-0.6488287
3829,1437154566643,-7.093421,6.6187706,-0.6027403
3830,1437154566663,-7.187992,6.645107,-0.64583594
3831,1437154566689,-7.2328835,6.6905966,-0.6368576
3832,1437154566704,-7.128137,6.6361284,-0.6362591
3833,1437154566727,-7.045537,6.6109896,-0.6362591
3834,1437154566745,-7.029376,6.6415157,-0.6733692
3835,1437154566764,-7.0904284,6.627749,-0.6392518
3836,1437154566787,-7.1550717,6.678027,-0.6356605
3837,1437154566804,-7.147889,6.671443,-0.61650693
3838,1437154566827,-7.0341644,6.627749,-0.61411273
3839,1437154566844,-7.132327,6.6965823,-0.6171055
3840,1437154566864,-7.2286935,6.7468605,-0.6087258
3841,1437154566887,-7.1191587,6.691794,-0.557849
3842,1437154566904,-6.9425864,6.602011,-0.521936
3843,1437154566927,-6.993463,6.673837,-0.5410896
3844,1437154566945,-7.1245456,6.654085,-0.5374983
3845,1437154566966,-7.0874357,6.631939,-0.53091425
3846,1437154566988,-7.1431007,6.609792,-0.5153519
3847,1437154567004,-7.2322845,6.68102,-0.533907
3848,1437154567026,-7.20535,6.691195,-0.55964464
3849,1437154567046,-6.9689226,6.605004,-0.5847838
3850,1437154567066,-6.921637,6.649895,-0.60333884
3851,1437154567088,-7.119757,6.707356,-0.7236475
3852,1437154567107,-7.1101804,6.661866,-0.63087213
3853,1437154567128,-7.138911,6.6744356,-0.65660983
3854,1437154567145,-7.1712327,6.619968,-0.61650693
3855,1437154567166,-7.1305313,6.5631056,-0.545878
3856,1437154567186,-7.0994067,6.56131,-0.56084174
3857,1437154567207,-7.1544733,6.611588,-0.5781997
3858,1437154567226,-7.15986,6.616975,-0.6039374
3859,1437154567250,-7.101801,6.631939,-0.63206923
3860,1437154567319,-7.1329255,6.685808,-0.664391
3861,1437154567323,-7.095815,6.724714,-0.6997054
3862,1437154567324,-7.00723,6.707356,-0.7092823
3863,1437154567325,-6.952163,6.6989765,-0.7266402
3864,1437154567344,-7.0808516,6.761824,-0.75956047
3865,1437154567367,-7.047333,6.6905966,-0.7685388
3866,1437154567384,-7.1263413,6.7761893,-0.78050977
3867,1437154567404,-7.2364745,6.731298,-0.84934306
3868,1437154567426,-7.079654,6.691794,-0.7882909
3869,1437154567446,-7.0766616,6.6469026,-0.74998367
3870,1437154567466,-6.965331,6.5762734,-0.7128736
3871,1437154567486,-7.1185603,6.551733,-0.6374562
3872,1437154567506,-7.2969284,6.615179,-0.5674258
3873,1437154567528,-7.319673,6.6367273,-0.54647654
3874,1437154567548,-7.141305,6.659472,-0.55964464
3875,1437154567566,-7.0491285,6.6959834,-0.6464345
3876,1437154567588,-6.980295,6.739079,-0.7248446
3877,1437154567608,-6.974908,6.67683,-0.7368156
3878,1437154567626,-7.101202,6.6923923,-0.75596917
3879,1437154567648,-7.2352777,6.6624646,-0.81163436
3880,1437154567666,-7.241263,6.582259,-0.7685388
3881,1437154567686,-7.2268977,6.55712,-0.7715315
3882,1437154567706,-7.2969284,6.5601125,-0.7356185
3883,1437154567728,-7.241263,6.521207,-0.6619968
3884,1437154567748,-7.1107793,6.4523735,-0.5967548
3885,1437154567768,-7.1544733,6.5086374,-0.557849
3886,1437154567788,-7.169437,6.517017,-0.5033809
3887,1437154567809,-7.0610995,6.5906386,-0.46866497
3888,1437154567827,-7.0227923,6.631939,-0.43035775
3889,1437154567847,-6.877943,6.7522473,-0.3824737
3890,1437154567867,-6.8761473,6.853402,-0.39025488
3891,1437154567887,-6.830059,6.9000893,-0.36631286
3892,1437154567908,-6.9246297,6.9264255,-0.39025488
3893,1437154567927,-6.9838862,6.8450227,-0.4189853
3894,1437154567951,-7.04015,6.7492547,-0.35075054
3895,1437154567973,-7.255628,6.728904,-0.3549404
3896,1437154568029,-7.2514386,6.6247563,-0.3184288
3897,1437154568030,-7.0742674,6.528988,-0.24600422
3898,1437154568031,-7.149685,6.5247984,-0.19871874
3899,1437154568051,-7.2268977,6.4709287,-0.17776948
3900,1437154568064,-7.2083426,6.373365,-0.12808979
3901,1437154568085,-7.2125325,6.3045316,-0.10474633
3902,1437154568105,-7.338228,6.26802,-0.15143326
3903,1437154568125,-7.4447703,6.2632318,-0.14185645
3904,1437154568157,-7.4405804,6.1501055,-0.1448492
3905,1437154568177,-7.409456,6.1076083,-0.1316811
3906,1437154568185,-7.6129627,6.1507044,-0.1592144
3907,1437154568205,-7.6668324,6.0704985,-0.14724341
3908,1437154568225,-7.555502,6.0244102,-0.15981296
3909,1437154568245,-7.65546,5.9849057,-0.20649989
3910,1437154568265,-7.736264,5.995081,-0.1933318
3911,1437154568285,-7.780557,5.9867015,-0.17657238
3912,1437154568305,-7.7907324,5.9621606,-0.19931729
3913,1437154568325,-7.7572136,5.949591,-0.16460137
3914,1437154568348,-7.7691846,5.9148755,-0.13826515
3915,1437154568369,-7.7608047,5.9358244,-0.18136078
3916,1437154568387,-7.766192,5.931036,-0.15263036
3917,1437154568409,-7.728483,5.9023056,-0.17417817
3918,1437154568428,-7.6243353,5.8598084,-0.16938977
3919,1437154568445,-7.7147164,5.889736,-0.1921347
3920,1437154568469,-7.7129207,5.8562174,-0.2136825
3921,1437154568486,-7.6973586,5.825691,-0.22685061
3922,1437154568507,-7.8745294,5.884948,-0.2669535
3923,1437154568526,-8.005013,5.901707,-0.2753332
3924,1437154568549,-8.073248,5.8226986,-0.16460137
3925,1437154568569,-7.913435,5.761048,-0.10055647
3926,1437154568588,-7.8368206,5.717354,-0.12988544
3927,1437154568608,-7.8386164,5.7107697,-0.051475335
3928,1437154568629,-7.7847466,5.6347537,-0.08379706
3929,1437154568648,-7.719505,5.60722,-0.02932897
3930,1437154568668,-7.8493905,5.6670756,-0.007182605
3931,1437154568690,-7.9756846,5.6760535,0.0017956513
3932,1437154568708,-7.8475947,5.592855,0.010773907
3933,1437154568787,-7.8649526,5.5246205,0.034117375
3934,1437154568849,-7.972093,5.5222263,-0.04070143
3935,1437154568850,-7.9708962,5.4887075,-0.010773907
3936,1437154568851,-7.9367785,5.5365915,-0.004189853
3937,1437154568852,-8.022371,5.6185927,-0.009576807
3938,1437154568853,-8.000824,5.6401405,-0.014963761
3939,1437154568854,-7.9691005,5.6341553,-0.018555064
3940,1437154568893,-8.016984,5.6784477,-0.025139118
3941,1437154568894,-7.9667063,5.674258,-0.012569559
3942,1437154568905,-7.839215,5.692813,-0.04369418
3943,1437154568939,-7.8853035,5.762245,-0.076015905
3944,1437154568956,-7.8853035,5.7921724,-0.079008654
3945,1437154568965,-7.951742,5.7999535,-0.034117375
3946,1437154568985,-7.8733325,5.783793,0.048482586
3947,1437154569006,-7.7410526,5.729325,-0.038905777
3948,1437154569026,-7.431602,5.659294,-0.08678981
3949,1437154569046,-7.784148,5.791574,-0.051475335
3950,1437154569066,-8.024766,5.851429,-0.13826515
3951,1437154569086,-7.9463553,5.839458,-0.10474633
3952,1437154569106,-7.711125,5.7119665,-0.15502456
3953,1437154569127,-7.538144,5.7784057,-0.260968
3954,1437154569145,-7.8691425,5.8663926,-0.19931729
3955,1437154569165,-7.989451,5.8532248,-0.18614918
3956,1437154569193,-7.9930425,5.7389016,-0.073621705
3957,1437154569205,-7.9744873,5.6790466,0.014963761
3958,1437154569225,-7.9834657,5.689222,0.037708677
3959,1437154569245,-7.8847046,5.6646814,0.051475335
3960,1437154569265,-7.553706,5.5737014,0.03232172
3961,1437154569285,-7.7506294,5.6886234,-0.0712275
3962,1437154569307,-7.9990277,5.801151,-0.15442601
3963,1437154569328,-7.820061,5.7724204,-0.20530279
3964,1437154569345,-7.6710224,5.7418942,-0.2837129
3965,1437154569365,-7.675811,5.767632,-0.34237084
3966,1437154569389,-7.8906903,5.8681884,-0.32441434
3967,1437154569406,-8.081628,5.9448028,-0.35553896
3968,1437154569425,-8.055291,5.9382186,-0.25198972
3969,1437154569447,-7.7877398,5.8262897,-0.22146365
3970,1437154569491,-7.6369047,5.847239,-0.18076223
3971,1437154569492,-7.835025,5.8891377,-0.08140286
3972,1437154569505,-7.807492,5.871181,-0.021547815
3973,1437154569526,-7.6470804,5.78918,0.078410104
3974,1437154569548,-7.4387846,5.717354,0.095768064
3975,1437154569567,-7.401076,5.7137623,0.13706805
3976,1437154569590,-7.4327993,5.673061,0.095768064
3977,1437154569605,-7.61416,5.831677,-0.008978256
3978,1437154569626,-7.9331875,5.927445,-0.10534488
3979,1437154569649,-7.9152308,5.9723363,-0.26515785
3980,1437154569669,-7.7560163,5.9663506,-0.33877954
3981,1437154569690,-7.5926123,6.0405707,-0.51714754
3982,1437154569707,-7.7224975,6.1596823,-0.6835446
3983,1437154569729,-7.8128786,6.1902084,-0.7715315
3984,1437154569749,-7.7877398,6.1836243,-0.770933
3985,1437154569769,-7.736264,6.1165867,-0.7392098
3986,1437154569790,-7.753622,6.087258,-0.6404489
3987,1437154569809,-7.6883802,6.0543375,-0.62967503
3988,1437154569829,-7.499837,5.9944825,-0.57760113
3989,1437154569846,-7.5800424,5.9920883,-0.60812724
3990,1437154569870,-7.666234,6.0022635,-0.5542577
3991,1437154569888,-7.6602483,5.966949,-0.4938041
3992,1437154569909,-7.6931686,5.959168,-0.53689975
3993,1437154569929,-7.654263,5.9741316,-0.521936
3994,1437154569949,-7.675811,6.0405707,-0.56922144
3995,1437154569969,-7.7374616,6.0740895,-0.55485624
3996,1437154569990,-7.7248917,6.0483522,-0.5093664
3997,1437154570009,-7.7213006,6.06152,-0.4890157
3998,1437154570029,-7.6255326,6.042965,-0.48602295
3999,1437154570049,-7.575254,6.0381765,-0.4369418
4000,1437154570069,-7.5465236,6.0166287,-0.45968673
4001,1437154570090,-7.5962033,6.063316,-0.4429273
4002,1437154570110,-7.6602483,6.0866594,-0.4441244
4003,1437154570167,-7.6123643,6.078878,-0.45848963
4004,1437154570168,-7.4351935,6.0106435,-0.4309563
4005,1437154570169,-7.5363483,6.0704985,-0.47345337
4006,1437154570189,-7.671621,6.1243677,-0.5315128
4007,1437154570208,-7.6680293,6.0980315,-0.5590461
4008,1437154570227,-7.511808,6.0483522,-0.5243302
4009,1437154570248,-7.4615297,6.0489507,-0.5566519
4010,1437154570270,-7.603386,6.135142,-0.56323594
4011,1437154570292,-7.6590514,6.133346,-0.5506664
4012,1437154570311,-7.5908165,6.0597243,-0.5482722
4013,1437154570330,-7.5770497,6.0507464,-0.5626374
4014,1437154570352,-7.5590935,6.0142345,-0.62488663
4015,1437154570370,-7.563882,6.021417,-0.6314707
4016,1437154570390,-7.6363063,6.017826,-0.65301853
4017,1437154570410,-7.691373,6.017826,-0.6697779
4018,1437154570430,-7.7087307,5.9843073,-0.6655881
4019,1437154570474,-7.7039423,6.0465565,-0.6859388
4020,1437154570475,-7.776367,6.054936,-0.7326257
4021,1437154570490,-7.701548,6.0369797,-0.7104794
4022,1437154570510,-7.6506715,5.9968767,-0.6979098
4023,1437154570555,-7.650073,5.9585695,-0.65242
4024,1437154570556,-7.6369047,5.935226,-0.6344634
4025,1437154570588,-7.681796,5.979519,-0.6596026
4026,1437154570589,-7.657854,5.9519854,-0.676362
4027,1437154570607,-7.665635,5.910087,-0.64703304
4028,1437154570627,-7.675212,5.903503,-0.6428431
4029,1437154570648,-7.7410526,5.903503,-0.64942724
4030,1437154570668,-7.6823945,5.817312,-0.6266823
4031,1437154570687,-7.739856,5.853823,-0.6051345
4032,1437154570707,-7.793725,5.835268,-0.60693014
4033,1437154570727,-7.7488337,5.8508306,-0.6266823
4034,1437154570753,-7.8128786,5.884948,-0.6572084
4035,1437154570771,-7.901464,5.9250507,-0.6404489
4036,1437154570787,-7.8308353,5.8705826,-0.61291564
4037,1437154570831,-7.662044,5.846042,-0.5506664
4038,1437154570838,-7.7039423,5.9172697,-0.60932434
4039,1437154570895,-7.705738,5.9477954,-0.64583594
4040,1437154570896,-7.6345105,5.9268465,-0.62847793
4041,1437154570897,-7.6375036,5.9280434,-0.6733692
4042,1437154570916,-7.699154,5.9621606,-0.670975
4043,1437154570929,-7.7374616,5.9621606,-0.6871359
4044,1437154570950,-7.6584525,5.9364233,-0.6607997
4045,1437154570968,-7.77936,5.973533,-0.694917
4046,1437154571013,-7.7847466,5.993285,-0.7212533
4047,1437154571014,-7.647679,5.9382186,-0.6392518
4048,1437154571035,-7.6129627,5.961562,-0.6925228
4049,1437154571051,-7.6464815,5.957372,-0.6769605
4050,1437154571069,-7.6644382,5.943007,-0.6314707
4051,1437154571090,-7.7105265,5.9382186,-0.64703304
4052,1437154571108,-7.7374616,5.9627595,-0.62129533
4053,1437154571128,-7.751228,5.976526,-0.6877344
4054,1437154571147,-7.7009497,6.023213,-0.7272388
4055,1437154571168,-7.6889787,5.9920883,-0.7428011
4056,1437154571191,-7.7039423,6.0118403,-0.76075757
4057,1437154571208,-7.639898,5.9723363,-0.75237787
4058,1437154571232,-7.603386,5.993884,-0.7044938
4059,1437154571251,-7.6081743,5.961562,-0.7368156
4060,1437154571269,-7.6746135,5.9825115,-0.7350199
4061,1437154571288,-7.629722,5.9029045,-0.6871359
4062,1437154571312,-7.567473,5.9052987,-0.7086837
4063,1437154571331,-7.7626004,5.9543796,-0.74399817
4064,1437154571351,-7.823054,5.9968767,-0.7529764
4065,1437154571371,-7.881712,5.9944825,-0.7188591
4066,1437154571388,-7.681796,5.9543796,-0.7200562
4067,1437154571407,-7.6530657,5.979519,-0.7356185
4068,1437154571431,-7.6590514,6.0040593,-0.7146692
4069,1437154571451,-7.579444,6.0046577,-0.7272388
4070,1437154571472,-7.5572977,6.017826,-0.7254431
4071,1437154571490,-7.5309615,6.0046577,-0.7870938
4072,1437154571509,-7.5848308,6.0519433,-0.7870938
4073,1437154571527,-7.6171527,6.041768,-0.7930793
4074,1437154571550,-7.6710224,6.10282,-0.7799112
4075,1437154571578,-7.7189064,6.0519433,-0.7930793
4076,1437154571587,-7.5004354,5.9825115,-0.7338228
4077,1437154571607,-7.619547,6.023213,-0.7517793
4078,1437154571631,-7.687782,6.0088477,-0.7368156
4079,1437154571649,-7.61835,6.0082493,-0.712275
4080,1437154571672,-7.6967597,6.0250087,-0.7212533
4081,1437154571689,-7.611766,5.9807158,-0.7062895
4082,1437154571708,-7.6249337,5.997475,-0.7290344
4083,1437154571731,-7.6967597,5.9705405,-0.7529764
4084,1437154571752,-7.705738,5.99149,-0.7433996
4085,1437154571769,-7.795521,6.0010667,-0.7380127
4086,1437154571789,-7.8613615,6.0303955,-0.7092823
4087,1437154571811,-7.767389,6.019023,-0.6991069
4088,1437154571831,-7.701548,6.007651,-0.6781576
4089,1437154571850,-7.559692,6.015432,-0.6332663
4090,1437154571871,-7.597999,6.039374,-0.57760113
4091,1437154571891,-7.553706,6.0501475,-0.5883751
4092,1437154571912,-7.650073,6.1064115,-0.57879823
4093,1437154571933,-7.630321,6.113594,-0.5518635
4094,1437154571949,-7.635708,6.0890536,-0.5638345
4095,1437154571971,-7.435792,6.033388,-0.46387658
4096,1437154571991,-7.469909,6.0627174,-0.5021838
4097,1437154572011,-7.5351515,6.057929,-0.52492875
4098,1437154572032,-7.4746976,6.001665,-0.51235914
4099,1437154572052,-7.5830355,6.0082493,-0.5674258
4100,1437154572072,-7.590218,5.9567738,-0.62129533
4101,1437154572091,-7.6847887,5.9519854,-0.58897364
4102,1437154572112,-7.6961613,5.840655,-0.5931635
4103,1437154572132,-7.8128786,5.8963203,-0.58119243
4104,1437154572154,-7.8757267,5.8544216,-0.6584055
4105,1437154572173,-7.8589673,5.8041434,-0.54527944
4106,1437154572190,-7.747637,5.7790046,-0.6159084
4107,1437154572215,-7.784148,5.8221,-0.6290765
4108,1437154572291,-7.8116817,5.7975593,-0.6422446
4109,1437154572292,-7.790134,5.795764,-0.64583594
4110,1437154572293,-7.739257,5.7987566,-0.6607997
4111,1437154572294,-7.7733746,5.855619,-0.6919243
4112,1437154572309,-7.8104844,5.8681884,-0.7026982
4113,1437154572333,-7.811083,5.8622026,-0.7344214
4114,1437154572351,-7.77936,5.853823,-0.7224504
4115,1437154572370,-7.8104844,5.855619,-0.6877344
4116,1437154572392,-7.8386164,5.896919,-0.66139823
4117,1437154572410,-7.7350674,5.844845,-0.62129533
4118,1437154572430,-7.705738,5.861604,-0.62249243
4119,1437154572451,-7.7386584,5.9023056,-0.6374562
4120,1437154572478,-7.633912,5.8693852,-0.66020113
4121,1437154572489,-7.750031,5.9184666,-0.6817489
4122,1437154572512,-7.8547773,5.964555,-0.7044938
4123,1437154572532,-7.8942814,5.951387,-0.6943185
4124,1437154572552,-7.756615,5.861006,-0.6015432
4125,1437154572571,-7.621941,5.8484364,-0.5859809
4126,1437154572592,-7.728483,5.921459,-0.599149
4127,1437154572612,-7.719505,5.9322333,-0.6099229
4128,1437154572632,-7.656657,5.9382186,-0.6266823
4129,1437154572652,-7.65546,5.9861026,-0.66738373
4130,1437154572670,-7.7069354,6.0226145,-0.7044938
4131,1437154572695,-7.6231384,5.9489927,-0.66259533
4132,1437154572729,-7.5968018,5.9585695,-0.6536171
4133,1437154572730,-7.7769656,6.0166287,-0.65900403
4134,1437154572749,-7.7320743,5.9477954,-0.62728083
4135,1437154572770,-7.6428905,5.9346275,-0.59256494
4136,1437154572789,-7.7464395,5.9424086,-0.60333884
4137,1437154572814,-7.768586,5.9412117,-0.599149
4138,1437154572834,-7.699753,5.896919,-0.61171854
4139,1437154572854,-7.6189485,5.8562174,-0.5955577
4140,1437154572872,-7.6255326,5.8723783,-0.60573304
4141,1437154572889,-7.7506294,5.931036,-0.65900403
4142,1437154572909,-7.7967176,5.9627595,-0.6733692
4143,1437154572930,-7.7590094,5.9585695,-0.6584055
4144,1437154572951,-7.7811556,5.9442043,-0.6536171
4145,1437154572970,-7.715315,5.903503,-0.641646
4146,1437154573040,-7.6602483,5.8771667,-0.5805939
4147,1437154573041,-7.6572556,5.8586116,-0.60812724
4148,1437154573042,-7.679402,5.889736,-0.61770403
4149,1437154573049,-7.60997,5.8813562,-0.6218939
4150,1437154573070,-7.7105265,5.928642,-0.705691
4151,1437154573090,-7.8769236,5.988497,-0.7044938
4152,1437154573110,-7.9421654,6.0010667,-0.712275
4153,1437154573130,-7.7213006,5.871181,-0.60812724
4154,1437154573155,-7.5722613,5.8598084,-0.58119243
4155,1437154573171,-7.7428484,5.9262476,-0.5734113
4156,1437154573196,-7.702147,5.9489927,-0.64583594
4157,1437154573210,-7.5590935,5.919065,-0.6817489
4158,1437154573231,-7.5800424,5.9681463,-0.7290344
4159,1437154573250,-7.6919713,6.017826,-0.79487497
4160,1437154573271,-7.764396,5.9723363,-0.7380127
4161,1437154573299,-7.666234,5.9412117,-0.6859388
4162,1437154573310,-7.8428063,5.9442043,-0.700304
4163,1437154573330,-7.7973166,5.869984,-0.6697779
4164,1437154573352,-7.700351,5.8909335,-0.61890113
4165,1437154573372,-7.7614036,5.9184666,-0.6889315
4166,1437154573391,-7.7248917,5.9358244,-0.66139823
4167,1437154573411,-7.6452847,5.9268465,-0.7062895
4168,1437154573440,-7.685986,5.9501896,-0.7110779
4169,1437154573451,-7.707534,5.964555,-0.676362
4170,1437154573473,-7.6788034,5.9238534,-0.6805518
4171,1437154573493,-7.6548615,5.8801594,-0.62009823
4172,1437154573512,-7.715315,5.9082913,-0.6242881
4173,1437154573532,-7.7889366,5.9346275,-0.6584055
4174,1437154573553,-7.784148,5.921459,-0.6464345
4175,1437154573574,-7.739856,5.9047,-0.6667852
4176,1437154573594,-7.7464395,5.8693852,-0.6434417
4177,1437154573610,-7.760206,5.8598084,-0.61112
4178,1437154573632,-7.7344685,5.8424506,-0.60094464
4179,1437154573652,-7.60997,5.8520274,-0.6003461
4180,1437154573672,-7.7919292,5.920861,-0.6727707
4181,1437154573691,-7.7637978,5.921459,-0.66259533
4182,1437154573711,-7.739856,5.885546,-0.6123171
4183,1437154573800,-7.6267295,5.886145,-0.6386533
4184,1437154573801,-7.7213006,5.9729347,-0.64583594
4185,1437154573802,-7.788338,6.003461,-0.6751649
4186,1437154573803,-7.677606,5.9519854,-0.6937199
4187,1437154573825,-7.678205,5.9250507,-0.6757634
4188,1437154573834,-7.699154,5.9956794,-0.7092823
4189,1437154573858,-7.7823524,6.023213,-0.7344214
4190,1437154573871,-7.61416,5.915474,-0.7224504
4191,1437154573900,-7.6201453,5.9370217,-0.6979098
4192,1437154573925,-7.780557,5.965752,-0.7308301
4193,1437154573931,-7.6584525,5.9124813,-0.6811504
4194,1437154573950,-7.641693,5.8771667,-0.6745663
4195,1437154573970,-7.743447,5.9118824,-0.6901286
4196,1437154573990,-7.7769656,5.935226,-0.65660983
4197,1437154574014,-7.7733746,5.9448028,-0.6895301
4198,1437154574031,-7.7667904,5.9543796,-0.6500258
4199,1437154574053,-7.677606,5.929839,-0.61291564
4200,1437154574074,-7.683592,5.93343,-0.5955577
4201,1437154574094,-7.6764092,5.9663506,-0.61770403
4202,1437154574114,-7.6764092,6.0046577,-0.6374562
4203,1437154574131,-7.6907744,6.015432,-0.66259533
4204,1437154574154,-7.627927,5.9783216,-0.66618663
4205,1437154574175,-7.621941,5.9519854,-0.676362
4206,1437154574192,-7.6614456,5.966949,-0.6787562
4207,1437154574214,-7.6889787,5.925649,-0.64942724
4208,1437154574231,-7.5985975,5.9029045,-0.6841431
4209,1437154574251,-7.792528,5.9747305,-0.7152678
4210,1437154574271,-7.8086886,5.9717374,-0.7272388
4211,1437154574291,-7.880515,5.9968767,-0.7248446
4212,1437154574311,-7.7350674,5.9322333,-0.6548142
4213,1437154574331,-7.620744,5.9412117,-0.670975
4214,1437154574352,-7.685986,5.9543796,-0.66020113
4215,1437154574376,-7.642292,5.9627595,-0.676362
4216,1437154574395,-7.643489,5.961562,-0.6967127
4217,1437154574411,-7.6081743,5.957372,-0.7110779
4218,1437154574432,-7.6482773,5.955577,-0.6943185
4219,1437154574503,-7.721899,5.967548,-0.6769605
4220,1437154574504,-7.730279,5.99149,-0.6907272
4221,1437154574505,-7.7943234,5.9801173,-0.6811504
4222,1437154574512,-7.650073,5.8442464,-0.64823014
4223,1437154574531,-7.6189485,5.851429,-0.63087213
4224,1437154574552,-7.7667904,5.911284,-0.65780693
4225,1437154574580,-7.791331,5.947197,-0.61650693
4226,1437154574592,-7.6811976,5.9292407,-0.6314707
4227,1437154574612,-7.65965,5.919065,-0.60214174
4228,1437154574671,-7.6387005,5.9729347,-0.6147113
4229,1437154574672,-7.6530657,5.9980736,-0.6488287
4230,1437154574673,-7.641693,6.0250087,-0.6584055
4231,1437154574690,-7.6770077,6.06152,-0.6973112
4232,1437154574712,-7.678205,6.0363812,-0.7218518
4233,1437154574734,-7.578247,5.989694,-0.6871359
4234,1437154574752,-7.595605,5.976526,-0.66498953
4235,1437154574773,-7.635708,5.989694,-0.6619968
4236,1437154574794,-7.6931686,5.979519,-0.66139823
4237,1437154574814,-7.593809,5.9268465,-0.6631939
4238,1437154574834,-7.717709,5.961562,-0.6967127
4239,1437154574854,-7.8308353,6.0441623,-0.7260417
4240,1437154574873,-7.86196,6.022016,-0.7026982
4241,1437154574894,-7.611766,5.9412117,-0.6314707
4242,1437154574914,-7.567473,5.9825115,-0.6548142
4243,1437154574932,-7.714118,6.0411696,-0.6799533
4244,1437154574954,-7.6003933,6.0130377,-0.6584055
4245,1437154574973,-7.4896617,6.0166287,-0.7026982
4246,1437154574993,-7.542334,6.0746884,-0.7589619
4247,1437154575014,-7.615956,6.0884547,-0.75956047
4248,1437154575033,-7.603386,6.0262055,-0.7392098
4249,1437154575052,-7.593809,6.0082493,-0.6985083
4250,1437154575072,-7.739257,6.0585275,-0.7104794
4251,1437154575092,-7.7183075,6.0040593,-0.6422446
4252,1437154575115,-7.5764513,6.007651,-0.62368953
4253,1437154575135,-7.653664,6.0477533,-0.6596026
4254,1437154575153,-7.6213427,6.043564,-0.6314707
4255,1437154575173,-7.5441294,6.0268044,-0.64942724
4256,1437154575201,-7.5495167,6.047155,-0.6631939
4257,1437154576630,-7.57286,6.0609217,-0.6907272
4258,1437154576631,-7.5950065,6.072294,-0.6769605
4259,1437154576632,-7.5968018,6.0483522,-0.7092823
4260,1437154576633,-7.6464815,6.0639143,-0.6631939
4261,1437154576634,-7.633912,6.0621185,-0.6769605
4262,1437154576635,-7.6321163,6.049549,-0.6619968
4263,1437154576636,-7.599795,6.035184,-0.66020113
4264,1437154576637,-7.639299,6.075287,-0.670975
4265,1437154576638,-7.656657,6.0836663,-0.6997054
4266,1437154576639,-7.5267715,6.0345855,-0.6961141
4267,1437154576640,-7.6081743,6.063316,-0.7146692
4268,1437154576641,-7.6841903,6.114791,-0.74639237
4269,1437154576642,-7.6650367,6.0399723,-0.6997054
4270,1437154576643,-7.4561424,5.98311,-0.6368576
4271,1437154576644,-7.557896,6.0507464,-0.6374562
4272,1437154576645,-7.716512,6.1207767,-0.6853402
4273,1437154576646,-7.6464815,6.0878563,-0.7092823
4274,1437154576647,-7.5411367,6.084265,-0.760159
4275,1437154576648,-7.5962033,6.083068,-0.74878657
4276,1437154576649,-7.60578,6.1022215,-0.74639237
4277,1437154576650,-7.5549035,6.0585275,-0.6979098
4278,1437154576651,-7.6015906,6.057929,-0.712275
4279,1437154576652,-7.65546,6.081272,-0.6769605
4280,1437154576653,-7.6482773,6.0561333,-0.6619968
4281,1437154576654,-7.553706,6.0501475,-0.6805518
4282,1437154576655,-7.5985975,6.0531406,-0.65660983
4283,1437154576656,-7.639898,6.057929,-0.6715736
4284,1437154576657,-7.587824,6.021417,-0.6548142
4285,1437154576658,-7.615956,6.085462,-0.6715736
4286,1437154576659,-7.683592,6.0998273,-0.6817489
4287,1437154576660,-7.6375036,6.0944405,-0.66379243
4288,1437154576661,-7.6111674,6.0627174,-0.676362
4289,1437154576662,-7.5830355,6.0597243,-0.6500258
4290,1437154576663,-7.5746555,6.0250087,-0.6266823
4291,1437154576664,-7.5411367,5.988497,-0.62009823
4292,1437154576665,-7.6045833,6.0208187,-0.63206923
4293,1437154576666,-7.719505,6.0687027,-0.63206923
4294,1437154576667,-7.657854,5.9998693,-0.6183026
4295,1437154576668,-7.5136037,5.9639564,-0.60932434
4296,1437154576669,-7.6692266,6.0106435,-0.6476316
4297,1437154576670,-7.7224975,6.0531406,-0.6721721
4298,1437154576671,-7.6967597,5.9867015,-0.62249243
4299,1437154576672,-7.5441294,5.9843073,-0.6302736
4300,1437154576673,-7.6560583,6.05733,-0.65780693
4301,1437154576674,-7.679402,6.081871,-0.6500258
4302,1437154576675,-7.5387425,6.021417,-0.694917
4303,1437154576676,-7.5572977,6.0250087,-0.6775591
4304,1437154576677,-7.591415,6.0363812,-0.7422025
4305,1437154576678,-7.675811,6.051345,-0.7009025
4306,1437154576679,-7.587225,5.9825115,-0.6793547
4307,1437154576680,-7.699753,6.0609217,-0.705691
4308,1437154576681,-7.7572136,6.063316,-0.7248446
4309,1437154576682,-7.567473,5.9944825,-0.6751649
4310,1437154576683,-7.66384,6.0130377,-0.682946
4311,1437154576684,-7.656657,5.999271,-0.641646
4312,1437154576685,-7.6015906,5.9651537,-0.64823014
4313,1437154576686,-7.603985,5.9825115,-0.6410475
4314,1437154576687,-7.674015,6.0441623,-0.65301853
4315,1437154576688,-7.6811976,6.072294,-0.6679823
4316,1437154576689,-7.639898,6.019622,-0.6733692
4317,1437154576690,-7.615357,6.0280013,-0.6655881
4318,1437154576691,-7.6231384,6.0262055,-0.6452374
4319,1437154576692,-7.6375036,6.0441623,-0.641646
4320,1437154576693,-7.638102,6.033388,-0.63087213
4321,1437154576694,-7.589619,6.0040593,-0.6135142
4322,1437154576695,-7.6482773,6.011242,-0.63087213
4323,1437154576696,-7.5345526,5.9783216,-0.62129533
4324,1437154576697,-7.7171106,6.033987,-0.6817489
4325,1437154576698,-7.750031,6.0172276,-0.6871359
4326,1437154576699,-7.709928,6.013636,-0.6691794
4327,1437154576700,-7.563283,5.9567738,-0.6135142
4328,1437154576701,-7.53994,6.007052,-0.63206923
4329,1437154576702,-7.693767,6.071097,-0.65660983
4330,1437154576703,-7.642292,6.0525417,-0.6841431
4331,1437154576704,-7.5770497,6.0130377,-0.7074866
4332,1437154576711,-7.587225,6.0130377,-0.6817489
4333,1437154576731,-7.642292,6.055535,-0.6835446
4334,1437154576751,-7.6853876,6.033987,-0.6584055
4335,1437154576771,-7.565677,6.007052,-0.6266823
4336,1437154576791,-7.6847887,6.021417,-0.6799533
4337,1437154576811,-7.701548,6.0483522,-0.6691794
4338,1437154576831,-7.6291237,6.055535,-0.682946
4339,1437154576855,-7.6428905,6.0363812,-0.6877344
4340,1437154576873,-7.599795,6.013636,-0.6727707
4341,1437154576893,-7.5800424,6.000468,-0.65182143
4342,1437154576912,-7.6488757,6.0142345,-0.6278794
4343,1437154576936,-7.662044,6.0184245,-0.61890113
4344,1437154576953,-7.681796,6.0124393,-0.63087213
4345,1437154576973,-7.675811,6.019622,-0.6302736
4346,1437154576993,-7.667431,6.0381765,-0.635062
4347,1437154577014,-7.6410947,6.011242,-0.6715736
4348,1437154577036,-7.5453267,5.9771247,-0.6667852
4349,1437154577056,-7.5842323,5.9705405,-0.6619968
4350,1437154577075,-7.723695,6.0226145,-0.65182143
4351,1437154577094,-7.671621,5.9681463,-0.6051345
4352,1437154577118,-7.6225395,5.993884,-0.6368576
4353,1437154577135,-7.776367,6.023213,-0.65301853
4354,1437154577155,-7.768586,6.042965,-0.66020113
4355,1437154577181,-7.6644382,5.9998693,-0.6278794
4356,1437154577248,-7.48188,5.995081,-0.6278794
4357,1437154577249,-7.567473,6.049549,-0.64703304
4358,1437154577250,-7.621941,6.0758853,-0.682946
4359,1437154577257,-7.5680714,6.0645127,-0.700304
4360,1437154577275,-7.587824,6.063316,-0.7404069
4361,1437154577294,-7.6129627,6.054936,-0.7350199
4362,1437154577313,-7.7266874,6.0758853,-0.7146692
4363,1437154577340,-7.65127,5.9920883,-0.7170634
4364,1437154577354,-7.681796,6.002862,-0.7104794
4365,1437154577376,-7.6829934,5.979519,-0.7320272
4366,1437154577394,-7.5848308,5.9585695,-0.7068881
4367,1437154577415,-7.6243353,5.9986725,-0.712275
4368,1437154577434,-7.6722193,6.0124393,-0.6937199
4369,1437154577458,-7.7051396,5.988497,-0.66259533
4370,1437154577474,-7.7069354,6.0082493,-0.6703765
4371,1437154577496,-7.687782,5.99149,-0.66379243
4372,1437154577518,-7.65127,5.993884,-0.6769605
4373,1437154577536,-7.626131,6.0082493,-0.6985083
4374,1437154577557,-7.599196,6.029797,-0.7116765
4375,1437154577575,-7.5842323,6.041768,-0.70509243
4376,1437154577597,-7.6129627,6.055535,-0.7068881
4377,1437154577618,-7.5722613,6.037578,-0.6715736
4378,1437154577638,-7.61835,6.0716953,-0.6769605
4379,1437154577657,-7.5704656,6.033388,-0.6440403
4380,1437154577680,-7.491457,6.0285997,-0.65062433
4381,1437154577695,-7.606379,6.0968347,-0.6985083
4382,1437154577716,-7.7087307,6.129755,-0.7032967
4383,1437154577738,-7.717709,6.101623,-0.6434417
4384,1437154577754,-7.4968443,6.073491,-0.59017074
4385,1437154577774,-7.5566993,6.10701,-0.6254852
4386,1437154577796,-7.6015906,6.1489086,-0.6398504
4387,1437154577816,-7.4962454,6.090849,-0.670975
4388,1437154577841,-7.482479,6.085462,-0.7410054
4389,1437154577855,-7.543531,6.137536,-0.7799112
4390,1437154577875,-7.6369047,6.1524997,-0.7757214
4391,1437154577906,-7.626131,6.087258,-0.7338228
4392,1437154577963,-7.679402,6.089652,-0.75956047
4393,1437154577964,-7.715315,6.0327897,-0.717662
4394,1437154577965,-7.541735,5.9639564,-0.6865373
4395,1437154577983,-7.5602903,6.005256,-0.6805518
4396,1437154577994,-7.6943655,6.0327897,-0.6793547
4397,1437154578014,-7.6321163,6.0130377,-0.6973112
4398,1437154578036,-7.5704656,6.0166287,-0.6775591
4399,1437154578057,-7.6321163,6.053739,-0.6667852
4400,1437154578077,-7.6165543,6.029797,-0.6745663
4401,1437154578095,-7.599795,6.033388,-0.65780693
4402,1437154578117,-7.6189485,6.063316,-0.6997054
4403,1437154578135,-7.630321,6.097433,-0.6793547
4404,1437154578158,-7.583634,6.103419,-0.729633
4405,1437154578175,-7.5231805,6.0609217,-0.7116765
4406,1437154578197,-7.575853,6.105214,-0.705691
4407,1437154578216,-7.519589,6.0800753,-0.7020996
4408,1437154578237,-7.518392,6.095039,-0.7422025
4409,1437154578258,-7.6111674,6.127361,-0.7577648
4410,1437154578278,-7.6590514,6.1626754,-0.7404069
4411,1437154578297,-7.6560583,6.1064115,-0.7224504
4412,1437154578318,-7.435792,6.066907,-0.6793547
4413,1437154578337,-7.5333557,6.123171,-0.6937199
4414,1437154578358,-7.577648,6.1782374,-0.6913257
4415,1437154578410,-7.4950485,6.113594,-0.7278373
4416,1437154578411,-7.472902,6.1327477,-0.7445967
4417,1437154578414,-7.5572977,6.199785,-0.7811083
4418,1437154578435,-7.6213427,6.203975,-0.7649474
4419,1437154578455,-7.530363,6.1489086,-0.741604
4420,1437154578475,-7.611766,6.1524997,-0.712275
4421,1437154578495,-7.681796,6.1405287,-0.7152678
4422,1437154578521,-7.4908586,6.085462,-0.6691794
4423,1437154578541,-7.501034,6.067506,-0.6655881
4424,1437154578561,-7.530363,6.089652,-0.66618663
4425,1437154578579,-7.557896,6.1064115,-0.6799533
4426,1437154578595,-7.5686703,6.126762,-0.6733692
4427,1437154578616,-7.6560583,6.167464,-0.6703765
4428,1437154578639,-7.6171527,6.1219735,-0.676362
4429,1437154578657,-7.599795,6.1165867,-0.6871359
4430,1437154578727,-7.541735,6.118981,-0.7152678
4431,1437154578730,-7.5285673,6.1249666,-0.6931214
4432,1437154578732,-7.507618,6.131551,-0.74399817
4433,1437154578736,-7.5088153,6.109404,-0.7248446
4434,1437154578758,-7.505822,6.103419,-0.7445967
4435,1437154578775,-7.5626845,6.0860605,-0.7332243
4436,1437154578795,-7.5094137,6.0956373,-0.7505822
4437,1437154578821,-7.723695,6.10701,-0.78649527
4438,1437154578835,-7.675212,6.0806737,-0.7757214
4439,1437154578857,-7.865551,6.1243677,-0.80564886
4440,1437154578876,-7.7847466,6.159084,-0.7757214
4441,1437154578896,-7.754221,6.220136,-0.777517
4442,1437154578915,-7.6722193,6.233304,-0.79487497
4443,1437154578936,-7.453748,6.2003837,-0.7793127
4444,1437154578959,-7.3729444,6.213552,-0.7613561
4445,1437154578979,-7.393295,6.217143,-0.7727286
4446,1437154578998,-7.423821,6.233304,-0.7380127
4447,1437154579019,-7.3328414,6.113594,-0.7374141
4448,1437154579039,-7.3819222,6.127361,-0.7218518
4449,1437154579058,-7.619547,6.203377,-0.80086046
4450,1437154579079,-7.545925,6.1279593,-0.74878657
4451,1437154579099,-7.5411367,6.131551,-0.7517793
4452,1437154579117,-7.6931686,6.143522,-0.7625532
4453,1437154579138,-7.6201453,6.1064115,-0.7493851
4454,1437154579159,-7.5483193,6.063316,-0.7410054
4455,1437154579177,-7.5650787,6.077681,-0.7164649
4456,1437154579196,-7.650073,6.1423244,-0.74399817
4457,1437154579216,-7.590218,6.0824695,-0.7368156
4458,1437154579242,-7.527969,6.06571,-0.6865373
4459,1437154579262,-7.542334,6.0866594,-0.66498953
4460,1437154579281,-7.4669166,6.0303955,-0.6159084
4461,1437154579299,-7.4830775,6.0621185,-0.5931635
4462,1437154579316,-7.478289,6.097433,-0.6087258
4463,1437154579337,-7.5806413,6.143522,-0.56982
4464,1437154579356,-7.4806833,6.145317,-0.5638345
4465,1437154579377,-7.608773,6.2249246,-0.57520694
4466,1437154579398,-7.60578,6.2087636,-0.6039374
4467,1437154579457,-7.5165963,6.199187,-0.5895722
4468,1437154579458,-7.4028716,6.1584854,-0.56203884
4469,1437154579459,-7.2765775,6.139332,-0.5662287
4470,1437154579489,-7.409456,6.211158,-0.5883751
4471,1437154579496,-7.507618,6.2434793,-0.61411273
4472,1437154579516,-7.4525514,6.2303114,-0.62129533
4473,1437154579540,-7.4681134,6.2123547,-0.6548142
4474,1437154579556,-7.4830775,6.187814,-0.6619968
4475,1437154579576,-7.483676,6.1507044,-0.66139823
4476,1437154579596,-7.469909,6.1686606,-0.66379243
4477,1437154579617,-7.6249337,6.178836,-0.7158663
4478,1437154579636,-7.6488757,6.1943984,-0.694917
4479,1437154579656,-7.5584946,6.18123,-0.6859388
4480,1437154579676,-7.524976,6.1926026,-0.6853402
4481,1437154579700,-7.4268136,6.166865,-0.6715736
4482,1437154579722,-7.363966,6.180033,-0.7152678
4483,1437154579739,-7.472902,6.2165446,-0.7404069
4484,1437154579756,-7.5285673,6.211158,-0.7649474
4485,1437154579779,-7.491457,6.1782374,-0.78529817
4486,1437154579799,-7.492056,6.1782374,-0.777517
4487,1437154579819,-7.563882,6.1806316,-0.80205756
4488,1437154579839,-7.5788455,6.187216,-0.7433996
4489,1437154579860,-7.5985975,6.1662664,-0.7422025
4490,1437154579876,-7.538144,6.1129956,-0.7026982
4491,1437154579899,-7.539341,6.1279593,-0.70509243
4492,1437154579919,-7.4567413,6.042965,-0.7015011
4493,1437154579937,-7.4962454,6.087258,-0.7278373
4494,1437154579959,-7.668628,6.1620765,-0.74519527
4495,1437154579979,-7.713519,6.157288,-0.7428011
4496,1437154579999,-7.680599,6.0728927,-0.6937199
4497,1437154580020,-7.4471645,6.0208187,-0.6344634
4498,1437154580040,-7.5572977,6.0357823,-0.62249243
4499,1437154580060,-7.6668324,6.1183825,-0.6488287
4500,1437154580078,-7.642292,6.120178,-0.688333
4501,1437154580098,-7.5686703,6.137536,-0.6691794
4502,1437154580120,-7.541735,6.183026,-0.65541273
4503,1437154580139,-7.5375457,6.199187,-0.6452374
4504,1437154580211,-7.4082584,6.145317,-0.60333884
4505,1437154580212,-7.451354,6.184223,-0.64703304
4506,1437154580213,-7.5405383,6.2512608,-0.6781576
4507,1437154580219,-7.418434,6.18542,-0.66379243
4508,1437154580238,-7.455544,6.1926026,-0.6781576
4509,1437154580263,-7.498041,6.14831,-0.6781576
4510,1437154580278,-7.433398,6.117185,-0.6560113
4511,1437154580298,-7.567473,6.1596823,-0.6362591
4512,1437154580333,-7.629722,6.196194,-0.6715736
4513,1437154580337,-7.567473,6.178836,-0.61770403
4514,1437154580359,-7.536947,6.161478,-0.5907693
4515,1437154580378,-7.5471225,6.181829,-0.599149
4516,1437154580401,-7.5052238,6.153697,-0.6242881
4517,1437154580420,-7.4842744,6.1746464,-0.6985083
4518,1437154580440,-7.515399,6.1926026,-0.777517
4519,1437154580490,-7.433996,6.168062,-0.8038532
4520,1437154580491,-7.53575,6.208165,-0.80445176
4521,1437154580498,-7.453748,6.1489086,-0.7673417
4522,1437154580520,-7.4872675,6.1088057,-0.7870938
4523,1437154580537,-7.6111674,6.1638722,-0.79367787
4524,1437154580558,-7.719505,6.2225304,-0.8026561
4525,1437154580579,-7.595605,6.1489086,-0.7793127
4526,1437154580601,-7.379528,6.1584854,-0.7781156
4527,1437154580625,-7.5375457,6.2129536,-0.80205756
4528,1437154580657,-7.483676,6.1782374,-0.80924016
4529,1437154580658,-7.399879,6.135142,-0.8391677
4530,1437154580677,-7.436989,6.141726,-0.8726865
4531,1437154580702,-7.524976,6.1740475,-0.8583213
4532,1437154580717,-7.6506715,6.1530986,-0.89064306
4533,1437154580737,-7.6009917,6.0980315,-0.86131406
4534,1437154580757,-7.6865845,6.1100025,-0.8726865
4535,1437154580780,-7.6764092,6.078878,-0.8146271
4536,1437154580797,-7.5584946,6.105214,-0.7697359
4537,1437154580819,-7.5465236,6.1566896,-0.7368156
4538,1437154580838,-7.4764934,6.172252,-0.66379243
4539,1437154580864,-7.4082584,6.1926026,-0.6440403
4540,1437154580877,-7.373543,6.2339025,-0.676362
4541,1437154580923,-7.383718,6.25964,-0.7062895
4542,1437154580924,-7.410054,6.241684,-0.7799112
4543,1437154580940,-7.4471645,6.173449,-0.7930793
4544,1437154580957,-7.551312,6.178836,-0.8343793
4545,1437154580979,-7.674015,6.142923,-0.8295909
4546,1437154580997,-7.629722,6.085462,-0.79846627
4547,1437154581018,-7.6626425,6.1112,-0.81881696
4548,1437154581043,-7.6452847,6.129156,-0.83378077
4549,1437154581063,-7.644686,6.156091,-0.79607207
4550,1437154581076,-7.519589,6.1040173,-0.78170687
4551,1437154581096,-7.4884644,6.1405287,-0.7433996
4552,1437154581118,-7.6614456,6.1902084,-0.7350199
4553,1437154581136,-7.575853,6.199187,-0.66379243
4554,1437154581157,-7.503428,6.137536,-0.58538234
4555,1437154581178,-7.234679,6.1112,-0.66379243
4556,1437154581198,-7.3106947,6.2045736,-0.75237787
4557,1437154581221,-7.3442135,6.271013,-0.8900445
4558,1437154581241,-7.3926964,6.326678,-0.9564836
4559,1437154581261,-7.5363483,6.2883706,-0.96187055
4560,1437154581278,-7.515998,6.245275,-0.93014735
4561,1437154581298,-7.5884223,6.26802,-0.9355343
4562,1437154581319,-7.474099,6.2351,-0.9295488
4563,1437154581341,-7.502231,6.250662,-0.9540894
4564,1437154581358,-7.5429325,6.2847795,-0.8888474
4565,1437154581378,-7.455544,6.2662244,-0.86131406
4566,1437154581396,-7.427412,6.2704144,-0.8206126
4567,1437154581418,-7.4932528,6.306926,-0.741604
4568,1437154581439,-7.4232225,6.284181,-0.7697359
4569,1437154581462,-7.3406224,6.284181,-0.7290344
4570,1437154581481,-7.240066,6.217742,-0.700304
4571,1437154581498,-7.2789717,6.244078,-0.724246
4572,1437154581519,-7.3346367,6.2434793,-0.75357497
4573,1437154581538,-7.36217,6.229713,-0.7739257
4574,1437154581687,-7.487866,6.26802,-0.8074445
4575,1437154581688,-7.5842323,6.2979474,-0.8086416
4576,1437154581689,-7.579444,6.2650275,-0.8002619
4577,1437154581690,-7.4507556,6.2249246,-0.7769185
4578,1437154581691,-7.454347,6.2650275,-0.75237787
4579,1437154581692,-7.459734,6.26383,-0.7703344
4580,1437154581693,-7.3083005,6.227917,-0.76554596
4581,1437154581723,-7.4375877,6.3224883,-0.8499416
4582,1437154581724,-7.5231805,6.38773,-0.92416185
4583,1437154581738,-7.4950485,6.353014,-0.94451255
4584,1437154581758,-7.293337,6.2446766,-0.85173726
4585,1437154581779,-7.3286514,6.2524576,-0.8415619
4586,1437154581805,-7.5231805,6.2847795,-0.76075757
4587,1437154581820,-7.450157,6.2362967,-0.75118077
4588,1437154581840,-7.3286514,6.2045736,-0.7200562
4589,1437154581859,-7.395689,6.281787,-0.7691373
4590,1437154581884,-7.401076,6.3380504,-0.830788
4591,1437154581899,-7.36636,6.3482256,-0.83737206
4592,1437154581921,-7.356185,6.359598,-0.8912416
4593,1437154581941,-7.495647,6.4260373,-0.9247604
4594,1437154581961,-7.482479,6.327875,-0.89064306
4595,1437154581981,-7.3083005,6.2728086,-0.8475474
4596,1437154582001,-7.450157,6.3087215,-0.82719666
4597,1437154582021,-7.433996,6.2769985,-0.7846996
4598,1437154582041,-7.4088573,6.2530565,-0.79008657
4599,1437154582061,-7.37055,6.2554507,-0.7751228
4600,1437154582081,-7.3549876,6.2781954,-0.78649527
4601,1437154582099,-7.3843164,6.2769985,-0.8002619
4602,1437154582119,-7.3873096,6.287772,-0.81283146
4603,1437154582141,-7.4764934,6.2883706,-0.8050503
4604,1437154582161,-7.395689,6.2566476,-0.78050977
4605,1437154582180,-7.498041,6.2542534,-0.7589619
4606,1437154582200,-7.5052238,6.2458735,-0.75596917
4607,1437154582219,-7.5165963,6.2392898,-0.7236475
4608,1437154582241,-7.475895,6.277597,-0.7170634
4609,1437154582262,-7.4830775,6.3248825,-0.7272388
4610,1437154582282,-7.3627687,6.2626333,-0.729633
4611,1437154582300,-7.347805,6.293159,-0.74639237
4612,1437154582323,-7.429208,6.3823433,-0.82480246
4613,1437154582342,-7.467515,6.3943143,-0.81343
4614,1437154582360,-7.2927384,6.3165026,-0.75596917
4615,1437154582379,-7.2149267,6.3242836,-0.7428011
4616,1437154582459,-7.37055,6.335656,-0.7565677
4617,1437154582460,-7.294534,6.2979474,-0.7673417
4618,1437154582461,-7.37055,6.3500214,-0.81642276
4619,1437154582462,-7.414244,6.3685765,-0.8631097
4620,1437154582480,-7.4244194,6.359598,-0.85891986
4621,1437154582503,-7.417835,6.329671,-0.878672
4622,1437154582519,-7.441777,6.351817,-0.83617496
4623,1437154582584,-7.5686703,6.3344593,-0.8439561
4624,1437154582585,-7.471705,6.2434793,-0.78649527
4625,1437154582586,-7.3112936,6.1596823,-0.7625532
4626,1437154582607,-7.417237,6.1746464,-0.7505822
4627,1437154582619,-7.5806413,6.2219315,-0.7152678
4628,1437154582643,-7.5375457,6.1848216,-0.6943185
4629,1437154582659,-7.5070195,6.181829,-0.6727707
4630,1437154582682,-7.5207863,6.2045736,-0.6679823
4631,1437154582702,-7.4776907,6.2099605,-0.66498953
4632,1437154582722,-7.5136037,6.2243257,-0.66020113
4633,1437154582742,-7.3992805,6.196194,-0.6500258
4634,1437154582762,-7.431602,6.2207346,-0.6434417
4635,1437154582782,-7.4549456,6.241085,-0.6631939
4636,1437154582802,-7.482479,6.2674217,-0.61770403
4637,1437154582823,-7.469909,6.2626333,-0.6338649
4638,1437154582839,-7.392098,6.2458735,-0.5955577
4639,1437154582862,-7.3807254,6.2339025,-0.62129533
4640,1437154582882,-7.289147,6.206968,-0.6278794
4641,1437154582902,-7.3849154,6.2769985,-0.6781576
4642,1437154582922,-7.551312,6.3619924,-0.76315176
4643,1437154582941,-7.5962033,6.3601966,-0.7392098
4644,1437154582962,-7.4429746,6.247071,-0.66738373
4645,1437154582981,-7.375937,6.2243257,-0.6380547
4646,1437154583002,-7.471705,6.2967505,-0.688333
4647,1437154583022,-7.355586,6.3224883,-0.7344214
4648,1437154583044,-7.3124905,6.284181,-0.7781156
4649,1437154583063,-7.371747,6.3446345,-0.83378077
4650,1437154583083,-7.4447703,6.384139,-0.7954735
4651,1437154583105,-7.3723454,6.323685,-0.76315176
4652,1437154583180,-7.3627687,6.290765,-0.78290397
4653,1437154583181,-7.4776907,6.31351,-0.7882909
4654,1437154583182,-7.4705076,6.257246,-0.7667431
4655,1437154583183,-7.40347,6.2249246,-0.74998367
4656,1437154583200,-7.463924,6.205172,-0.7182605
4657,1437154583223,-7.425018,6.194997,-0.7128736
4658,1437154583239,-7.49445,6.220136,-0.7308301
4659,1437154583260,-7.474099,6.199785,-0.694917
4660,1437154583280,-7.439383,6.2075663,-0.66738373
4661,1437154583301,-7.4591355,6.203975,-0.65182143
4662,1437154583320,-7.4974427,6.2500634,-0.6338649
4663,1437154583386,-7.44896,6.282984,-0.6619968
4664,1437154583387,-7.4327993,6.365584,-0.7200562
4665,1437154583388,-7.450157,6.4619503,-0.7302315
4666,1437154583399,-7.3268557,6.431424,-0.79008657
4667,1437154583424,-7.233482,6.4044895,-0.80684596
4668,1437154583443,-7.204153,6.4020953,-0.8122329
4669,1437154583464,-7.2143283,6.355408,-0.79008657
4670,1437154583483,-7.1861963,6.339846,-0.7978677
4671,1437154583503,-7.4345946,6.3338604,-0.81283146
4672,1437154583523,-7.4872675,6.3182983,-0.7386112
4673,1437154583545,-7.5375457,6.2351,-0.6667852
4674,1437154583561,-7.365163,6.1650696,-0.57400984
4675,1437154583584,-7.4106526,6.1704564,-0.599149
4676,1437154583615,-7.4974427,6.2632318,-0.6254852
4677,1437154583622,-7.489063,6.259042,-0.6075287
4678,1437154583641,-7.4232225,6.242881,-0.56323594
4679,1437154583661,-7.428011,6.227917,-0.5566519
4680,1437154583681,-7.4016747,6.257845,-0.55246204
4681,1437154583701,-7.355586,6.205771,-0.51954174
4682,1437154583808,-7.179612,6.187814,-0.57999533
4683,1437154583809,-7.2424603,6.2823853,-0.6913257
4684,1437154583810,-7.2909427,6.319495,-0.7715315
4685,1437154583811,-7.3346367,6.305729,-0.8379706
4686,1437154583812,-7.291541,6.2542534,-0.842759
4687,1437154583820,-7.431602,6.3206925,-0.91817635
4688,1437154583840,-7.4830775,6.317101,-0.9768343
4689,1437154583860,-7.5082164,6.3003416,-1.0127473
4690,1437154583881,-7.5387425,6.2740054,-1.0067618
4691,1437154583901,-7.4866686,6.2524576,-0.9624691
4692,1437154583939,-7.392098,6.26383,-1.0067618
4693,1437154583940,-7.2550297,6.259042,-1.0324994
4694,1437154583960,-7.2083426,6.3422403,-1.1061212
4695,1437154583980,-7.393295,6.633734,-1.1701661
4696,1437154584001,-7.389105,6.8079123,-1.0959458
4697,1437154584021,-6.9090676,6.8408327,-0.9307459
4698,1437154584049,-6.5631056,6.8599863,-0.789488
4699,1437154584065,-6.5068417,6.977901,-0.7326257
4700,1437154584079,-6.2285156,7.1311297,-0.7212533
4701,1437154584099,-5.8586116,7.3873096,-0.7212533
4702,1437154584119,-5.829881,7.5189905,-0.6464345
4703,1437154584140,-5.977723,7.5561004,-0.5955577
4704,1437154584159,-5.9878983,7.459734,-0.47225627
4705,1437154584179,-5.9370217,7.471705,-0.46627077
4706,1437154584199,-5.929839,7.6147585,-0.6206968
4707,1437154584219,-5.901707,7.6045833,-0.688333
4708,1437154584239,-5.9759274,7.5375457,-0.60573304
4709,1437154584259,-5.9388175,7.2789717,-0.6183026
4710,1437154584279,-5.8891377,7.4268136,-0.5303157
4711,1437154584299,-6.192004,7.627328,-0.6063316
4712,1437154584319,-5.9202623,7.7470384,-0.6278794
4713,1437154584339,-5.861006,7.805696,-0.5758055
4714,1437154584359,-5.2678423,7.8625584,-0.5566519
4715,1437154584379,-4.9799395,8.297106,-0.27473465
4716,1437154584399,-5.66528,8.48146,0.14604631
4717,1437154584419,-6.181829,8.534132,0.91219085
4718,1437154584439,-6.3260794,8.264186,1.5161282
4719,1437154584460,-5.3486466,7.8009076,1.7579426
4720,1437154584480,-4.357447,7.700351,2.0655975
4721,1437154584500,-4.8428717,7.994838,2.2140381
4722,1437154584520,-5.3761797,8.581417,1.9387048
4723,1437154584541,-4.865018,9.223063,1.4059949
4724,1437154584560,-4.4502225,9.46847,1.4287399
4725,1437154584582,-4.2754455,9.741408,1.5556326
4726,1437154584618,-4.059369,10.259154,1.3257892
4727,1437154584622,-3.9145198,10.280104,1.5424645
4728,1437154584641,-3.5206735,10.26095,1.7244238
4729,1437154584661,-3.3901896,10.540473,1.4095862
4730,1437154584680,-3.3399115,10.331579,1.1468226
4731,1437154584700,-3.3800142,10.113707,1.2114661
4732,1437154584722,-3.9881415,9.9233675,0.8086416
4733,1437154584744,-4.367024,9.381081,0.8050503
4734,1437154584762,-4.3502645,8.907627,1.0253168
4735,1437154584784,-4.408922,8.710705,0.770933
4736,1437154584803,-4.772841,8.719084,0.6159084
4737,1437154584822,-4.547188,8.558673,0.56443304
4738,1437154584843,-4.3275194,8.415619,0.427365
4739,1437154584863,-4.466982,8.118139,0.37948096
4740,1437154584884,-4.8165355,7.939771,0.37588966
4741,1437154584903,-5.2409077,7.739257,0.2789245
4742,1437154584923,-5.7179523,7.721899,0.15861586
4743,1437154584944,-6.0160303,7.5734587,0.093972415
4744,1437154584964,-5.467758,7.1484876,0.16759412
4745,1437154584985,-5.4803276,7.0742674,0.044891283
4746,1437154585003,-6.0926447,7.0706763,-0.12808979
4747,1437154585022,-6.4457893,7.0347633,-0.093972415
4748,1437154585044,-6.535572,6.923433,-0.05626374
4749,1437154585062,-6.206968,6.8611836,-0.077213004
4750,1437154585084,-5.7802014,6.6480994,-0.1352724
4751,1437154585105,-5.5946507,6.5523314,-0.14305355
4752,1437154585125,-6.0291986,6.8605847,-0.30406362
4753,1437154585144,-6.537368,7.351396,-0.5201403
4754,1437154585174,-6.5744777,7.6249337,-0.6302736
4755,1437154585181,-5.9268465,7.325659,-0.4950012
4756,1437154585202,-5.309142,6.9946604,-0.5506664
4757,1437154585221,-5.456984,7.053917,-0.7715315
4758,1437154585241,-5.722142,7.3789296,-1.1659763
4759,1437154585275,-5.61979,7.7410526,-1.5777789
4760,1437154585290,-5.9011087,7.9367785,-1.8309658
4761,1437154585302,-6.4601545,7.9661074,-1.8728642
4762,1437154585321,-6.581062,7.964312,-1.9369092
4763,1437154585342,-6.4924765,7.6410947,-1.8261774
4764,1437154585362,-6.601413,7.5189905,-1.6292542
4765,1437154585382,-6.9485717,7.2909427,-1.5951369
4766,1437154585402,-7.152079,7.0928226,-1.3706805
4767,1437154585422,-7.156269,6.88333,-1.1659763
4768,1437154585442,-6.657676,6.739678,-1.146224
4769,1437154585463,-6.39192,6.5655,-0.9876082
4770,1437154585484,-6.7001734,6.493075,-0.830788
4771,1437154585503,-7.1712327,6.4607534,-0.7302315
4772,1437154585525,-7.839215,6.5128274,-0.47524905
4773,1437154585545,-8.502409,6.3901243,-0.27234045
4774,1437154585562,-8.402451,6.1716533,-0.020350715
4775,1437154585585,-7.6560583,6.1985884,0.05327099
4776,1437154585604,-7.234679,6.2686186,-0.044292733
4777,1437154585625,-6.8773446,6.477513,-0.025139118
4778,1437154585645,-6.4990606,6.6905966,-0.008978256
4779,1437154585664,-6.3380504,6.849811,0.04189853
4780,1437154585683,-6.215946,7.017405,0.16220717
4781,1437154585705,-6.033987,7.1305313,0.20350714
4782,1437154585722,-6.1465144,7.2191167,0.3321955
4783,1437154585744,-6.18542,7.1969705,0.46926352
4784,1437154585766,-6.187814,7.2370734,0.55844754
4785,1437154585783,-6.0824695,7.307702,0.6775591
4786,1437154585803,-6.215946,7.401076,0.6607997
4787,1437154585825,-6.271013,7.41604,0.66738373
4788,1437154585844,-5.9064956,7.3226657,0.6979098
4789,1437154585864,-5.747281,7.2670007,0.7110779
4790,1437154585883,-6.041768,7.1867948,0.6961141
4791,1437154585904,-5.8639984,6.9449806,0.5105635
4792,1437154585925,-5.9023056,7.143699,0.20470424
4793,1437154585944,-6.2219315,7.285556,0.062249243
4794,1437154585965,-6.271013,7.6626425,-0.23283611
4795,1437154585988,-6.782175,7.9631147,-0.3800795
4796,1437154586062,-6.7534447,8.094796,-0.46327803
4797,1437154586063,-6.432023,8.032547,-0.33159694
4798,1437154586064,-6.165668,7.9272017,-0.34237084
4799,1437154586065,-5.9424086,7.77936,-0.28550854
4800,1437154586082,-5.774216,7.5525093,-0.21428105
4801,1437154586106,-5.7466826,7.417237,-0.29867667
4802,1437154586122,-6.0681043,7.41185,-0.38845924
4803,1437154586142,-6.199187,7.3106947,-0.4890157
4804,1437154586163,-6.242881,7.306505,-0.54887074
4805,1437154586183,-6.5032506,7.3627687,-0.6326678
4806,1437154586203,-6.487688,7.3460093,-0.66618663
4807,1437154586223,-6.441001,7.2987237,-0.7074866
4808,1437154586243,-6.56131,7.385514,-0.80325466
4809,1437154586264,-6.6307416,7.425018,-0.8523358
4810,1437154586283,-6.461352,7.3472066,-0.87328506
4811,1437154586303,-6.5744777,7.2089415,-0.866701
4812,1437154586326,-6.637326,7.116166,-0.84455466
4813,1437154586346,-6.5044475,7.2005615,-0.8948329
4814,1437154586366,-6.457162,7.2993226,-0.9780314
4815,1437154586383,-6.2913637,7.4016747,-1.1719618
4816,1437154586404,-6.233304,7.483676,-1.2808979
4817,1437154586426,-6.3218894,7.4711065,-1.2808979
4818,1437154586444,-6.326678,7.301118,-1.3437457
4819,1437154586463,-6.3943143,7.181408,-1.3198037
4820,1437154586483,-6.7103486,7.0634937,-1.2234371
4821,1437154586503,-6.678027,6.9132576,-1.0426749
4822,1437154586526,-6.5984197,6.877943,-0.90620536
4823,1437154586543,-6.6905966,6.8198833,-0.83138657
4824,1437154586565,-6.877943,6.8611836,-0.7350199
4825,1437154586588,-7.1263413,6.92044,-0.8002619
4826,1437154586605,-7.067683,6.9210386,-0.8678981
4827,1437154586626,-6.9581485,6.882133,-0.9151836
4828,1437154586646,-6.9222355,6.9904704,-1.0630256
4829,1437154586664,-6.9886746,7.053917,-1.2108675
4830,1437154586684,-6.8438253,7.005434,-1.2689269
4831,1437154586705,-6.8067155,7.111976,-1.3221979
4832,1437154586768,-6.963536,7.177817,-1.3796587
4833,1437154586769,-6.7265096,7.152079,-1.4514848
4834,1437154586770,-6.655881,7.0347633,-1.3922282
4835,1437154586794,-6.667852,6.8929067,-1.371279
4836,1437154586803,-6.7468605,6.82946,-1.3180081
4837,1437154586826,-6.8887167,6.766014,-1.2773066
4838,1437154586843,-6.963536,6.758233,-1.3024458
4839,1437154586863,-7.061698,6.779781,-1.3084313
4840,1437154586883,-7.0808516,6.8204823,-1.3634979
4841,1437154586903,-7.0527196,6.845621,-1.4514848
4842,1437154586924,-7.0449386,6.831256,-1.4227544
4843,1437154586949,-7.053917,6.7546415,-1.3389573
4844,1437154586964,-7.047333,6.606201,-1.1887212
4845,1437154586983,-7.0168066,6.4661403,-1.0618285
4846,1437154587005,-6.964134,6.42903,-1.0253168
4847,1437154587026,-7.007828,6.353014,-1.0097545
4848,1437154587043,-7.249643,6.3907228,-0.95708215
4849,1437154587064,-7.460931,6.39611,-0.96067345
4850,1437154587086,-7.5327573,6.284181,-0.8607155
4851,1437154587103,-7.451953,6.1620765,-0.80804306
4852,1437154587123,-7.480085,6.1620765,-0.7637503
4853,1437154587143,-7.5004354,6.190807,-0.8295909
4854,1437154587163,-7.4447703,6.163274,-0.8002619
4855,1437154587183,-7.471705,6.0980315,-0.7469909
4856,1437154587204,-7.6009917,6.06152,-0.6051345
4857,1437154587225,-7.595605,6.0381765,-0.56443304
4858,1437154587244,-7.6111674,6.043564,-0.54647654
4859,1437154587266,-7.69257,6.031593,-0.45968673
4860,1437154587284,-7.699154,6.0740895,-0.48961425
4861,1437154587305,-7.6770077,5.9597664,-0.3800795
4862,1437154587325,-7.6692266,5.9280434,-0.25378537
4863,1437154587345,-7.7063365,5.9202623,-0.31663316
4864,1437154587367,-7.6644382,5.901707,-0.32022446
4865,1437154587385,-7.589619,5.891532,-0.31364042
4866,1437154587407,-7.5866265,5.8083334,-0.26156655
4867,1437154587424,-7.571663,5.741296,-0.14664486
4868,1437154587447,-7.6985555,5.6766524,-0.090381116
4869,1437154587509,-7.8086886,5.683835,-0.013766659
4870,1437154587510,-7.993641,5.6856303,0.032920275
4871,1437154587511,-8.040926,5.6126075,0.06584055
4872,1437154587524,-8.030751,5.506664,0.11611878
4873,1437154587546,-8.088212,5.495291,0.16220717
4874,1437154587565,-8.2037325,5.4102974,0.20949265
4875,1437154587584,-8.106767,5.327099,0.2220622
4876,1437154587604,-8.217499,5.2684407,0.30526072
4877,1437154587626,-8.322245,5.237316,0.3441665
4878,1437154587645,-8.228272,5.1223946,0.46866497
4879,1437154587665,-8.059482,5.084686,0.4441244
4880,1437154587685,-8.141483,5.111022,0.4261679
4881,1437154587706,-8.334216,5.1960163,0.39025488
4882,1437154587726,-8.353969,5.225345,0.31783026
4883,1437154587746,-8.287529,5.234922,0.29269117
4884,1437154587767,-8.276156,5.221754,0.24480712
4885,1437154587788,-8.272566,5.241506,0.26396075
4886,1437154587806,-8.156446,5.1666875,0.25318682
4887,1437154587826,-8.152257,5.228338,0.219668
4888,1437154587847,-8.239645,5.2726307,0.16340427
4889,1437154587866,-8.322245,5.3007627,0.2136825
4890,1437154587887,-8.221688,5.266645,0.25019407
4891,1437154587908,-8.089409,5.229535,0.22266077
4892,1437154587924,-8.005612,5.2259436,0.19512744
4893,1437154587947,-8.076241,5.266645,0.1604115
4894,1437154587969,-8.135497,5.2875943,0.18375498
4895,1437154587988,-8.182184,5.3384714,0.17717093
4896,1437154588009,-8.316858,5.4019175,0.17298107
4897,1437154588026,-8.358158,5.443816,0.15741876
4898,1437154588045,-8.213309,5.4061074,0.20051439
4899,1437154588065,-8.14687,5.4025164,0.2208651
4900,1437154588084,-8.109161,5.439626,0.18854338
4901,1437154588109,-8.113351,5.4683566,0.22146365
4902,1437154588128,-8.046912,5.45878,0.20350714
4903,1437154588149,-8.012196,5.4845176,0.1933318
4904,1437154588167,-7.98586,5.5964465,0.05746084
4905,1437154588189,-7.6644382,5.7598505,-0.095768064
4906,1437154588266,-7.562086,5.881955,-0.18136078
4907,1437154588267,-7.6644382,5.9867015,-0.108936176
4908,1437154588268,-7.8182654,6.172252,-0.095768064
4909,1437154588269,-7.913435,6.203975,-0.048482586
4910,1437154588286,-7.695563,6.1524997,0.030526072
4911,1437154588310,-7.44896,6.063316,0.046088383
4912,1437154588326,-7.327454,6.009446,0.077213004
4913,1437154588344,-7.36636,6.0244102,0.12629414
4914,1437154588370,-7.4112515,5.9687448,0.16400282
4915,1437154588386,-7.447763,6.0447607,0.19632454
4916,1437154588407,-7.65965,6.1387334,0.15263036
4917,1437154588469,-7.7584105,6.190807,0.17537527
4918,1437154588470,-7.6147585,6.1902084,0.16639702
4919,1437154588471,-7.5082164,6.1890116,0.14544775
4920,1437154588499,-7.413047,6.1477113,0.18136078
4921,1437154588504,-7.392098,6.1955953,0.2184709
4922,1437154588527,-7.465719,6.2805896,0.24720132
4923,1437154588547,-7.479486,6.3925185,0.32022446
4924,1437154588567,-7.3926964,6.423643,0.38367084
4925,1437154588588,-7.325659,6.420052,0.50757074
4926,1437154588607,-7.326257,6.395511,0.59974754
4927,1437154588628,-7.116166,6.344036,0.6314707
4928,1437154588647,-7.1143703,6.331466,0.6697779
4929,1437154588667,-7.1311297,6.3063273,0.6913257
4930,1437154588686,-7.2328835,6.2626333,0.6907272
4931,1437154588704,-7.2993226,6.245275,0.6817489
4932,1437154588727,-7.28376,6.291962,0.6356605
4933,1437154588745,-7.3507977,6.3272767,0.57281274
4934,1437154588764,-7.342418,6.344036,0.5566519
4935,1437154588785,-7.4046674,6.332065,0.5674258
4936,1437154588811,-7.3406224,6.3123126,0.5255273
4937,1437154588828,-7.417835,6.3458314,0.55725044
4938,1437154588846,-7.48188,6.453571,0.5482722
4939,1437154588867,-7.327454,6.4242415,0.54887074
4940,1437154588885,-7.098808,6.4386067,0.6087258
4941,1437154588907,-7.043143,6.4781113,0.57520694
4942,1437154588925,-7.077859,6.457162,0.56563014
4943,1437154588949,-7.128137,6.5152216,0.5823896
4944,1437154588967,-7.3178773,6.5487404,0.53570265
4945,1437154589026,-7.252037,6.5762734,0.54049104
4946,1437154589027,-7.1724296,6.581062,0.56802434
4947,1437154589028,-7.1221514,6.634333,0.5386954
4948,1437154589048,-7.0383544,6.652888,0.5506664
4949,1437154589066,-7.055712,6.6504936,0.56084174
4950,1437154589087,-7.0371575,6.6624646,0.5710171
4951,1437154589105,-7.033566,6.666056,0.59974754
4952,1437154589126,-7.061698,6.678027,0.635062
4953,1437154589146,-7.131728,6.6870055,0.6667852
4954,1437154589166,-7.101801,6.6510925,0.6703765
4955,1437154589187,-7.009624,6.6044054,0.7134721
4956,1437154589205,-6.9719152,6.587646,0.7589619
4957,1437154589225,-6.9557543,6.597223,0.7505822
4958,1437154589245,-7.0102224,6.6307416,0.7661445
4959,1437154589265,-6.9306154,6.6283474,0.7104794
4960,1437154589285,-6.807314,6.6103907,0.65062433
4961,1437154589305,-6.91625,6.7013707,0.61890113
4962,1437154589325,-7.059902,6.7965403,0.50757074
4963,1437154589346,-7.1502833,6.8605847,0.533907
4964,1437154589365,-7.0886326,6.821679,0.57400984
4965,1437154589385,-6.941389,6.801927,0.5201403
4966,1437154589405,-6.929418,6.827066,0.54527944
4967,1437154589425,-6.893505,6.8091097,0.46327803
4968,1437154589445,-6.8887167,6.7654157,0.5129577
4969,1437154589465,-6.929418,6.8252707,0.48482585
4970,1437154589485,-6.9383965,6.8869214,0.47105917
4971,1437154589505,-6.913856,6.8947024,0.47884035
4972,1437154589525,-6.9006877,6.981492,0.44891283
4973,1437154589545,-6.8402343,6.9599442,0.39624038
4974,1437154589564,-6.767211,6.947375,0.4249708
4975,1437154589584,-6.7306995,6.9383965,0.39025488
4976,1437154589604,-6.773795,6.927024,0.36870706
4977,1437154589628,-6.941988,6.947375,0.3405752
4978,1437154589647,-7.0168066,6.927024,0.3537433
4979,1437154589665,-6.939594,6.901885,0.4237737
4980,1437154589695,-6.689998,6.9348054,0.42796355
4981,1437154589704,-6.540959,6.9886746,0.47285482
4982,1437154589725,-6.539762,7.0090256,0.47105917
4983,1437154589744,-6.573281,7.006033,0.46686932
4984,1437154589765,-6.6534867,6.927024,0.45429978
4985,1437154589790,-6.7229185,6.8881183,0.4369418
4986,1437154589808,-6.853402,6.908469,0.40761283
4987,1437154589826,-6.9252286,6.893505,0.38845924
4988,1437154589849,-6.8282633,6.819285,0.37110126
4989,1437154589870,-6.8144965,6.823475,0.2896984
4990,1437154589889,-6.9820905,6.8719573,0.2136825
4991,1437154589904,-7.064092,6.9222355,0.17417817
4992,1437154589930,-7.117962,6.8773446,0.15861586
4993,1437154589949,-6.9108634,6.815694,0.10594343
4994,1437154589969,-6.8581905,6.8360443,0.055066638
4995,1437154589989,-6.8970966,6.872556,0.019752163
4996,1437154590010,-6.9108634,6.8641763,-0.013766659
4997,1437154590030,-6.965331,6.8863225,0.010175358
4998,1437154590046,-6.9449806,6.8982935,-0.0047884034
4999,1437154590079,-6.9796963,6.8569937,0.04369418
5000,1437154590086,-6.867768,6.803723,0.049679685
5001,1437154590133,-7.0275807,6.8462195,0.015562311
5002,1437154590134,-7.08983,6.8360443,-0.0011971008
5003,1437154590145,-6.971317,6.7624226,0.12629414
5004,1437154590168,-6.9527617,6.742072,0.095768064
5005,1437154590185,-6.988076,6.721721,0.1376666
5006,1437154590206,-6.95755,6.7133417,0.13706805
5007,1437154590231,-6.9689226,6.7199254,0.079008654
5008,1437154590252,-6.9767036,6.717531,0.02813187
5009,1437154590273,-6.9246297,6.64391,0.026934769
5010,1437154590286,-7.062895,6.7091517,-0.018555064
5011,1437154590310,-7.2143283,6.7241154,-0.048482586
5012,1437154590356,-7.111976,6.655881,-0.037708677
5013,1437154590357,-7.050924,6.6546836,-0.048482586
5014,1437154590366,-7.098808,6.6445084,-0.05865794
5015,1437154590386,-7.1047935,6.681618,-0.05805939
5016,1437154590406,-7.086837,6.6271505,-0.08259996
5017,1437154590429,-7.018004,6.581062,-0.077811554
5018,1437154590449,-7.1550717,6.585252,-0.095768064
5019,1437154590492,-7.213131,6.5708866,-0.12030864
5020,1437154590493,-7.32925,6.5816603,-0.14963761
5021,1437154590508,-7.257424,6.510433,-0.12270284
5022,1437154590530,-7.2544312,6.559514,-0.14664486
5023,1437154590551,-7.341221,6.5960255,-0.15502456
5024,1437154590569,-7.2245035,6.5565214,-0.15382746
5025,1437154590589,-7.15567,6.528988,-0.16400282
5026,1437154590610,-7.1784153,6.5565214,-0.19512744
5027,1437154590630,-7.2634096,6.5870476,-0.17956513
5028,1437154590650,-7.21373,6.534375,-0.089782566
5029,1437154590670,-7.1526775,6.505645,-0.027533319
5030,1437154590692,-7.2340803,6.5625067,-0.062249243
5031,1437154590707,-7.121553,6.5738792,-0.10354923
5032,1437154590730,-7.125743,6.715736,-0.25677812
5033,1437154590748,-7.133524,6.700772,-0.22804771
5034,1437154590767,-7.0485296,6.723517,-0.25857377
5035,1437154590787,-7.144298,6.7851677,-0.30047232
5036,1437154590809,-7.0569096,6.746262,-0.24420857
5037,1437154590832,-6.95336,6.7588315,-0.31304187
5038,1437154590849,-6.9527617,6.7492547,-0.320823
5039,1437154590869,-6.8665705,6.7630215,-0.34117374
5040,1437154590887,-6.9689226,6.766014,-0.3286042
5041,1437154590907,-7.0467343,6.771401,-0.30885202
5042,1437154590927,-7.241862,6.8168907,-0.30765492
5043,1437154590949,-7.2909427,6.869563,-0.33399114
5044,1437154590968,-7.137714,6.7827735,-0.29628247
5045,1437154591060,-6.9611416,6.6762314,-0.26036942
5046,1437154591061,-6.8887167,6.6510925,-0.207697
5047,1437154591062,-7.077859,6.666056,-0.12389994
5048,1437154591063,-7.1425023,6.6947865,-0.06284779
5049,1437154591090,-7.1712327,6.691794,-0.002992752
5050,1437154591091,-6.9808936,6.647501,0.04309563
5051,1437154591116,-6.9198413,6.687604,0.065242
5052,1437154591127,-7.055114,6.7773867,0.050876785
5053,1437154591147,-6.953959,6.801927,-0.011971008
5054,1437154591177,-6.8827314,6.785766,-0.08499416
5055,1437154591196,-6.8761473,6.8025255,-0.18136078
5056,1437154591207,-7.009624,6.8462195,-0.25857377
5057,1437154591227,-7.017405,6.8318543,-0.2885013
5058,1437154591248,-6.994062,6.8306575,-0.31902736
5059,1437154591267,-7.018004,6.830059,-0.30705637
5060,1437154591292,-7.004237,6.770204,-0.24181437
5061,1437154591307,-6.976105,6.781576,-0.25857377
5062,1437154591327,-7.097611,6.7923503,-0.19812019
5063,1437154591348,-7.0503254,6.727108,-0.16998832
5064,1437154591367,-6.949769,6.670246,-0.14724341
5065,1437154591387,-6.9886746,6.6588736,-0.16699557
5066,1437154591408,-7.067683,6.721721,-0.22146365
5067,1437154591427,-7.1341224,6.7253127,-0.260968
5068,1437154591453,-7.0982094,6.6852098,-0.2825158
5069,1437154591467,-7.131728,6.664859,-0.30226797
5070,1437154591488,-7.144298,6.669647,-0.35913026
5071,1437154591507,-7.1646485,6.701969,-0.3800795
5072,1437154591528,-7.101801,6.6564794,-0.40821138
5073,1437154591548,-7.0730705,6.642114,-0.3824737
5074,1437154591566,-7.0593038,6.5906386,-0.40162733
5075,1437154591586,-7.1861963,6.669049,-0.3561375
5076,1437154591607,-7.290344,6.679224,-0.40701428
5077,1437154591628,-7.2191167,6.657078,-0.35434186
5078,1437154591651,-7.055114,6.6349316,-0.31064767
5079,1437154591671,-7.025785,6.6959834,-0.35913026
5080,1437154591690,-7.083844,6.7534447,-0.3812766
5081,1437154591710,-6.9527617,6.743269,-0.44771573
5082,1437154591734,-6.9090676,6.7570357,-0.45908818
5083,1437154591748,-6.969521,6.7959414,-0.45908818
5084,1437154591770,-6.9916677,6.8001313,-0.48961425
5085,1437154591788,-6.901885,6.730101,-0.50397944
5086,1437154591809,-6.983288,6.717531,-0.5291186
5087,1437154591828,-7.076063,6.704962,-0.55844754
5088,1437154591847,-7.091027,6.646304,-0.4997896
5089,1437154591871,-7.089231,6.6630635,-0.5386954
5090,1437154591888,-7.1712327,6.683414,-0.5422867
5091,1437154591908,-7.156269,6.730101,-0.5518635
5092,1437154591930,-7.1341224,6.766014,-0.5722142
5093,1437154591949,-7.03177,6.7959414,-0.5650316
5094,1437154591971,-6.991069,6.851607,-0.5554548
5095,1437154591991,-6.909666,6.8210807,-0.5081693
5096,1437154592011,-6.8545995,6.8426285,-0.51834464
5097,1437154592032,-6.8988924,6.8947024,-0.5153519
5098,1437154592052,-6.9264255,6.9306154,-0.4842273
5099,1437154592069,-6.8893156,6.913856,-0.47524905
5100,1437154592091,-6.8079123,6.925827,-0.46567222
5101,1437154592111,-6.818088,6.9264255,-0.45429978
5102,1437154592131,-6.7306995,6.915053,-0.4213795
5103,1437154592151,-6.794146,6.897695,-0.43873745
5104,1437154592171,-6.955156,6.9318123,-0.4429273
5105,1437154592191,-6.9569516,6.9006877,-0.46267948
5106,1437154592212,-7.001843,6.8773446,-0.39863458
5107,1437154592231,-6.950966,6.855198,-0.3417723
5108,1437154592251,-6.925827,6.8384385,-0.3357868
5109,1437154592271,-6.9485717,6.8468184,-0.33997664
5110,1437154592290,-6.8761473,6.7905545,-0.3573346
5111,1437154592310,-6.8384385,6.794146,-0.3854665
5112,1437154592337,-6.9198413,6.8408327,-0.45429978
5113,1437154592393,-6.955156,6.8599863,-0.480636
5114,1437154592394,-6.8360443,6.795343,-0.46746787
5115,1437154592395,-6.9066734,6.7971387,-0.54887074
5116,1437154592408,-7.0593038,6.8085113,-0.557849
5117,1437154592429,-7.101801,6.8144965,-0.5189432
5118,1437154592449,-7.0940194,6.7773867,-0.5530606
5119,1437154592469,-7.1047935,6.741473,-0.51595044
5120,1437154592490,-7.043741,6.7145386,-0.52073884
5121,1437154592515,-7.1155677,6.7690067,-0.50637364
5122,1437154592534,-7.116166,6.811504,-0.4961983
5123,1437154592550,-7.038953,6.766014,-0.4830302
5124,1437154592580,-6.9599442,6.76781,-0.44472298
5125,1437154592588,-7.007828,6.787562,-0.46028528
5126,1437154592616,-7.0024414,6.7749925,-0.45549688
5127,1437154592630,-6.9611416,6.7959414,-0.43634325
5128,1437154592651,-6.9198413,6.76362,-0.4381389
5129,1437154592669,-6.9024835,6.8043213,-0.4441244
5130,1437154592690,-6.932411,6.830059,-0.46806642
5131,1437154592712,-6.8408327,6.777985,-0.45669398
5132,1437154592730,-6.943185,6.854001,-0.47285482
5133,1437154592752,-6.949769,6.845621,-0.5129577
5134,1437154592772,-7.0245876,6.8929067,-0.492607
5135,1437154592793,-6.965331,6.847417,-0.45310268
5136,1437154592811,-6.870162,6.8402343,-0.39863458
5137,1437154592829,-6.917447,6.895301,-0.4417302
5138,1437154592849,-6.8982935,6.9024835,-0.44651863
5139,1437154592869,-6.8162923,6.889914,-0.45789108
5140,1437154592890,-6.7959414,6.905476,-0.45968673
5141,1437154592915,-6.854001,6.956353,-0.46387658
5142,1437154592929,-6.8707604,6.96593,-0.4237737
5143,1437154592955,-6.7229185,6.9126587,-0.38187516
5144,1437154592972,-6.815095,6.974908,-0.3657143
5145,1437154592990,-6.941389,7.019201,-0.38367084
5146,1437154593010,-6.873753,7.001843,-0.3345897
5147,1437154593031,-6.8468184,6.9677253,-0.31304187
5148,1437154593049,-6.766014,6.893505,-0.2693477
5149,1437154593069,-6.752846,6.8970966,-0.27712885
5150,1437154593144,-6.789956,6.951565,-0.29867667
5151,1437154593145,-6.7845693,6.987478,-0.29508537
5152,1437154593146,-6.8025255,6.9916677,-0.33399114
5153,1437154593152,-6.7666125,6.9958572,-0.34356794
5154,1437154593169,-6.75524,6.994062,-0.3657143
5155,1437154593193,-6.7708025,6.988076,-0.3812766
5156,1437154593209,-6.75943,6.96593,-0.33877954
5157,1437154593236,-6.7468605,6.9527617,-0.3345897
5158,1437154593252,-6.8025255,6.943185,-0.3298013
5159,1437154593271,-6.781576,6.921637,-0.33039984
5160,1437154593292,-6.7965403,6.9707184,-0.34596214
5161,1437154593310,-6.9228344,7.0365586,-0.36631286
5162,1437154593332,-6.923433,7.0545154,-0.38187516
5163,1437154593353,-6.915652,7.018004,-0.3226187
5164,1437154593369,-6.8402343,6.962937,-0.21547815
5165,1437154593390,-6.7091517,6.893505,-0.16160862
5166,1437154593419,-6.7564373,6.9252286,-0.16460137
5167,1437154593439,-6.736685,6.969521,-0.24660277
5168,1437154593449,-6.706159,6.941389,-0.2669535
5169,1437154593473,-6.7731967,6.962937,-0.30645782
5170,1437154593492,-6.896498,7.029975,-0.35194764
5171,1437154593513,-6.83365,6.96593,-0.34835634
5172,1437154593530,-6.867768,6.9725137,-0.35075054
5173,1437154593550,-6.9288197,6.9342065,-0.39803603
5174,1437154593571,-6.9366007,6.867169,-0.29747957
5175,1437154593597,-6.9108634,6.8366427,-0.28670564
5176,1437154593613,-7.01142,6.847417,-0.25917232
5177,1437154593634,-6.963536,6.841431,-0.23762453
5178,1437154593651,-6.8767457,6.7983356,-0.25977087
5179,1437154593673,-6.8384385,6.8109055,-0.24001873
5180,1437154593693,-6.9000893,6.8384385,-0.25977087
5181,1437154593711,-6.965331,6.882133,-0.25737667
5182,1437154593734,-6.967127,6.863578,-0.23523031
5183,1437154593751,-6.9479733,6.87914,-0.22026655
5184,1437154593774,-6.893505,6.857592,-0.22445641
5185,1437154593793,-6.8306575,6.8426285,-0.2208651
5186,1437154593815,-6.7929487,6.817489,-0.21667525
5187,1437154593890,-6.8204823,6.872556,-0.20649989
5188,1437154593891,-6.889914,6.9342065,-0.25917232
5189,1437154593892,-6.9000893,6.9707184,-0.29568392
5190,1437154593893,-6.9228344,6.9928646,-0.30645782
5191,1437154593911,-6.821679,6.9587474,-0.3238158
5192,1437154593931,-6.797737,6.9240313,-0.23882163
5193,1437154593950,-6.7444663,6.9000893,-0.17477672
5194,1437154593971,-6.8360443,6.988076,-0.207697
5195,1437154594005,-6.893505,6.991069,-0.19812019
5196,1437154594010,-6.7666125,6.947375,-0.20530279
5197,1437154594031,-6.733692,6.9767036,-0.24899697
5198,1437154594051,-6.7803793,7.026982,-0.25498247
5199,1437154594074,-6.793547,7.047333,-0.25797522
5200,1437154594093,-6.701969,6.969521,-0.24540567
5201,1437154594113,-6.7893577,7.0168066,-0.30226797
5202,1437154594133,-6.781576,7.01142,-0.34117374
5203,1437154594153,-6.76781,6.953959,-0.2669535
5204,1437154594174,-6.8528037,6.977302,-0.3309984
5205,1437154594193,-6.949769,6.928221,-0.30226797
5206,1437154594213,-6.9665284,6.83365,-0.23403321
5207,1437154594233,-7.185598,6.693589,-0.06943185
5208,1437154594253,-7.4854717,6.4098763,0.3298013
5209,1437154594271,-7.0964136,6.223129,0.39025488
5210,1437154594293,-6.983288,6.2662244,0.12988544
5211,1437154594313,-7.281366,6.4505777,0.076614454
5212,1437154594334,-7.441777,6.5906386,-0.0023942017
5213,1437154594354,-7.252037,6.6642604,-0.28790274
5214,1437154594373,-7.0569096,6.724714,-0.40701428
5215,1437154594393,-7.0754647,6.791153,-0.45310268
5216,1437154594413,-6.941988,6.918046,-0.5931635
5217,1437154594433,-6.7708025,7.0347633,-0.6811504
5218,1437154594453,-6.6893997,7.1514807,-0.7350199
5219,1437154594471,-6.724714,7.2352777,-0.7260417
5220,1437154594492,-6.63972,7.2687964,-0.7625532
5221,1437154594512,-6.564901,7.317279,-0.7338228
5222,1437154594531,-6.52001,7.2909427,-0.6967127
5223,1437154594556,-6.542156,7.2047515,-0.5805939
5224,1437154594682,-6.687604,7.207744,-0.5093664
5225,1437154594694,-6.6786256,7.103596,-0.5189432
5226,1437154594695,-6.6893997,6.981492,-0.38726214
5227,1437154594696,-6.869563,6.9611416,-0.31783026
5228,1437154594697,-6.9665284,6.92044,-0.30885202
5229,1437154594698,-6.853402,6.8282633,-0.24181437
5230,1437154594699,-6.9222355,6.7265096,-0.18614918
5231,1437154594721,-7.047931,6.6965823,-0.12150574
5232,1437154594939,-7.1191587,6.631939,-0.06404489
5233,1437154594940,-7.1951747,6.619968,-0.1412579
5234,1437154594941,-7.3232646,6.573281,-0.14903906
5235,1437154594942,-7.4992385,6.4840965,-0.13347675
5236,1437154594943,-7.872135,6.353613,0.054468088
5237,1437154594944,-7.4866686,6.145317,0.008978256
5238,1437154594945,-7.076063,6.114791,-0.089782566
5239,1437154594946,-7.1951747,6.145916,0.18614918
5240,1437154594947,-7.2807674,6.381745,0.10115502
5241,1437154594948,-7.215525,6.749853,-0.23283611
5242,1437154594949,-7.047931,7.038953,-0.36272156
5243,1437154594980,-6.6600704,7.2233067,-0.50517654
5244,1437154594988,-6.371569,7.413047,-0.53570265
5245,1437154594992,-6.3631897,7.5124063,-0.5542577
5246,1437154595011,-6.269217,7.465121,-0.45130703
5247,1437154595031,-6.215348,7.4854717,-0.35913026
5248,1437154595054,-6.38354,7.45734,-0.2657564
5249,1437154595070,-6.4086795,7.4232225,-0.1388637
5250,1437154595089,-6.3344593,7.357382,-0.090979666
5251,1437154595112,-6.4152637,7.2352777,-0.012569559
5252,1437154595131,-6.47033,7.180211,0.10354923
5253,1437154595149,-6.4787097,7.181408,0.09696517
5254,1437154595170,-6.488885,7.2107368,0.06344634
5255,1437154595192,-6.4380083,7.243657,-0.035314474
5256,1437154595212,-6.5241995,7.2849574,-0.107140526
5257,1437154595233,-6.531981,7.3100963,-0.2160767
5258,1437154595251,-6.5750766,7.313688,-0.17597382
5259,1437154595271,-6.566098,7.2604165,-0.1412579
5260,1437154595291,-6.4697313,7.181408,-0.0712275
5261,1437154595310,-6.533178,7.1724296,-0.04309563
5262,1437154595347,-6.5391636,7.1568675,-0.005985504
5263,1437154595350,-6.543952,7.156269,0.008978256
5264,1437154595371,-6.508039,7.185598,-0.04369418
5265,1437154595390,-6.527791,7.1885905,-0.049679685
5266,1437154595411,-6.567894,7.147889,-0.045489833
5267,1437154595431,-6.612785,7.1311297,-0.02813187
5268,1437154595452,-6.6079965,7.1448965,-0.053869538
5269,1437154595470,-6.587646,7.165247,-0.093972415
5270,1437154595492,-6.599617,7.131728,-0.06344634
5271,1437154595513,-6.628946,7.111976,-0.054468088
5272,1437154595535,-6.607398,7.0569096,0.0005985504
5273,1437154595552,-6.704962,7.092224,0.059855044
5274,1437154595573,-6.625355,7.121553,-0.049081136
5275,1437154595593,-6.6642604,7.1909847,-0.092176765
5276,1437154595614,-6.724714,7.2352777,-0.14544775
5277,1437154595635,-6.5936313,7.259818,-0.18794483
5278,1437154595655,-6.6361284,7.273585,-0.19093758
5279,1437154595675,-6.5481415,7.1790137,-0.12868834
5280,1437154595696,-6.5505357,7.105392,-0.026934769
5281,1437154595713,-6.6241574,7.1472907,-0.021547815
5282,1437154595735,-6.605004,7.144298,-0.11312603
5283,1437154595754,-6.603208,7.129933,-0.08080431
5284,1437154595774,-6.643311,7.177817,-0.16879122
5285,1437154595794,-6.667852,7.1371155,-0.15023616
5286,1437154595814,-6.6510925,7.1275387,-0.093972415
5287,1437154595835,-6.663662,7.1071877,-0.1436521
5288,1437154595853,-6.6864066,7.1568675,-0.10115502
5289,1437154595874,-6.663662,7.1466923,-0.0664391
5290,1437154595894,-6.622362,7.1730285,-0.054468088
5291,1437154595914,-6.6893997,7.1688385,-0.044292733
5292,1437154595934,-6.6271505,7.179612,-0.0676362
5293,1437154595954,-6.5565214,7.1347213,0.023343466
5294,1437154595980,-6.528988,7.147889,-0.020350715
5295,1437154596034,-6.593033,7.138911,-0.0053869537
5296,1437154596035,-6.6427126,7.050924,0.06703765
5297,1437154596036,-6.717531,6.989872,0.1328782
5298,1437154596052,-6.7893577,6.9144545,0.06703765
5299,1437154596072,-6.977901,6.8587894,0.14844051
5300,1437154596092,-7.0569096,6.701969,0.1921347
5301,1437154596112,-7.167641,6.5804634,0.2645593
5302,1437154596132,-7.2448545,6.4924765,0.34715924
5303,1437154596167,-6.9904704,6.6846113,0.04309563
5304,1437154596172,-6.9198413,7.00723,-0.25677812
5305,1437154596192,-6.6205664,7.3178773,-0.45010993
5306,1437154596213,-6.3739634,7.510012,-0.6051345
5307,1437154596234,-6.169259,7.5920134,-0.55725044
5308,1437154596255,-6.097433,7.619547,-0.50158525
5309,1437154596275,-6.2686186,7.711125,-0.48243165
5310,1437154596293,-6.0920463,7.6931686,-0.40701428
5311,1437154596314,-6.0381765,7.7745714,-0.3842694
5312,1437154596333,-6.093243,7.7608047,-0.3842694
5313,1437154596354,-6.067506,7.6027875,-0.22505496
5314,1437154596375,-6.087258,7.455544,0.0664391
5315,1437154596395,-6.2542534,7.2723875,0.219668
5316,1437154596415,-6.3566055,7.2310877,0.26874915
5317,1437154596434,-6.4577603,7.169437,0.24779987
5318,1437154596456,-6.5026517,7.203554,0.16879122
5319,1437154596475,-6.459556,7.273585,0.0664391
5320,1437154596493,-6.417059,7.302315,0.036511578
5321,1437154596519,-6.4152637,7.37055,0.01616086
5322,1437154596533,-6.369175,7.4082584,-0.07062895
5323,1437154596553,-6.303933,7.430405,-0.16220717
5324,1437154596574,-6.250662,7.417237,-0.079008654
5325,1437154596594,-6.2045736,7.393295,-0.040102877
5326,1437154596620,-6.218939,7.4112515,-0.054468088
5327,1437154596633,-6.2805896,7.465719,-0.10055647
5328,1437154596653,-6.329072,7.4363904,-0.107739076
5329,1437154596673,-6.2500634,7.4705076,-0.11133038
5330,1437154596699,-6.2434793,7.443573,-0.08619126
5331,1437154596792,-6.191406,7.429806,-0.10474633
5332,1437154596793,-6.3218894,7.482479,-0.08140286
5333,1437154596794,-6.2889695,7.510012,-0.12749124
5334,1437154596795,-6.2434793,7.551312,-0.16699557
5335,1437154596796,-6.194997,7.5267715,-0.11432313
5336,1437154596814,-6.1524997,7.5920134,-0.08559271
5337,1437154596843,-6.1225724,7.645883,-0.22026655
5338,1437154596853,-6.217742,7.617751,-0.21428105
5339,1437154596885,-6.1626754,7.57286,-0.12988544
5340,1437154596892,-6.1183825,7.5243773,-0.12509704
5341,1437154596913,-6.097433,7.518392,-0.0700304
5342,1437154596933,-6.0172276,7.5429325,-0.10414778
5343,1437154596953,-6.1357403,7.57286,-0.17776948
5344,1437154596974,-6.079477,7.6009917,-0.21667525
5345,1437154596994,-6.10701,7.589619,-0.22625206
5346,1437154597016,-6.1704564,7.4884644,-0.17298107
5347,1437154597033,-6.43322,7.406463,-0.08200141
5348,1437154597054,-6.461352,7.3190746,-0.027533319
5349,1437154597076,-6.4068837,7.313688,-0.05327099
5350,1437154597096,-6.357204,7.3609734,-0.05327099
5351,1437154597116,-6.269816,7.438186,-0.10115502
5352,1437154597134,-6.3063273,7.5243773,-0.088585466
5353,1437154597155,-6.127361,7.5465236,-0.16579847
5354,1437154597176,-6.2674217,7.526173,-0.10055647
5355,1437154597196,-6.203975,7.4693108,-0.12868834
5356,1437154597213,-6.208165,7.393295,-0.032920275
5357,1437154597234,-6.2225304,7.445967,-0.094570965
5358,1437154597253,-6.2542534,7.41185,-0.1436521
5359,1437154597278,-6.179435,7.394492,-0.090381116
5360,1437154597299,-6.232107,7.4830775,-0.18495208
5361,1437154597314,-6.315904,7.527969,-0.2208651
5362,1437154597337,-6.247071,7.6051817,-0.19752164
5363,1437154597354,-6.1040173,7.6363063,-0.26515785
5364,1437154597374,-5.927445,7.638102,-0.28491
5365,1437154597394,-6.105214,7.6440873,-0.3489549
5366,1437154597415,-6.161478,7.679402,-0.39803603
5367,1437154597439,-6.047155,7.6746135,-0.40821138
5368,1437154597499,-5.981314,7.712322,-0.4189853
5369,1437154597500,-5.8442464,7.7584105,-0.39863458
5370,1437154597501,-5.7185507,7.8667483,-0.39803603
5371,1437154597515,-5.805939,8.013991,-0.66498953
5372,1437154597533,-6.013636,8.061875,-0.8463503
5373,1437154597553,-5.5982423,8.1642275,-0.97743285
5374,1437154597573,-4.9943047,8.322844,-1.1456255
5375,1437154597593,-4.7255554,8.441956,-1.3066356
5376,1437154597616,-4.9853263,8.461707,-1.4867992
5377,1437154597634,-5.436035,8.356362,-1.7513585
5378,1437154597655,-5.7802014,8.116942,-1.8381484
5379,1437154597676,-6.0651116,7.8170686,-1.8201919
5380,1437154597694,-6.401497,7.391499,-1.7070658
5381,1437154597714,-6.5247984,7.018004,-1.5280992
5382,1437154597742,-6.92044,6.7450647,-1.3455414
5383,1437154597753,-7.1460934,6.4763155,-1.0726024
5384,1437154597774,-7.285556,6.297349,-0.8403648
5385,1437154597794,-7.5201874,6.157288,-0.57999533
5386,1437154597814,-7.765593,6.0800753,-0.3705027
5387,1437154597834,-7.8116817,5.957971,-0.108337626
5388,1437154597854,-7.8769236,6.0968347,0.0664391
5389,1437154597874,-7.973889,6.295553,-0.02932897
5390,1437154597894,-7.6387005,6.2644286,-0.08020575
5391,1437154597914,-7.08983,6.233304,-0.040102877
5392,1437154597934,-6.9006877,6.4098763,-0.12330139
5393,1437154597954,-7.277176,6.67683,-0.2184709
5394,1437154597986,-7.465719,6.881534,-0.2208651
5395,1437154597994,-7.259818,6.8109055,-0.22685061
5396,1437154598014,-6.903681,6.7851677,-0.16280572
5397,1437154598034,-6.691794,6.8653736,-0.27353755
5398,1437154598054,-6.6965823,7.009624,-0.28072014
5399,1437154598074,-6.746262,7.03596,-0.2777274
5400,1437154598094,-6.8013287,7.1071877,-0.27593175
5401,1437154598114,-6.7348895,7.1006036,-0.2669535
5402,1437154598134,-6.666056,7.0251865,-0.17896658
5403,1437154598153,-6.6265516,6.9838862,-0.18674773
5404,1437154598173,-6.655881,6.899491,-0.21068975
5405,1437154598194,-6.775591,6.907272,-0.18674773
5406,1437154598213,-6.7480574,7.0569096,-0.22146365
5407,1437154598233,-6.7827735,7.147889,-0.28909984
5408,1437154598253,-6.758233,7.20954,-0.25617957
5409,1437154598273,-6.6385226,7.1568675,-0.24899697
5410,1437154598293,-6.4846954,7.141904,-0.24301147
5411,1437154598313,-6.522404,7.143699,-0.30047232
5412,1437154598333,-6.623559,7.1580644,-0.34476504
5413,1437154598353,-6.6391215,7.116166,-0.36152446
5414,1437154598373,-6.723517,7.102998,-0.34955344
5415,1437154598393,-6.903681,7.071873,-0.40342298
5416,1437154598413,-6.899491,6.9904704,-0.38606504
5417,1437154598433,-6.9581485,6.9228344,-0.41060558
5418,1437154598453,-6.9581485,6.9210386,-0.41958386
5419,1437154598473,-6.913856,6.8767457,-0.45130703
5420,1437154598493,-6.699575,6.862979,-0.44711718
5421,1437154598513,-6.675633,6.9527617,-0.4758476
5422,1437154598533,-6.8210807,7.0341644,-0.54408234
5423,1437154598553,-6.9306154,7.0395517,-0.51834464
5424,1437154598578,-6.8492126,6.9904704,-0.5291186
5425,1437154598596,-6.8210807,7.059902,-0.557849
5426,1437154598618,-6.859388,7.0605006,-0.6063316
5427,1437154598637,-6.7827735,7.050924,-0.635062
5428,1437154598657,-6.7839704,7.0102224,-0.62608373
5429,1437154598675,-6.8330517,6.964134,-0.6410475
5430,1437154598696,-6.901885,6.911462,-0.62009823
5431,1437154598718,-6.8958993,6.8785415,-0.6027403
5432,1437154598738,-6.8665705,6.88333,-0.64703304
5433,1437154598755,-6.8893156,6.918046,-0.59855044
5434,1437154598780,-6.8982935,6.9796963,-0.61890113
5435,1437154598823,-6.865972,6.981492,-0.5674258
5436,1437154598824,-6.8168907,6.9557543,-0.5614403
5437,1437154598839,-6.7767878,6.9557543,-0.56682724
5438,1437154598854,-6.831256,6.995259,-0.54527944
5439,1437154598878,-6.8438253,7.023989,-0.5518635
5440,1437154598895,-6.771401,6.969521,-0.53211135
5441,1437154598916,-6.7546415,6.9371996,-0.51116204
5442,1437154598937,-6.7893577,6.913856,-0.4830302
5443,1437154598956,-6.847417,6.8905125,-0.46866497
5444,1437154598975,-6.921637,6.9252286,-0.46627077
5445,1437154598999,-6.830059,6.8689647,-0.42197806
5446,1437154599019,-6.877943,6.927024,-0.4357447
5447,1437154599034,-6.9605427,6.941988,-0.42437226
5448,1437154599058,-6.925827,6.9767036,-0.40043023
5449,1437154599078,-6.8623805,6.919243,-0.33877954
5450,1437154599097,-6.7384806,6.939594,-0.31184477
5451,1437154599119,-6.725911,6.9222355,-0.29388827
5452,1437154599139,-6.71813,6.9288197,-0.2741361
5453,1437154599159,-6.797737,6.973711,-0.2621651
5454,1437154599175,-6.813898,6.9677253,-0.28072014
5455,1437154599197,-6.7803793,7.0066314,-0.25797522
5456,1437154599218,-6.8282633,7.0144124,-0.2801216
5457,1437154599238,-6.7265096,6.930017,-0.25438392
5458,1437154599255,-6.8366427,6.983288,-0.2861071
5459,1437154599275,-6.939594,7.019201,-0.30765492
5460,1437154599295,-6.855198,6.986879,-0.23463176
5461,1437154599321,-6.7929487,6.9767036,-0.22984336
5462,1437154599341,-6.771401,7.000047,-0.2208651
5463,1437154599361,-6.785766,7.0227923,-0.2184709
5464,1437154599379,-6.791153,7.0186024,-0.21188685
5465,1437154599395,-6.7001734,6.9078703,-0.14963761
5466,1437154599415,-6.711546,6.9078703,-0.13826515
5467,1437154599435,-6.795343,6.9527617,-0.17058687
5468,1437154599458,-6.863578,6.937798,-0.18375498
5469,1437154599478,-6.8641763,6.915053,-0.17238252
5470,1437154599550,-6.8091097,6.8851256,-0.21667525
5471,1437154599551,-6.830059,6.9168487,-0.23702596
5472,1437154599552,-6.8623805,6.925827,-0.24600422
5473,1437154599557,-6.929418,6.9850836,-0.28311434
5474,1437154599579,-6.8049197,6.9228344,-0.2753332
5475,1437154599603,-6.779781,6.9557543,-0.3184288
5476,1437154599618,-6.9066734,6.9467764,-0.3226187
5477,1437154599649,-6.8767457,6.9407907,-0.3184288
5478,1437154599656,-6.9252286,6.9126587,-0.33518824
5479,1437154599679,-6.891111,6.935404,-0.29209262
5480,1437154599701,-6.9186444,6.992266,-0.33399114
5481,1437154599716,-6.859388,6.974908,-0.3250129
5482,1437154599742,-6.7731967,6.933608,-0.3417723
5483,1437154599758,-6.7079544,6.896498,-0.3345897
5484,1437154599780,-6.7881603,6.9366007,-0.36870706
5485,1437154599799,-6.904279,6.986879,-0.3705027
5486,1437154599819,-6.815694,6.9012866,-0.3537433
5487,1437154599839,-6.8905125,6.9707184,-0.36511576
5488,1437154599856,-6.9647326,6.968324,-0.3812766
5489,1437154599878,-6.8545995,6.903082,-0.30885202
5490,1437154599898,-6.7965403,6.9240313,-0.32142156
5491,1437154599921,-6.7773867,6.9479733,-0.32621
5492,1437154599936,-6.7743936,6.9826894,-0.31184477
5493,1437154599959,-6.7905545,7.025785,-0.36272156
5494,1437154599979,-6.799533,7.026982,-0.3561375
5495,1437154599999,-6.736685,7.019799,-0.33877954
5496,1437154600019,-6.7342906,7.000047,-0.3286042
5497,1437154600039,-6.825869,7.021595,-0.3561375
5498,1437154600059,-6.8210807,6.9743094,-0.29628247
5499,1437154600079,-6.809708,6.9503675,-0.29149407
5500,1437154600099,-6.7372837,6.8887167,-0.32621
5501,1437154600119,-6.8049197,6.938995,-0.3561375
5502,1437154600140,-6.8563952,6.968324,-0.39504328
5503,1437154600160,-6.8330517,6.9623384,-0.3752911
5504,1437154600178,-6.8905125,6.9826894,-0.3705027
5505,1437154600216,-6.8881183,7.0108213,-0.40162733
5506,1437154600217,-6.8809357,7.0036387,-0.3800795
5507,1437154600296,-6.740875,6.9407907,-0.33039984
5508,1437154600297,-6.6666546,6.9569516,-0.3298013
5509,1437154600301,-6.7708025,7.0251865,-0.3513491
5510,1437154600302,-6.8085113,7.043741,-0.40581718
5511,1437154600316,-6.699575,7.0102224,-0.37349546
5512,1437154600338,-6.7265096,7.0221934,-0.4141969
5513,1437154600356,-6.821679,7.052121,-0.4429273
5514,1437154600383,-6.770204,7.001843,-0.42078096
5515,1437154600409,-6.7666125,7.0329676,-0.43873745
5516,1437154600416,-6.813898,7.041946,-0.49200845
5517,1437154600438,-6.7989345,7.0156097,-0.415394
5518,1437154600458,-6.769605,7.0066314,-0.40342298
5519,1437154600503,-6.783372,6.975507,-0.40043023
5520,1437154600504,-6.782175,6.9784994,-0.38307226
5521,1437154600518,-6.7965403,7.0012445,-0.38606504
5522,1437154600539,-6.7785835,6.9862804,-0.3752911
5523,1437154600559,-6.773795,6.9892735,-0.36750996
5524,1437154600580,-6.787562,6.9850836,-0.36990416
5525,1437154600598,-6.830059,7.0036387,-0.36870706
5526,1437154600620,-6.8330517,6.9892735,-0.36032736
5527,1437154600640,-6.807314,6.9958572,-0.35434186
5528,1437154600661,-6.794146,6.9767036,-0.35553896
5529,1437154600678,-6.7546415,6.951565,-0.39624038
5530,1437154600697,-6.7133417,6.9012866,-0.39205053
5531,1437154600717,-6.7731967,6.937798,-0.41299978
5532,1437154600738,-6.831256,6.91625,-0.45968673
5533,1437154600756,-6.945579,6.9862804,-0.46686932
5534,1437154600782,-6.991069,7.020398,-0.5093664
5535,1437154600802,-6.8970966,7.006033,-0.4961983
5536,1437154600822,-6.797737,6.955156,-0.40162733
5537,1437154600840,-6.6882024,6.9689226,-0.38307226
5538,1437154600858,-6.8079123,7.0126166,-0.36631286
5539,1437154600877,-6.827665,7.0605006,-0.3812766
5540,1437154600896,-6.670246,7.0593038,-0.39025488
5541,1437154600919,-6.597223,7.032369,-0.43993455
5542,1437154600937,-6.633136,7.065888,-0.4429273
5543,1437154600997,-6.6588736,7.0347633,-0.46746787
5544,1437154600998,-6.630143,7.059902,-0.47405192
5545,1437154600999,-6.7863646,7.0982094,-0.5386954
5546,1437154601017,-6.777985,7.0730705,-0.51235914
5547,1437154601039,-6.8007298,7.080253,-0.5243302
5548,1437154601062,-6.785766,7.119757,-0.56084174
5549,1437154601077,-6.8162923,7.097611,-0.48722005
5550,1437154601098,-6.7767878,7.091027,-0.47644615
5551,1437154601118,-6.7342906,7.047333,-0.44113165
5552,1437154601137,-6.71394,7.0006456,-0.4189853
5553,1437154601162,-6.6959834,6.96174,-0.4285621
5554,1437154601182,-6.724714,6.9707184,-0.4213795
5555,1437154601200,-6.7588315,7.0066314,-0.45489833
5556,1437154601220,-6.801927,7.01142,-0.45310268
5557,1437154601240,-6.8743515,7.007828,-0.42916065
5558,1437154601260,-6.851607,7.009624,-0.40342298
5559,1437154601277,-6.8049197,6.953959,-0.3573346
5560,1437154601298,-6.8468184,6.975507,-0.35673606
5561,1437154601320,-6.754043,6.9467764,-0.31423897
5562,1437154601352,-6.716933,6.955156,-0.32920274
5563,1437154601381,-6.7504516,6.979098,-0.3369839
5564,1437154601382,-6.7719994,7.023989,-0.3417723
5565,1437154601397,-6.880337,7.0383544,-0.32441434
5566,1437154601417,-6.767211,7.020398,-0.2896984
5567,1437154601437,-6.76362,6.9743094,-0.30945057
5568,1437154601457,-6.70556,6.940192,-0.29927522
5569,1437154601478,-6.7001734,6.945579,-0.32800564
5570,1437154601497,-6.7510505,6.9587474,-0.3429694
5571,1437154601517,-6.8127007,7.0132155,-0.39145198
5572,1437154601537,-6.84203,7.031172,-0.42796355
5573,1437154601557,-6.669647,6.9306154,-0.39384618
5574,1437154601579,-6.773795,7.037756,-0.4189853
5575,1437154601598,-6.892308,7.0826473,-0.480636
5576,1437154601619,-6.789956,7.052121,-0.42796355
5577,1437154601637,-6.7163343,7.08145,-0.4333505
5578,1437154601666,-6.7546415,7.0946183,-0.40222588
5579,1437154601701,-6.727707,7.0784574,-0.3453636
5580,1437154601702,-6.6971807,7.0605006,-0.3633201
5581,1437154601717,-6.621165,7.0341644,-0.32680854
5582,1437154601736,-6.621165,7.023989,-0.33758244
5583,1437154601756,-6.7241154,7.045537,-0.362123
5584,1437154601776,-6.795343,7.043741,-0.38367084
5585,1437154601796,-6.7648168,7.0066314,-0.3513491
5586,1437154601816,-6.730101,6.9587474,-0.3609259
5587,1437154601838,-6.851607,6.979098,-0.3429694
5588,1437154601857,-6.892308,6.993463,-0.34476504
5589,1437154601878,-6.9066734,6.9892735,-0.3345897
5590,1437154601900,-6.82946,6.9485717,-0.2908955
5591,1437154601918,-6.657078,6.941988,-0.27114335
5592,1437154601940,-6.7606273,6.992266,-0.3286042
5593,1437154601960,-6.766014,7.041347,-0.3465607
5594,1437154601979,-6.8318543,7.0605006,-0.32621
5595,1437154601997,-6.703765,7.0012445,-0.26515785
5596,1437154602019,-6.6630635,7.0227923,-0.25558102
5597,1437154602040,-6.7923503,7.1006036,-0.2753332
5598,1437154602059,-6.7079544,7.0820484,-0.30885202
5599,1437154602080,-6.6367273,7.023391,-0.28550854
5600,1437154602098,-6.6864066,7.045537,-0.31603462
5601,1437154602118,-6.7324953,7.069479,-0.31783026
5602,1437154602138,-6.7306995,7.0245876,-0.31543607
5603,1437154602162,-6.688801,7.012018,-0.28431144
5604,1437154602183,-6.797737,7.062895,-0.3429694
5605,1437154602204,-6.7989345,7.033566,-0.32202014
5606,1437154602219,-6.7492547,7.0371575,-0.31244332
5607,1437154602238,-6.7642183,7.053318,-0.31124622
5608,1437154602258,-6.729502,7.045537,-0.29747957
5609,1437154602278,-6.7229185,7.037756,-0.3238158
5610,1437154602300,-6.693589,6.999449,-0.31184477
5611,1437154602375,-6.7306995,6.993463,-0.31244332
5612,1437154602389,-6.8402343,7.000047,-0.32321724
5613,1437154602390,-6.845621,6.9886746,-0.30825347
5614,1437154602391,-6.7983356,6.9677253,-0.31244332
5615,1437154602400,-6.797737,6.9491706,-0.30705637
5616,1437154602420,-6.8103065,6.9545574,-0.34237084
5617,1437154602443,-6.795343,6.991069,-0.34356794
5618,1437154602458,-6.7869635,6.964134,-0.34117374
5619,1437154602479,-6.7869635,6.9467764,-0.3333926
5620,1437154602504,-6.777985,6.955156,-0.36032736
5621,1437154602518,-6.8929067,6.9904704,-0.39264908
5622,1437154602543,-6.903082,7.015011,-0.42078096
5623,1437154602559,-6.8665705,6.943185,-0.39504328
5624,1437154602579,-6.801927,6.907272,-0.3250129
5625,1437154602600,-6.7959414,6.9371996,-0.338181
5626,1437154602618,-6.87914,6.955156,-0.3681085
5627,1437154602639,-6.841431,6.9623384,-0.40162733
5628,1437154602659,-6.7384806,6.959346,-0.41060558
5629,1437154602680,-6.817489,7.017405,-0.4225766
5630,1437154602699,-6.895301,7.038953,-0.4177882
5631,1437154602722,-6.75524,6.9371996,-0.39145198
5632,1437154602741,-6.754043,6.976105,-0.38067806
5633,1437154602762,-6.863578,7.012018,-0.45190558
5634,1437154602782,-6.8132997,6.9599442,-0.40043023
5635,1437154602802,-6.736685,6.9743094,-0.42796355
5636,1437154602822,-6.827665,7.013814,-0.41599256
5637,1437154602842,-6.8366427,7.053318,-0.3842694
5638,1437154602860,-6.7965403,7.0132155,-0.3513491
5639,1437154602882,-6.700772,6.997653,-0.32022446
5640,1437154602900,-6.70975,6.9982514,-0.30526072
5641,1437154602921,-6.746262,7.021595,-0.32800564
5642,1437154602941,-6.6882024,7.005434,-0.30286652
5643,1437154602962,-6.6971807,7.0144124,-0.3788824
5644,1437154602982,-6.7612257,7.038953,-0.3657143
5645,1437154602999,-6.791153,7.0287776,-0.39504328
5646,1437154603019,-6.8067155,7.0048356,-0.3705027
5647,1437154603039,-6.8091097,6.9808936,-0.3465607
5648,1437154603061,-6.8240733,6.9605427,-0.3417723
5649,1437154603092,-6.7600284,6.933608,-0.31004912
5650,1437154603103,-6.8719573,6.9970546,-0.3274071
5651,1437154603124,-6.8982935,7.0329676,-0.3812766
5652,1437154603138,-6.8246717,7.0012445,-0.3477578
5653,1437154603159,-6.7109475,6.9731126,-0.27473465
5654,1437154603180,-6.71394,7.020398,-0.2908955
5655,1437154603200,-6.8001313,7.08145,-0.30765492
5656,1437154603219,-6.727707,7.0724716,-0.3417723
5657,1437154603248,-6.6271505,6.9970546,-0.3681085
5658,1437154603259,-6.6864066,7.0156097,-0.36750996
5659,1437154603282,-6.8426285,7.064092,-0.42197806
5660,1437154603299,-6.8462195,7.0126166,-0.4321534
5661,1437154603322,-6.779182,6.999449,-0.39324763
5662,1437154603342,-6.8839283,7.0126166,-0.45429978
5663,1437154603360,-6.952163,6.980295,-0.41000703
5664,1437154603383,-6.8504095,6.943185,-0.4141969
5665,1437154603399,-6.8522053,6.929418,-0.39743748
5666,1437154603422,-6.879739,6.915652,-0.33877954
5667,1437154603506,-6.918046,6.9246297,-0.36511576
5668,1437154603507,-6.9102645,6.915652,-0.338181
5669,1437154603508,-6.8970966,6.8970966,-0.3286042
5670,1437154603509,-6.827665,6.8851256,-0.3274071
5671,1437154603522,-6.8324533,6.8881183,-0.29807812
5672,1437154603545,-6.8043213,6.8958993,-0.31423897
5673,1437154603561,-6.787562,6.899491,-0.27114335
5674,1437154603579,-6.849811,6.9078703,-0.2825158
5675,1437154603601,-6.8438253,6.952163,-0.32142156
5676,1437154603623,-6.8360443,6.9862804,-0.32800564
5677,1437154603644,-6.8079123,7.0407486,-0.350152
5678,1437154603664,-6.6846113,6.994062,-0.3573346
5679,1437154603681,-6.7001734,7.0341644,-0.36032736
5680,1437154603712,-6.723517,7.0527196,-0.37349546
5681,1437154603719,-6.823475,7.1227503,-0.39264908
5682,1437154603750,-6.793547,7.064092,-0.320823
5683,1437154603856,-6.621763,7.0407486,-0.29987377
5684,1437154603857,-6.6882024,7.045537,-0.30286652
5685,1437154603859,-6.687604,7.0275807,-0.29568392
5686,1437154603860,-6.7001734,6.991069,-0.34715924
5687,1437154603861,-6.719327,7.021595,-0.33279404
5688,1437154603862,-6.7827735,7.0826473,-0.362123
5689,1437154603884,-6.8372416,7.0581064,-0.3645172
5690,1437154603899,-6.6893997,6.977302,-0.3309984
5691,1437154603927,-6.7923503,6.9904704,-0.3669114
5692,1437154603939,-6.8599863,6.953959,-0.3333926
5693,1437154603961,-6.8557963,6.9623384,-0.34117374
5694,1437154603984,-6.8623805,6.9503675,-0.35673606
5695,1437154604001,-6.821679,6.9240313,-0.3489549
5696,1437154604022,-6.8743515,6.9407907,-0.41060558
5697,1437154604043,-6.9006877,6.973711,-0.41359833
5698,1437154604064,-6.8306575,6.9330096,-0.4285621
5699,1437154604083,-6.8204823,6.903681,-0.4309563
5700,1437154604103,-6.89171,6.9360023,-0.4429273
5701,1437154604123,-6.971317,6.921637,-0.41299978
5702,1437154604143,-6.939594,6.915053,-0.40940848
5703,1437154604163,-6.8468184,6.873753,-0.38187516
5704,1437154604183,-6.7743936,6.847417,-0.37110126
5705,1437154604204,-6.849811,6.906075,-0.43873745
5706,1437154604220,-6.915652,6.9090676,-0.42437226
5707,1437154604243,-6.849811,6.8641763,-0.45489833
5708,1437154604262,-7.004237,6.925827,-0.47165772
5709,1437154604284,-6.9701195,6.909666,-0.40761283
5710,1437154604302,-6.9491706,6.8557963,-0.33518824
5711,1437154604322,-6.8186865,6.851008,-0.30466217
5712,1437154604343,-6.8408327,6.87914,-0.33399114
5713,1437154604363,-6.8252707,6.9246297,-0.350152
5714,1437154604383,-6.8222775,6.937798,-0.3854665
5715,1437154604402,-6.7761893,6.944382,-0.41599256
5716,1437154604420,-6.775591,6.941988,-0.41240123
5717,1437154604443,-6.8228765,6.975507,-0.44352585
5718,1437154604463,-6.7588315,6.8863225,-0.43873745
5719,1437154604486,-6.8079123,6.950966,-0.44831428
5720,1437154604571,-6.937798,6.9928646,-0.49200845
5721,1437154604572,-6.8887167,6.9437833,-0.4165911
5722,1437154604573,-6.817489,6.9318123,-0.41958386
5723,1437154604584,-6.8468184,6.968324,-0.41180268
5724,1437154604585,-6.8366427,6.96593,-0.40043023
5725,1437154604606,-6.8079123,6.973711,-0.45010993
5726,1437154604647,-6.746262,6.991069,-0.45669398
5727,1437154604648,-6.754043,7.0102224,-0.4794389
5728,1437154604694,-6.7803793,7.0036387,-0.47465047
5729,1437154604695,-6.8085113,6.9982514,-0.480636
5730,1437154604718,-6.8288617,7.0221934,-0.46746787
5731,1437154604721,-6.793547,6.993463,-0.4369418
5732,1437154604746,-6.719327,6.939594,-0.3878607
5733,1437154604782,-6.739079,6.941389,-0.3812766
5734,1437154604783,-6.8282633,6.9677253,-0.41299978
5735,1437154604800,-6.809708,6.9503675,-0.4297592
5736,1437154604822,-6.889914,6.9719152,-0.45370123
5737,1437154604840,-6.8982935,6.985682,-0.4950012
5738,1437154604860,-6.88752,6.965331,-0.50158525
5739,1437154604881,-6.855198,6.9479733,-0.45908818
5740,1437154604900,-6.7283053,6.9066734,-0.44352585
5741,1437154604921,-6.7708025,6.931214,-0.45130703
5742,1437154604941,-6.8905125,6.9982514,-0.5363012
5743,1437154604961,-6.8318543,6.9731126,-0.5177461
5744,1437154604982,-6.7588315,6.9784994,-0.53570265
5745,1437154605003,-6.8091097,7.0126166,-0.5542577
5746,1437154605026,-6.825869,7.0275807,-0.52612585
5747,1437154605044,-6.7384806,6.9970546,-0.49799395
5748,1437154605064,-6.823475,7.01142,-0.516549
5749,1437154605083,-6.7708025,7.000047,-0.5153519
5750,1437154605103,-6.7360864,6.976105,-0.4333505
5751,1437154605122,-6.7372837,7.01142,-0.44831428
5752,1437154605141,-6.7869635,7.080253,-0.4429273
5753,1437154605163,-6.740875,7.1047935,-0.47165772
5754,1437154605186,-6.6947865,7.1071877,-0.4973954
5755,1437154605206,-6.681618,7.095815,-0.4914099
5756,1437154605223,-6.707356,7.019201,-0.44532153
5757,1437154605244,-6.7121444,6.9366007,-0.3788824
5758,1437154605321,-6.8043213,6.9126587,-0.3776853
5759,1437154605322,-6.8522053,6.9383965,-0.35673606
5760,1437154605323,-6.889914,7.0227923,-0.45370123
5761,1437154605324,-6.835446,7.0227923,-0.52253455
5762,1437154605342,-6.7600284,7.018004,-0.4866215
5763,1437154605365,-6.724714,6.971317,-0.480636
5764,1437154605381,-6.71394,6.92044,-0.44472298
5765,1437154605401,-6.8468184,6.938995,-0.4285621
5766,1437154605427,-6.932411,6.941988,-0.4417302
5767,1437154605443,-6.9371996,6.9306154,-0.38307226
5768,1437154605462,-6.8545995,6.9186444,-0.38367084
5769,1437154605482,-6.787562,6.909666,-0.38965634
5770,1437154605504,-6.806117,6.923433,-0.40162733
5771,1437154605524,-6.7881603,6.9425864,-0.4369418
5772,1437154605545,-6.770204,6.9725137,-0.47345337
5773,1437154605563,-6.7767878,7.0245876,-0.5105635
5774,1437154605584,-6.8444242,7.067085,-0.5009867
5775,1437154605603,-6.737882,7.015011,-0.51116204
5776,1437154605623,-6.7211227,7.053318,-0.5386954
5777,1437154605646,-6.8144965,7.0622964,-0.56922144
5778,1437154605663,-6.851607,6.986879,-0.5009867
5779,1437154605684,-6.781576,6.9838862,-0.51116204
5780,1437154605703,-6.8240733,6.9449806,-0.47644615
5781,1437154605724,-6.7743936,6.8958993,-0.439336
5782,1437154605744,-6.7642183,6.8731546,-0.46686932
5783,1437154605764,-6.8252707,6.859388,-0.46507367
5784,1437154605784,-6.891111,6.8893156,-0.4782418
5785,1437154605803,-6.903082,6.896498,-0.47884035
5786,1437154605823,-6.8887167,6.9449806,-0.47884035
5787,1437154605843,-6.923433,6.976105,-0.50637364
5788,1437154607447,-6.835446,6.999449,-0.4985925
5789,1437154607448,-6.7606273,7.028179,-0.48841715
5790,1437154607449,-6.7205243,7.055114,-0.480636
5791,1437154607450,-6.7133417,7.0946183,-0.51116204
5792,1437154607451,-6.5499372,7.0587053,-0.54527944
5793,1437154607452,-6.5666966,7.107786,-0.5662287
5794,1437154607453,-6.721721,7.152079,-0.4782418
5795,1437154607454,-6.775591,7.1311297,-0.51116204
5796,1437154607455,-6.817489,7.067085,-0.52852005
5797,1437154607456,-6.6564794,7.055114,-0.45370123
5798,1437154607457,-6.683414,7.0742674,-0.46507367
5799,1437154607458,-6.6666546,7.0862384,-0.4938041
5800,1437154607459,-6.547543,7.0730705,-0.52133745
5801,1437154607460,-6.6056023,7.0820484,-0.54288524
5802,1437154607461,-6.6989765,7.093421,-0.59136784
5803,1437154607462,-6.7360864,7.0964136,-0.5758055
5804,1437154607463,-6.6965823,7.0329676,-0.52852005
5805,1437154607464,-6.806117,7.057508,-0.55964464
5806,1437154607465,-6.8324533,7.037756,-0.58298814
5807,1437154607466,-6.8198833,7.0156097,-0.51355624
5808,1437154607467,-6.8252707,7.037756,-0.55365914
5809,1437154607468,-6.7851677,6.989872,-0.4818331
5810,1437154607469,-6.7360864,6.9719152,-0.49440265
5811,1437154607470,-6.7708025,6.977901,-0.48722005
5812,1437154607471,-6.811504,6.9820905,-0.5093664
5813,1437154607472,-6.8360443,6.96593,-0.51355624
5814,1437154607473,-6.8402343,6.9222355,-0.50876784
5815,1437154607474,-6.933608,6.9318123,-0.4902128
5816,1437154607475,-6.908469,6.884527,-0.46507367
5817,1437154607476,-6.881534,6.8462195,-0.42197806
5818,1437154607477,-6.877943,6.7959414,-0.4381389
5819,1437154607478,-6.9102645,6.8851256,-0.45789108
5820,1437154607479,-6.908469,6.854001,-0.47884035
5821,1437154607480,-6.83784,6.854001,-0.504578
5822,1437154607481,-6.968324,6.9264255,-0.50757074
5823,1437154607482,-6.950966,6.9006877,-0.49919105
5824,1437154607483,-7.0102224,6.905476,-0.4985925
5825,1437154607484,-6.941389,6.869563,-0.4249708
5826,1437154607485,-6.9467764,6.927024,-0.43993455
5827,1437154607486,-6.9024835,6.8653736,-0.45070848
5828,1437154607487,-6.8067155,6.794146,-0.45070848
5829,1437154607488,-6.855198,6.8121023,-0.49081135
5830,1437154607489,-6.9024835,6.851008,-0.5201403
5831,1437154607490,-6.9366007,6.9108634,-0.5542577
5832,1437154607491,-6.8599863,6.903082,-0.55725044
5833,1437154607492,-6.7522473,6.941988,-0.53211135
5834,1437154607493,-6.8168907,6.979098,-0.59974754
5835,1437154607494,-6.752846,6.9767036,-0.57520694
5836,1437154607495,-6.7510505,7.01142,-0.57041854
5837,1437154607496,-6.7666125,7.0245876,-0.55246204
5838,1437154607497,-6.6905966,7.017405,-0.50517654
5839,1437154607498,-6.743868,7.061698,-0.5542577
5840,1437154607499,-6.767211,7.1167645,-0.5566519
5841,1437154607500,-6.6624646,7.0766616,-0.5542577
5842,1437154607501,-6.6600704,7.0461354,-0.55844754
5843,1437154607502,-6.716933,7.0569096,-0.557849
5844,1437154607503,-6.7648168,7.0221934,-0.55006784
5845,1437154607504,-6.8252707,7.029975,-0.5422867
5846,1437154607505,-6.7749925,6.9425864,-0.5434838
5847,1437154607506,-6.8067155,6.9360023,-0.50278234
5848,1437154607507,-6.8970966,6.975507,-0.51475334
5849,1437154607508,-6.859388,6.9383965,-0.47105917
5850,1437154607509,-6.897695,6.96593,-0.4985925
5851,1437154607510,-6.9120603,6.9132576,-0.50038815
5852,1437154607511,-6.923433,6.8264675,-0.43754035
5853,1437154607512,-7.0940194,6.791752,-0.36750996
5854,1437154607513,-7.064092,6.724714,-0.33638534
5855,1437154607514,-6.937798,6.6624646,-0.42556936
5856,1437154607515,-6.947375,6.769605,-0.4333505
5857,1437154607516,-6.8851256,7.1371155,-0.54887074
5858,1437154607517,-6.6624646,7.29214,-0.66139823
5859,1437154607518,-6.2345014,7.3346367,-0.6254852
5860,1437154607519,-5.964555,7.5112095,-0.6871359
5861,1437154607520,-5.873575,7.709928,-0.7428011
5862,1437154607521,-5.8238955,7.9188223,-0.85532856
5863,1437154607522,-5.6940103,7.9702973,-0.8607155
5864,1437154607523,-5.405509,8.04392,-0.7745243
5865,1437154607524,-5.349245,8.165425,-0.7870938
5866,1437154607525,-5.530606,8.161834,-0.7338228
5867,1437154607526,-5.505467,8.079233,-0.65660983
5868,1437154607527,-5.406706,8.111555,-0.66618663
5869,1437154607528,-5.547964,8.137293,-0.670975
5870,1437154607529,-5.5683146,7.993641,-0.61291564
5871,1437154607530,-5.6431336,7.9050555,-0.54887074
5872,1437154607541,-5.8484364,7.867347,-0.54408234
5873,1437154607561,-5.917868,7.763199,-0.5303157
5874,1437154607581,-5.895722,7.6375036,-0.48243165
5875,1437154607601,-5.9825115,7.581838,-0.4417302
5876,1437154607621,-6.0441623,7.575254,-0.4405331
5877,1437154607641,-6.1225724,7.6285253,-0.44711718
5878,1437154607662,-5.9023056,7.6225395,-0.4842273
5879,1437154607684,-5.8693852,7.750031,-0.50757074
5880,1437154607704,-5.9543796,7.8428063,-0.6147113
5881,1437154607722,-5.9124813,7.796119,-0.6440403
5882,1437154607747,-5.8741736,7.703344,-0.5033809
5883,1437154607763,-5.8663926,7.681796,-0.53211135
5884,1437154607785,-5.964555,7.7332716,-0.53809685
5885,1437154607803,-6.0040593,7.7470384,-0.5859809
5886,1437154607823,-5.885546,7.7183075,-0.59376204
5887,1437154607845,-5.9172697,7.7171106,-0.58657944
5888,1437154607863,-5.9920883,7.7590094,-0.5979519
5889,1437154607882,-6.0327897,7.743447,-0.57640404
5890,1437154607903,-5.990891,7.7087307,-0.54647654
5891,1437154607927,-6.0800753,7.7081323,-0.56203884
5892,1437154607943,-6.043564,7.6704235,-0.533907
5893,1437154607963,-6.001665,7.6285253,-0.53450555
5894,1437154607982,-6.0848637,7.6051817,-0.5315128
5895,1437154608004,-6.0716953,7.586028,-0.5153519
5896,1437154608023,-6.072294,7.5495167,-0.4961983
5897,1437154608045,-6.1357403,7.5590935,-0.51834464
5898,1437154608063,-6.123171,7.52737,-0.5009867
5899,1437154608083,-6.073491,7.4830775,-0.46627077
5900,1437154608102,-6.137536,7.463924,-0.45908818
5901,1437154608124,-6.184223,7.530363,-0.47165772
5902,1437154608148,-6.217143,7.5812397,-0.45130703
5903,1437154608163,-6.142923,7.6165543,-0.44592008
5904,1437154608187,-6.031593,7.6440873,-0.46986207
5905,1437154608204,-5.9388175,7.6321163,-0.47764325
5906,1437154608224,-5.94181,7.6387005,-0.49919105
5907,1437154608247,-5.9052987,7.6410947,-0.5315128
5908,1437154608264,-6.0130377,7.7464395,-0.5823896
5909,1437154608288,-6.0764837,7.766192,-0.66858083
5910,1437154608305,-6.0291986,7.745841,-0.7254431
5911,1437154608326,-6.084265,7.690176,-0.6901286
5912,1437154608351,-6.0064535,7.647679,-0.6392518
5913,1437154608366,-6.033388,7.639898,-0.6344634
5914,1437154608388,-6.0645127,7.65127,-0.6386533
5915,1437154608406,-5.976526,7.633912,-0.6548142
5916,1437154608427,-5.849035,7.595605,-0.6697779
5917,1437154608448,-5.973533,7.6590514,-0.6931214
5918,1437154608466,-6.0998273,7.703344,-0.7110779
5919,1437154608487,-6.0758853,7.650073,-0.6721721
5920,1437154608509,-6.129755,7.647679,-0.6895301
5921,1437154608524,-6.0944405,7.619547,-0.7140707
5922,1437154608544,-6.0525417,7.583634,-0.6793547
5923,1437154608564,-6.079477,7.5866265,-0.7428011
5924,1437154608584,-6.0764837,7.5441294,-0.75716627
5925,1437154608612,-6.0663085,7.5507135,-0.7649474
5926,1437154608711,-6.1405287,7.5668745,-0.7757214
5927,1437154608712,-6.1285577,7.5704656,-0.7942764
5928,1437154608713,-6.151303,7.603386,-0.80086046
5929,1437154608714,-6.156091,7.5746555,-0.82001406
5930,1437154608715,-6.14831,7.587824,-0.80804306
5931,1437154608724,-6.081871,7.5686703,-0.8319851
5932,1437154608744,-6.0740895,7.563882,-0.7978677
5933,1437154608765,-6.0884547,7.602189,-0.8038532
5934,1437154608795,-6.045958,7.5746555,-0.8062474
5935,1437154608804,-6.089652,7.5884223,-0.8170213
5936,1437154608825,-6.066907,7.6111674,-0.8110358
5937,1437154608846,-6.0148335,7.575853,-0.8295909
5938,1437154608864,-6.013636,7.5614877,-0.8535329
5939,1437154608885,-6.0800753,7.60997,-0.8882488
5940,1437154608904,-6.175245,7.615357,-0.86011696
5941,1437154608925,-6.114791,7.627328,-0.82719666
5942,1437154608944,-6.0824695,7.6985555,-0.8678981
5943,1437154608965,-6.0303955,7.732673,-0.9008184
5944,1437154608984,-5.9370217,7.6494746,-0.8798691
5945,1437154609005,-5.8717794,7.5770497,-0.87328506
5946,1437154609024,-6.031593,7.6231384,-0.86011696
5947,1437154609045,-6.179435,7.6111674,-0.8643068
5948,1437154609064,-6.132149,7.5333557,-0.87089086
5949,1437154609085,-6.202778,7.6015906,-0.8607155
5950,1437154609104,-6.2530565,7.5812397,-0.91697925
5951,1437154609127,-6.166865,7.5231805,-0.83378077
5952,1437154609147,-6.142923,7.504027,-0.8870517
5953,1437154609166,-6.1662664,7.5148005,-0.87328506
5954,1437154609185,-6.1782374,7.510012,-0.8463503
5955,1437154609205,-6.2075663,7.5189905,-0.85054016
5956,1437154609224,-6.1596823,7.498041,-0.82480246
5957,1437154609245,-6.2165446,7.498041,-0.79128367
5958,1437154609269,-6.275801,7.521983,-0.7858967
5959,1437154609288,-6.3087215,7.514202,-0.7469909
5960,1437154609309,-6.295553,7.53994,-0.7248446
5961,1437154609325,-6.2195373,7.5447283,-0.7230489
5962,1437154609354,-6.0902505,7.4986396,-0.7140707
5963,1437154609416,-5.988497,7.475895,-0.7134721
5964,1437154609417,-6.0980315,7.515399,-0.7098808
5965,1437154609418,-6.235698,7.5291657,-0.7254431
5966,1437154609437,-6.149507,7.4603324,-0.7062895
5967,1437154609451,-6.203377,7.4848733,-0.7188591
5968,1437154609466,-6.3488245,7.4842744,-0.75956047
5969,1437154609494,-6.363788,7.4627266,-0.7338228
5970,1437154609522,-6.381745,7.3867106,-0.6560113
5971,1437154609528,-6.2243257,7.3442135,-0.6368576
5972,1437154609546,-6.30932,7.4148426,-0.64463884
5973,1437154609566,-6.361394,7.4561424,-0.6847417
5974,1437154609587,-6.331466,7.4363904,-0.65182143
5975,1437154609606,-6.3248825,7.3537903,-0.56682724
5976,1437154609626,-6.3763576,7.2179193,-0.39444473
5977,1437154609646,-6.452972,7.2622123,-0.3489549
5978,1437154609666,-6.3985043,7.2670007,-0.4345476
5979,1437154609685,-6.399701,7.367557,-0.4333505
5980,1437154609705,-6.330868,7.4830775,-0.5979519
5981,1437154609724,-6.1686606,7.527969,-0.66139823
5982,1437154609744,-5.981913,7.617751,-0.80924016
5983,1437154609765,-6.0088477,7.789535,-0.93732995
5984,1437154609784,-5.966949,7.845799,-0.98341835
5985,1437154609804,-5.883152,7.8212585,-0.9768343
5986,1437154609824,-5.8747725,7.7799582,-0.9528923
5987,1437154609844,-5.901707,7.7230964,-0.908001
5988,1437154609864,-5.990891,7.7093296,-0.8595184
5989,1437154609884,-6.1345434,7.6482773,-0.78529817
5990,1437154609904,-6.194997,7.542334,-0.65421563
5991,1437154609924,-6.2021794,7.527969,-0.57400984
5992,1437154609944,-6.254852,7.462128,-0.587178
5993,1437154609964,-6.2243257,7.441179,-0.5662287
5994,1437154609984,-6.2728086,7.4124484,-0.55126494
5995,1437154610004,-6.2985463,7.369353,-0.516549
5996,1437154610024,-6.190807,7.2987237,-0.5153519
5997,1437154610044,-6.2728086,7.3418193,-0.49559975
5998,1437154610064,-6.3153057,7.429806,-0.57400984
5999,1437154610084,-6.3925185,7.498041,-0.6051345
6000,1437154610104,-6.327875,7.4854717,-0.5859809
6001,1437154610124,-6.1219735,7.5387425,-0.6440403
6002,1437154610144,-6.1943984,7.5812397,-0.6847417
6003,1437154610164,-6.1638722,7.5764513,-0.66858083
6004,1437154610185,-6.118981,7.5441294,-0.682946
6005,1437154610205,-6.1219735,7.519589,-0.6380547
6006,1437154610224,-6.1979895,7.5124063,-0.64463884
6007,1437154610245,-6.2129536,7.4327993,-0.6266823
6008,1437154610265,-6.1860185,7.402273,-0.6051345
6009,1437154610285,-6.357204,7.4711065,-0.6793547
6010,1437154610305,-6.3991027,7.474099,-0.6572084
6011,1437154610325,-6.285378,7.4387846,-0.6500258
6012,1437154610345,-6.2512608,7.4429746,-0.66379243
6013,1437154610365,-6.2650275,7.475296,-0.64463884
6014,1437154610385,-6.31351,7.4806833,-0.6374562
6015,1437154610405,-6.2889695,7.451354,-0.65660983
6016,1437154610425,-6.2464724,7.4351935,-0.6356605
6017,1437154610446,-6.257246,7.450157,-0.6362591
6018,1437154610465,-6.332065,7.4669166,-0.66858083
6019,1437154610514,-6.281787,7.457938,-0.66618663
6020,1437154610515,-6.289568,7.438186,-0.6147113
6021,1437154610529,-6.30932,7.451953,-0.6171055
6022,1437154610548,-6.333262,7.428011,-0.59136784
6023,1437154610567,-6.2793927,7.4190326,-0.5554548
6024,1437154610588,-6.275801,7.395689,-0.5494693
6025,1437154610609,-6.266823,7.382521,-0.54288524
6026,1437154610629,-6.31351,7.418434,-0.59376204
6027,1437154610649,-6.443994,7.4830775,-0.58897364
6028,1437154610669,-6.4002995,7.4603324,-0.6326678
6029,1437154610685,-6.385336,7.428011,-0.57879823
6030,1437154610721,-6.2644286,7.3843164,-0.5530606
6031,1437154610726,-6.233304,7.36636,-0.5422867
6032,1437154610746,-6.3422403,7.3885064,-0.56084174
6033,1437154610773,-6.3607955,7.417835,-0.60453594
6034,1437154610786,-6.295553,7.3591776,-0.56203884
6035,1437154610812,-6.302736,7.3669586,-0.5835867
6036,1437154610838,-6.4104753,7.398083,-0.62129533
6037,1437154610847,-6.357204,7.3591776,-0.58657944
6038,1437154610867,-6.381745,7.3885064,-0.5758055
6039,1437154610887,-6.4224463,7.40347,-0.60932434
6040,1437154610909,-6.3793507,7.3244615,-0.56084174
6041,1437154610926,-6.2889695,7.32506,-0.5931635
6042,1437154610949,-6.363788,7.354389,-0.5943606
6043,1437154610970,-6.3913217,7.419631,-0.56682724
6044,1437154610990,-6.3865333,7.435792,-0.58538234
6045,1437154611010,-6.233304,7.431602,-0.54408234
6046,1437154611029,-6.223727,7.41604,-0.56323594
6047,1437154611049,-6.259042,7.441179,-0.57400984
6048,1437154611069,-6.287772,7.489063,-0.5847838
6049,1437154611089,-6.250662,7.451354,-0.5602432
6050,1437154611108,-6.2129536,7.4549456,-0.56203884
6051,1437154611127,-6.235698,7.445369,-0.55725044
6052,1437154611150,-6.2464724,7.441777,-0.56922144
6053,1437154611169,-6.25964,7.4208283,-0.5781997
6054,1437154611189,-6.2847795,7.4226236,-0.5494693
6055,1437154611207,-6.2632318,7.415441,-0.557849
6056,1437154611230,-6.3787518,7.4950485,-0.55605334
6057,1437154611250,-6.419453,7.554305,-0.56203884
6058,1437154611270,-6.3667808,7.5483193,-0.5638345
6059,1437154611289,-6.2650275,7.5106106,-0.521936
6060,1437154611309,-6.139332,7.478289,-0.53929394
6061,1437154611330,-6.1824274,7.4507556,-0.5291186
6062,1437154611349,-6.3182983,7.4591355,-0.53211135
6063,1437154611368,-6.329671,7.404069,-0.5494693
6064,1437154611389,-6.2865753,7.3460093,-0.5530606
6065,1437154611469,-6.353613,7.3124905,-0.5710171
6066,1437154611470,-6.497265,7.3364325,-0.54887074
6067,1437154611471,-6.451775,7.291541,-0.5081693
6068,1437154611472,-6.5128274,7.3328414,-0.55006784
6069,1437154611489,-6.4499793,7.316082,-0.5835867
6070,1437154611508,-6.3584013,7.327454,-0.54408234
6071,1437154611527,-6.413468,7.3909006,-0.59735334
6072,1437154611547,-6.4068837,7.397485,-0.5734113
6073,1437154611593,-6.331466,7.36217,-0.55485624
6074,1437154611594,-6.3242836,7.3352356,-0.55605334
6075,1437154611619,-6.35062,7.356185,-0.5398925
6076,1437154611628,-6.439804,7.4244194,-0.5494693
6077,1437154611655,-6.407482,7.4202294,-0.52852005
6078,1437154611667,-6.335656,7.417237,-0.5117606
6079,1437154611689,-6.30932,7.4208283,-0.521936
6080,1437154611707,-6.341043,7.423821,-0.52073884
6081,1437154611728,-6.3404446,7.4310036,-0.5422867
6082,1437154611747,-6.2752028,7.40347,-0.5303157
6083,1437154611767,-6.301539,7.386112,-0.56682724
6084,1437154611786,-6.2967505,7.340024,-0.55365914
6085,1437154611806,-6.3548098,7.345411,-0.55964464
6086,1437154611826,-6.4846954,7.361572,-0.57879823
6087,1437154611846,-6.479308,7.374141,-0.56563014
6088,1437154611867,-6.5032506,7.305308,-0.5686229
6089,1437154611889,-6.419453,7.314286,-0.52732295
6090,1437154611908,-6.4026937,7.3112936,-0.5351041
6091,1437154611927,-6.3619924,7.318476,-0.55006784
6092,1437154611951,-6.3871317,7.349601,-0.59017074
6093,1437154611971,-6.421249,7.3729444,-0.59136784
6094,1437154611993,-6.4218473,7.37055,-0.61291564
6095,1437154612009,-6.417059,7.3926964,-0.62608373
6096,1437154612027,-6.319495,7.3202715,-0.62608373
6097,1437154612048,-6.4392056,7.3789296,-0.5686229
6098,1437154612068,-6.52001,7.3537903,-0.6003461
6099,1437154612094,-6.3727665,7.2610154,-0.55126494
6100,1437154612126,-6.408081,7.301717,-0.5518635
6101,1437154612127,-6.491279,7.2819643,-0.54767364
6102,1437154612147,-6.479907,7.301118,-0.52612585
6103,1437154612168,-6.5026517,7.3083005,-0.557849
6104,1437154612187,-6.453571,7.2831616,-0.5327099
6105,1437154612208,-6.451775,7.267599,-0.48602295
6106,1437154612228,-6.427833,7.2484455,-0.4878186
6107,1437154612248,-6.4481835,7.2699933,-0.45130703
6108,1437154612270,-6.505046,7.285556,-0.48841715
6109,1437154612291,-6.531981,7.3286514,-0.46986207
6110,1437154612311,-6.469133,7.309498,-0.46627077
6111,1437154612331,-6.3619924,7.2885485,-0.4417302
6112,1437154612348,-6.4224463,7.3364325,-0.44592008
6113,1437154612371,-6.39611,7.3268557,-0.43035775
6114,1437154612390,-6.357204,7.3232646,-0.43873745
6115,1437154612410,-6.5307837,7.3747396,-0.4297592
6116,1437154612431,-6.488885,7.36217,-0.4441244
6117,1437154612451,-6.477513,7.3460093,-0.39624038
6118,1437154612469,-6.357204,7.28376,-0.3609259
6119,1437154612490,-6.3979053,7.3112936,-0.36631286
6120,1437154612509,-6.4661403,7.37055,-0.36391866
6121,1437154612529,-6.4086795,7.358579,-0.39624038
6122,1437154612547,-6.3368535,7.331644,-0.39923313
6123,1437154612574,-6.347627,7.3340383,-0.41958386
6124,1437154612588,-6.43322,7.3633676,-0.41000703
6125,1437154612610,-6.389526,7.301118,-0.39264908
6126,1437154612630,-6.359598,7.299921,-0.3878607
6127,1437154612648,-6.4386067,7.3340383,-0.43275195
6128,1437154612669,-6.531382,7.3567834,-0.40222588
6129,1437154612692,-6.4619503,7.3633676,-0.44352585
6130,1437154612708,-6.42903,7.321469,-0.43634325
6131,1437154612728,-6.385336,7.3298483,-0.4249708
6132,1437154612751,-6.4242415,7.309498,-0.43754035
6133,1437154612790,-6.415862,7.317279,-0.39624038
6134,1437154612791,-6.405687,7.2951326,-0.4201824
6135,1437154612813,-6.447585,7.3208704,-0.41359833
6136,1437154612828,-6.5098343,7.3537903,-0.4237737
6137,1437154612848,-6.457162,7.3100963,-0.4213795
6138,1437154612868,-6.4709287,7.289147,-0.41240123
6139,1437154612888,-6.4523735,7.2861543,-0.40162733
6140,1437154612914,-6.4565635,7.3059063,-0.39923313
6141,1437154612929,-6.4864907,7.2927384,-0.41599256
6142,1437154612951,-6.3985043,7.267599,-0.41599256
6143,1437154612971,-6.4858923,7.2807674,-0.46088383
6144,1437154612989,-6.479907,7.273585,-0.4902128
6145,1437154613009,-6.5188127,7.2526355,-0.4878186
6146,1437154613029,-6.583456,7.2544312,-0.4225766
6147,1437154613051,-6.528988,7.219715,-0.38606504
6148,1437154613071,-6.509236,7.241263,-0.3854665
6149,1437154613092,-6.5601125,7.291541,-0.4189853
6150,1437154613111,-6.4308257,7.2831616,-0.46148238
6151,1437154613129,-6.3500214,7.2628107,-0.45070848
6152,1437154613152,-6.3643866,7.29214,-0.4938041
6153,1437154613172,-6.452972,7.314286,-0.4866215
6154,1437154613193,-6.397307,7.28795,-0.45070848
6155,1437154613209,-6.510433,7.3202715,-0.45848963
6156,1437154613231,-6.5708866,7.350199,-0.4985925
6157,1437154613250,-6.4487824,7.33763,-0.4417302
6158,1437154613272,-6.4386067,7.3909006,-0.4345476
6159,1437154613290,-6.3709707,7.4124484,-0.40880993
6160,1437154613313,-6.3392477,7.3549876,-0.39683893
6161,1437154613334,-6.405088,7.3244615,-0.40821138
6162,1437154613354,-6.4721255,7.2687964,-0.40880993
6163,1437154613372,-6.4978633,7.2071457,-0.39025488
6164,1437154613390,-6.5744777,7.1622543,-0.39803603
6165,1437154613409,-6.585252,7.1287355,-0.39444473
6166,1437154613430,-6.6205664,7.1472907,-0.3890578
6167,1437154613463,-6.627749,7.1951747,-0.37469256
6168,1437154613516,-6.5601125,7.2191167,-0.34596214
6169,1437154613533,-6.531981,7.256227,-0.3184288
6170,1437154613534,-6.3584013,7.294534,-0.34715924
6171,1437154613535,-6.2901664,7.359776,-0.39444473
6172,1437154613684,-6.38354,7.4746976,-0.46148238
6173,1437154613745,-6.365584,7.493851,-0.50517654
6174,1437154613749,-6.3739634,7.4429746,-0.45609543
6175,1437154613750,-6.305729,7.351995,-0.40162733
6176,1437154613751,-6.353014,7.3088994,-0.4285621
6177,1437154613752,-6.453571,7.2484455,-0.3728969
6178,1437154613753,-6.4817023,7.2227077,-0.3597288
6179,1437154613754,-6.5601125,7.2065473,-0.37708676
6180,1437154613755,-6.5960255,7.2191167,-0.40222588
6181,1437154613756,-6.56131,7.2304893,-0.41060558
6182,1437154613757,-6.4499793,7.183802,-0.46806642
6183,1437154613790,-6.493075,7.281366,-0.52492875
6184,1437154613791,-6.6121864,7.3388267,-0.60214174
6185,1437154613809,-6.606201,7.302315,-0.5117606
6186,1437154613828,-6.4763155,7.2484455,-0.50038815
6187,1437154613850,-6.528988,7.271789,-0.46627077
6188,1437154613870,-6.510433,7.289746,-0.44771573
6189,1437154613892,-6.4565635,7.2849574,-0.47524905
6190,1437154613912,-6.4392056,7.28795,-0.4830302
6191,1437154613932,-6.4224463,7.2873516,-0.49799395
6192,1437154613951,-6.4906807,7.3226657,-0.51954174
6193,1437154613973,-6.5589156,7.335834,-0.51475334
6194,1437154613992,-6.30932,7.3687544,-0.52732295
6195,1437154614013,-6.39611,7.265804,-0.4842273
6196,1437154614032,-6.419453,7.367557,-0.37708676
6197,1437154614049,-6.4344172,7.2550297,-0.30047232
6198,1437154614073,-6.633136,7.3148847,-0.27952304
6199,1437154614093,-6.467936,7.2568254,-0.31184477
6200,1437154614113,-6.570288,7.1927805,-0.19273324
6201,1437154614133,-6.794146,7.1101804,-0.18914193
6202,1437154614152,-6.915652,7.1023993,-0.12928689
6203,1437154614172,-6.964134,7.043741,-0.010175358
6204,1437154614191,-6.9078703,7.0515227,0.08080431
6205,1437154614211,-6.761824,7.038953,0.12808979
6206,1437154614233,-6.43741,6.9743094,0.27234045
6207,1437154614253,-6.451775,6.9862804,0.47105917
6208,1437154614273,-6.325481,6.977901,0.39324763
6209,1437154614290,-6.0447607,7.0850415,0.32920274
6210,1437154614317,-6.1501055,7.562086,0.18734628
6211,1437154614395,-6.290765,7.545925,-0.1316811
6212,1437154614396,-5.9986725,7.459734,-0.15861586
6213,1437154614397,-6.2482677,7.45315,-0.3250129
6214,1437154614398,-6.619968,7.52737,-0.47046062
6215,1437154614410,-6.5565214,7.4926543,-0.49919105
6216,1437154614436,-6.5265937,7.498041,-0.5542577
6217,1437154614450,-6.588843,7.433996,-0.6123171
6218,1437154614471,-6.673837,7.358579,-0.50996494
6219,1437154614491,-6.6606693,7.3005195,-0.40342298
6220,1437154614510,-6.657078,7.12694,-0.20111294
6221,1437154614533,-6.4643445,6.913856,-0.0688333
6222,1437154614558,-6.599617,6.9545574,0.06344634
6223,1437154614572,-6.895301,6.9485717,0.10175357
6224,1437154614590,-6.7666125,6.9599442,0.15682021
6225,1437154614611,-6.8450227,6.9467764,0.24600422
6226,1437154614630,-6.8204823,7.006033,0.26994625
6227,1437154614651,-6.6522894,6.903681,0.30526072
6228,1437154614671,-6.4368114,7.0209966,0.29568392
6229,1437154614690,-6.807314,7.2610154,0.18435353
6230,1437154614717,-6.8587894,7.3166804,0.17298107
6231,1437154614730,-6.6684504,7.330447,0.25737667
6232,1437154614820,-6.5325794,7.482479,0.24779987
6233,1437154614821,-6.0902505,7.3711486,0.19692309
6234,1437154614822,-5.647922,7.264008,0.427365
6235,1437154614823,-6.379949,7.3885064,0.43035775
6236,1437154614829,-6.7534447,7.524976,0.20171149
6237,1437154614849,-6.3871317,7.1730285,0.37110126
6238,1437154614870,-6.451775,7.189189,0.45908818
6239,1437154614890,-6.5481415,7.3364325,0.046686932
6240,1437154614911,-6.23091,7.265205,0.05626374
6241,1437154614930,-6.319495,7.2460513,-0.010175358
6242,1437154614952,-6.338649,7.2687964,-0.107140526
6243,1437154614972,-6.455366,7.129933,0.12270284
6244,1437154614991,-6.637924,7.177218,0.20649989
6245,1437154615011,-6.880337,7.2550297,0.3513491
6246,1437154615030,-6.7283053,7.0168066,0.5554548
6247,1437154615081,-6.657078,6.923433,0.79846627
6248,1437154615082,-6.5708866,6.7839704,0.74639237
6249,1437154615100,-6.457162,6.8581905,0.7086837
6250,1437154615110,-6.7001734,7.1712327,0.5734113
6251,1437154615131,-6.8067155,7.253833,0.2837129
6252,1437154615150,-6.543952,7.2508397,0.29747957
6253,1437154615170,-6.523601,7.374141,0.24899697
6254,1437154615190,-6.4685345,7.483676,0.088585466
6255,1437154615210,-6.273407,7.290344,0.19393034
6256,1437154615234,-6.296152,7.3591776,0.23163901
6257,1437154615254,-6.4924765,7.3753386,0.03172317
6258,1437154615271,-6.517017,7.3310456,0.11133038
6259,1437154615293,-6.5098343,7.3124905,0.07182605
6260,1437154615314,-6.4721255,7.269395,-0.011971008
6261,1437154615334,-6.2859764,7.2406645,0.038905777
6262,1437154615354,-6.432023,7.3388267,-0.047884032
6263,1437154615373,-6.4146647,7.421427,-0.09816227
6264,1437154615394,-6.417059,7.36636,-0.08200141
6265,1437154615411,-6.335656,7.395689,-0.11552023
6266,1437154615434,-6.339846,7.385514,-0.11552023
6267,1437154615454,-6.353014,7.365163,-0.09935937
6268,1437154615474,-6.3177,7.301717,-0.08798691
6269,1437154615494,-6.453571,7.295731,-0.049679685
6270,1437154615514,-6.661866,7.2765775,-0.02813187
6271,1437154615534,-6.6492968,7.2753806,-0.031124622
6272,1437154615554,-6.4362125,7.2406645,-0.059855044
6273,1437154615574,-6.43741,7.323863,-0.04189853
6274,1437154615594,-6.6056023,7.45315,-0.14425065
6275,1437154615614,-6.4631476,7.4723034,-0.19153613
6276,1437154615631,-6.5086374,7.4603324,-0.24121583
6277,1437154615651,-6.290765,7.240066,-0.2789245
6278,1437154615671,-6.2315083,7.1586633,-0.2160767
6279,1437154615735,-6.5666966,7.1712327,-0.28431144
6280,1437154615736,-6.597821,7.147889,-0.3417723
6281,1437154615737,-6.353613,7.1089835,-0.23702596
6282,1437154615752,-6.3793507,7.1634517,-0.25977087
6283,1437154615772,-6.5032506,7.4669166,-0.32321724
6284,1437154615790,-6.6307416,7.666234,-0.40162733
6285,1437154615812,-6.2195373,7.6692266,-0.4261679
6286,1437154615834,-6.0728927,7.6931686,-0.4405331
6287,1437154615852,-6.190807,7.701548,-0.45310268
6288,1437154615874,-6.169858,7.6309195,-0.37469256
6289,1437154615892,-6.1770406,7.526173,-0.2873042
6290,1437154615914,-6.010045,7.433996,-0.2657564
6291,1437154615932,-5.9902925,7.4387846,-0.32621
6292,1437154615954,-6.0926447,7.487866,-0.49320555
6293,1437154615974,-6.1357403,7.454347,-0.59136784
6294,1437154615991,-6.099229,7.3687544,-0.5770026
6295,1437154616014,-6.302736,7.4723034,-0.5781997
6296,1437154616034,-6.407482,7.493851,-0.6835446
6297,1437154616054,-6.2380924,7.586028,-0.6913257
6298,1437154616072,-6.165668,7.611766,-0.74878657
6299,1437154616092,-6.1489086,7.6668324,-0.78050977
6300,1437154616112,-6.145916,7.700351,-0.79966336
6301,1437154616133,-6.142923,7.7063365,-0.80086046
6302,1437154616155,-6.175245,7.6548615,-0.777517
6303,1437154616171,-6.1357403,7.593809,-0.7392098
6304,1437154616192,-6.179435,7.536947,-0.6997054
6305,1437154616212,-6.3218894,7.505822,-0.6392518
6306,1437154616236,-6.2662244,7.3962874,-0.57161564
6307,1437154616256,-6.277597,7.311892,-0.44532153
6308,1437154616277,-6.4068837,7.2604165,-0.46806642
6309,1437154616293,-6.4302273,7.2747817,-0.40402153
6310,1437154616312,-6.506243,7.2388687,-0.27473465
6311,1437154616331,-6.7043633,7.092224,-0.10235212
6312,1437154616351,-6.8085113,6.92044,-0.018555064
6313,1437154616373,-6.6870055,6.63553,-0.07062895
6314,1437154616394,-6.623559,6.555923,-0.20350714
6315,1437154616464,-6.851008,6.758233,-0.4417302
6316,1437154616465,-7.1724296,6.9820905,-0.6572084
6317,1437154616466,-7.1592617,7.270592,-0.75477207
6318,1437154616474,-6.781576,7.413047,-0.7649474
6319,1437154616492,-6.290765,7.547721,-0.7769185
6320,1437154616514,-6.0998273,7.6291237,-0.62249243
6321,1437154616532,-6.1088057,7.752425,-0.47465047
6322,1437154616552,-6.1411276,7.8027034,-0.35434186
6323,1437154616586,-6.005256,7.7997108,-0.22505496
6324,1437154616593,-5.713164,7.7248917,-0.17058687
6325,1437154616613,-5.595848,7.743447,-0.15263036
6326,1437154616632,-5.737106,7.896077,-0.2220622
6327,1437154616652,-5.6868277,7.8745294,-0.28431144
6328,1437154616675,-5.6628857,7.780557,-0.2172738
6329,1437154616695,-5.662287,7.77936,-0.31783026
6330,1437154616713,-5.6999955,7.691373,-0.415394
6331,1437154616734,-5.940613,7.579444,-0.37588966
6332,1437154616755,-6.2003837,7.5148005,-0.4770447
6333,1437154616775,-6.408081,7.3669586,-0.52971715
6334,1437154616795,-6.443395,7.2819643,-0.6500258
6335,1437154616813,-6.6307416,7.152079,-0.7062895
6336,1437154616834,-6.775591,7.097611,-0.7260417
6337,1437154616855,-6.875549,7.0527196,-0.7565677
6338,1437154616872,-6.949769,7.00304,-0.74639237
6339,1437154616894,-6.8462195,7.0221934,-0.7745243
6340,1437154616912,-6.845621,7.035362,-0.7769185
6341,1437154616933,-6.8222775,7.074866,-0.7589619
6342,1437154616953,-6.7085533,7.086837,-0.7505822
6343,1437154616975,-6.6271505,7.192182,-0.7068881
6344,1437154616995,-6.6642604,7.2747817,-0.7469909
6345,1437154617015,-6.609194,7.2664022,-0.6667852
6346,1437154617034,-6.3703723,7.2167225,-0.6374562
6347,1437154617056,-6.3392477,7.267599,-0.6853402
6348,1437154617073,-6.4182563,7.281366,-0.7068881
6349,1437154617093,-6.4260373,7.2370734,-0.7445967
6350,1437154617113,-6.4547677,7.216124,-0.7589619
6351,1437154617185,-6.55293,7.1586633,-0.8218097
6352,1437154617186,-6.6121864,7.091625,-0.8098387
6353,1437154617189,-6.603807,7.0491285,-0.83497787
6354,1437154617204,-6.669049,7.041347,-0.8182184
6355,1437154617214,-6.8402343,7.0946183,-0.8182184
6356,1437154617232,-6.8444242,7.0664864,-0.7649474
6357,1437154617253,-6.770204,7.095815,-0.7020996
6358,1437154617272,-6.707356,7.1826053,-0.7398083
6359,1437154617293,-6.5984197,7.241862,-0.7140707
6360,1437154617327,-6.4643445,7.2951326,-0.7080852
6361,1437154617334,-6.349423,7.3059063,-0.7649474
6362,1437154617354,-6.251859,7.3633676,-0.7469909
6363,1437154617374,-6.283582,7.4046674,-0.7918822
6364,1437154617400,-6.285378,7.483676,-0.85891986
6365,1437154617414,-6.3242836,7.5345526,-0.86610246
6366,1437154617433,-6.305729,7.53575,-0.8511387
6367,1437154617453,-6.333262,7.4968443,-0.81402856
6368,1437154617473,-6.326678,7.4465656,-0.75956047
6369,1437154617494,-6.335656,7.3777328,-0.6979098
6370,1437154617516,-6.241085,7.291541,-0.65780693
6371,1437154617534,-6.203975,7.3448124,-0.6787562
6372,1437154617554,-6.273407,7.385514,-0.7182605
6373,1437154617576,-6.349423,7.4148426,-0.7751228
6374,1437154617594,-6.327875,7.382521,-0.7966706
6375,1437154617615,-6.2351,7.36217,-0.8702923
6376,1437154617633,-6.353014,7.374141,-0.91697925
6377,1437154617655,-6.4362125,7.3603745,-0.9504981
6378,1437154617673,-6.419453,7.302315,-0.9983821
6379,1437154617694,-6.3985043,7.3340383,-1.0378864
6380,1437154617716,-6.4643445,7.316082,-1.062427
6381,1437154617736,-6.476914,7.3190746,-1.0737995
6382,1437154617756,-6.4661403,7.2765775,-1.049259
6383,1437154617776,-6.529587,7.237672,-1.0462662
6384,1437154617795,-6.4152637,7.2071457,-1.0468647
6385,1437154617815,-6.3667808,7.221511,-0.9876082
6386,1437154617836,-6.278794,7.355586,-1.050456
6387,1437154617854,-6.192004,7.5046253,-1.115698
6388,1437154617942,-6.2249246,7.6267295,-1.1653777
6389,1437154617943,-6.211158,7.721899,-1.2060791
6390,1437154617944,-6.175245,7.701548,-1.2078748
6391,1437154617945,-6.139332,7.638102,-1.1605892
6392,1437154617953,-6.183026,7.6351094,-1.1552023
6393,1437154617977,-6.1979895,7.5375457,-1.115698
6394,1437154617993,-6.217742,7.4735007,-1.050456
6395,1437154618013,-6.303933,7.3849154,-1.0103531
6396,1437154618041,-6.4350157,7.3100963,-0.908001
6397,1437154618054,-6.4709287,7.256227,-0.84694886
6398,1437154618075,-6.535572,7.192182,-0.75237787
6399,1437154618094,-6.527791,7.1784153,-0.7404069
6400,1437154618114,-6.5589156,7.1993647,-0.7248446
6401,1437154618134,-6.671443,7.255628,-0.74878657
6402,1437154618154,-6.881534,7.189788,-0.66858083
6403,1437154618174,-6.766014,7.191583,-0.58119243
6404,1437154618197,-6.8360443,7.1622543,-0.5153519
6405,1437154618217,-6.505645,7.08564,-0.53330845
6406,1437154618234,-6.1758432,7.0820484,-0.44592008
6407,1437154618256,-6.330868,7.28795,-0.4914099
6408,1437154618277,-6.4840965,7.482479,-0.49200845
6409,1437154618294,-6.2141504,7.4962454,-0.45190558
6410,1437154618317,-6.118981,7.5213847,-0.42078096
6411,1437154618335,-6.003461,7.5626845,-0.44651863
6412,1437154618357,-5.849633,7.5327573,-0.40821138
6413,1437154618377,-6.0124393,7.543531,-0.35314476
6414,1437154618393,-6.0944405,7.493851,-0.30466217
6415,1437154618414,-6.2752028,7.380127,-0.20231004
6416,1437154618434,-6.333262,7.3232646,-0.17477672
6417,1437154618454,-6.503849,7.253234,-0.16819267
6418,1437154618474,-6.541558,7.197569,-0.15502456
6419,1437154618500,-6.4960675,7.1448965,-0.14305355
6420,1437154618516,-6.523601,7.1059904,-0.11851298
6421,1437154618534,-6.5655,7.1466923,-0.130484
6422,1437154618556,-6.630143,7.1832037,-0.093972415
6423,1437154618574,-6.6606693,7.2233067,-0.045489833
6424,1437154618594,-6.6534867,7.2508397,-0.023942016
6425,1437154618617,-6.613982,7.2604165,0.010773907
6426,1437154618748,-6.541558,7.2328835,0.0035913025
6427,1437154618749,-6.4266357,7.181408,0.05207389
6428,1437154618750,-6.5008564,7.176021,0.0688333
6429,1437154618751,-6.506243,7.219715,0.037708677
6430,1437154618752,-6.5684924,7.2245035,0.076015905
6431,1437154618761,-6.5708866,7.302315,0.0664391
6432,1437154618762,-6.52001,7.306505,0.11611878
6433,1437154618809,-6.411672,7.265804,0.089782566
6434,1437154618810,-6.455965,7.2699933,0.13227965
6435,1437154618814,-6.4565635,7.256227,0.11432313
6436,1437154618841,-6.451775,7.2807674,0.15801731
6437,1437154618855,-6.583456,7.392098,0.15502456
6438,1437154618875,-6.531981,7.3968863,0.15382746
6439,1437154618898,-6.269217,7.3268557,0.20709845
6440,1437154618918,-6.3129115,7.363966,0.17298107
6441,1437154618938,-6.251859,7.3669586,0.20649989
6442,1437154618957,-6.355408,7.345411,0.2621651
6443,1437154618975,-6.3865333,7.3340383,0.23822308
6444,1437154618996,-6.3967085,7.268198,0.30406362
6445,1437154619017,-6.421249,7.223905,0.30107087
6446,1437154619038,-6.5026517,7.1832037,0.3172317
6447,1437154619056,-6.5481415,7.15567,0.3429694
6448,1437154619076,-6.5948286,7.1832037,0.33518824
6449,1437154619095,-6.5924344,7.1353197,0.3345897
6450,1437154619116,-6.5128274,7.1329255,0.34476504
6451,1437154619136,-6.4589577,7.173627,0.3184288
6452,1437154619157,-6.542156,7.153276,0.31364042
6453,1437154619177,-6.606201,7.0928226,0.29568392
6454,1437154619195,-6.657676,6.994062,0.2789245
6455,1437154619215,-6.817489,6.997653,0.29269117
6456,1437154619234,-6.9288197,6.9479733,0.26515785
6457,1437154619259,-6.928221,6.940192,0.29388827
6458,1437154619282,-6.9587474,6.9485717,0.2681506
6459,1437154619300,-6.9599442,6.985682,0.260968
6460,1437154619318,-6.8893156,6.941988,0.31004912
6461,1437154619335,-6.8007298,6.9246297,0.3286042
6462,1437154619371,-6.7492547,6.9330096,0.29688102
6463,1437154619375,-6.8079123,6.962937,0.2633622
6464,1437154619394,-6.761824,6.9360023,0.24301147
6465,1437154619414,-6.7690067,6.897695,0.24121583
6466,1437154619455,-6.845621,6.9366007,0.24061728
6467,1437154619456,-6.9240313,6.9599442,0.2693477
6468,1437154619480,-6.854001,6.849811,0.3196259
6469,1437154619495,-6.9348054,6.9006877,0.36511576
6470,1437154619515,-6.9701195,6.8641763,0.33758244
6471,1437154619535,-6.8545995,6.8121023,0.46267948
6472,1437154619555,-6.841431,6.827066,0.39025488
6473,1437154619575,-6.9024835,6.862979,0.4225766
6474,1437154619609,-6.8587894,6.8611836,0.42078096
6475,1437154619626,-6.893505,6.8689647,0.39205053
6476,1437154619637,-6.871359,6.8599863,0.3854665
6477,1437154619658,-6.8504095,6.9186444,0.3728969
6478,1437154619675,-6.84203,6.9366007,0.33877954
6479,1437154619698,-6.8204823,6.9569516,0.31244332
6480,1437154619719,-6.807314,6.9581485,0.29688102
6481,1437154619738,-6.892308,6.9623384,0.29987377
6482,1437154619758,-6.8653736,6.9024835,0.3298013
6483,1437154619779,-6.8162923,6.8749504,0.37349546
6484,1437154619797,-6.8492126,6.871359,0.39803603
6485,1437154619819,-6.8384385,6.8707604,0.41838676
6486,1437154619839,-6.781576,6.9024835,0.3764882
6487,1437154619858,-6.8528037,6.925827,0.31304187
6488,1437154619876,-6.903082,6.993463,0.24660277
6489,1437154619900,-6.785766,7.128137,0.15861586
6490,1437154619919,-6.724714,7.133524,0.0700304
6491,1437154619941,-6.715736,7.0485296,0.2861071
6492,1437154619961,-6.743868,7.023989,0.30765492
6493,1437154619980,-6.8085113,6.953959,0.40521863
6494,1437154619998,-6.7827735,6.8881183,0.4902128
6495,1437154620017,-6.7929487,6.8480153,0.48841715
6496,1437154620035,-6.867768,6.857592,0.51116204
6497,1437154620055,-6.7773867,6.8204823,0.45370123
6498,1437154620081,-6.7881603,6.885724,0.43275195
6499,1437154620101,-6.899491,6.952163,0.30526072
6500,1437154620122,-6.805518,6.938995,0.28431144
6501,1437154620138,-6.6870055,6.993463,0.2148796
6502,1437154620158,-6.7121444,7.0754647,0.1604115
6503,1437154620230,-6.7085533,7.0808516,0.1448492
6504,1437154620231,-6.6965823,7.0850415,0.17357962
6505,1437154620232,-6.655282,7.0587053,0.16519992
6506,1437154620239,-6.6469026,7.0826473,0.18136078
6507,1437154620260,-6.618172,7.132327,0.15143326
6508,1437154620282,-6.6804214,7.1646485,0.13467385
6509,1437154620295,-6.7145386,7.129933,0.22625206
6510,1437154620324,-6.646304,7.049727,0.24420857
6511,1437154620335,-6.673837,7.0102224,0.30346507
6512,1437154620358,-6.6085954,7.0832458,0.22984336
6513,1437154620377,-6.634333,7.156269,0.15801731
6514,1437154620396,-6.6654577,7.1945763,0.13347675
6515,1437154620421,-6.5505357,7.143699,0.14664486
6516,1437154620439,-6.535572,7.1365166,0.17776948
6517,1437154620459,-6.540959,7.153875,0.18375498
6518,1437154620479,-6.579266,7.153875,0.17058687
6519,1437154620526,-6.551733,7.0994067,0.21068975
6520,1437154620527,-6.273407,7.1945763,0.1340753
6521,1437154620539,-6.1004257,7.436989,-0.037708677
6522,1437154620559,-5.9064956,7.627328,-0.16579847
6523,1437154620579,-5.93762,7.7943234,-0.39205053
6524,1437154620599,-6.208165,7.6919713,-0.40701428
6525,1437154620617,-6.215946,7.566276,-0.47524905
6526,1437154620637,-6.517017,7.405266,-0.5943606
6527,1437154620659,-6.8641763,7.1113777,-0.3633201
6528,1437154620676,-7.1993647,6.9467764,-0.2765303
6529,1437154620696,-7.435792,6.7372837,-0.16879122
6530,1437154620716,-7.533954,6.599617,-0.04309563
6531,1437154620741,-7.565677,6.4739213,-0.0047884034
6532,1437154620762,-7.5722613,6.463746,-0.012569559
6533,1437154620782,-7.2711906,6.534375,0.06344634
6534,1437154620799,-6.517017,6.8103065,-0.023942016
6535,1437154620819,-5.407903,7.304111,-0.17836803
6536,1437154620836,-5.156512,7.829638,-0.10534488
6537,1437154620856,-6.1285577,7.809886,-0.110731825
6538,1437154620877,-6.52001,7.6069775,0.21068975
6539,1437154620898,-6.751649,7.49026,0.18734628
6540,1437154620977,-6.637924,7.5225816,-0.040102877
6541,1437154620978,-6.469133,7.4208283,-0.27114335
6542,1437154620980,-6.5601125,7.2406645,-0.13347675
6543,1437154620981,-6.367978,7.1341224,-0.08738836
6544,1437154620997,-5.9412117,7.2951326,-0.23642741
6545,1437154621021,-5.4857144,7.740454,-0.670975
6546,1437154621036,-5.66109,7.8266454,-1.0289081
6547,1437154621056,-6.099229,7.727885,-0.7739257
6548,1437154621090,-6.3003416,7.5016327,-0.86729956
6549,1437154621098,-6.5577183,7.2502413,-0.84335756
6550,1437154621117,-6.817489,7.1592617,-0.670975
6551,1437154621137,-7.2430587,6.937798,-0.65541273
6552,1437154621162,-7.7069354,6.593033,-0.30286652
6553,1437154621180,-7.608773,6.2740054,-0.017357962
6554,1437154621200,-7.379528,6.1243677,0.18435353
6555,1437154621220,-7.415441,6.1746464,0.39564183
6556,1437154621240,-7.4310036,6.238691,0.36750996
6557,1437154621260,-7.474099,6.4218473,0.24839842
6558,1437154621280,-7.5668745,6.453571,0.13227965
6559,1437154621300,-7.4136457,6.5026517,0.089184016
6560,1437154621320,-7.2526355,6.4882865,0.10295067
6561,1437154621340,-7.2059484,6.505046,0.11851298
6562,1437154621358,-7.1712327,6.5259953,0.10295067
6563,1437154621378,-7.299921,6.588843,0.108337626
6564,1437154621399,-7.318476,6.6163764,0.11133038
6565,1437154621420,-7.1903863,6.5708866,0.079008654
6566,1437154621439,-7.1347213,6.55712,0.08798691
6567,1437154621459,-7.097611,6.578069,0.078410104
6568,1437154621480,-7.0305734,6.634333,0.09816227
6569,1437154621499,-7.0383544,6.68102,0.0676362
6570,1437154621520,-7.015011,6.6079965,0.08140286
6571,1437154621536,-6.83784,6.5948286,0.09995792
6572,1437154621559,-6.9066734,6.685808,0.04189853
6573,1437154621588,-7.0886326,6.745663,-0.02932897
6574,1437154621722,-7.1251445,6.791752,-0.037110128
6575,1437154621723,-7.0102224,6.847417,-0.05805939
6576,1437154621724,-6.949769,6.908469,-0.095768064
6577,1437154621725,-6.9862804,6.9689226,-0.10295067
6578,1437154621726,-6.9108634,6.9767036,-0.11372458
6579,1437154621727,-6.996456,6.940192,-0.009576807
6580,1437154621728,-6.9186444,6.918046,0.08619126
6581,1437154621758,-6.6504936,6.8528037,0.107739076
6582,1437154621759,-6.683414,6.91625,0.15741876
6583,1437154621781,-6.785766,7.041347,0.08439561
6584,1437154621827,-6.859388,7.03177,0.055066638
6585,1437154621828,-6.752846,6.9916677,0.107140526
6586,1437154621849,-6.7534447,7.0305734,0.05327099
6587,1437154621857,-6.7468605,7.0036387,0.06464344
6588,1437154621877,-6.673837,7.0036387,0.061650693
6589,1437154621897,-6.6882024,7.020398,0.046088383
6590,1437154621917,-6.7001734,7.0090256,0.032920275
6591,1437154621938,-6.739678,7.0024414,0.039504327
6592,1437154621957,-6.6744356,6.997653,-0.011971008
6593,1437154621977,-6.627749,7.0108213,-0.060453594
6594,1437154621997,-6.7133417,7.005434,-0.062249243
6595,1437154622017,-6.725911,7.0569096,-0.10175357
6596,1437154622038,-6.747459,7.098808,-0.17118542
6597,1437154622057,-6.815095,7.101801,-0.21428105
6598,1437154622077,-6.855198,7.116166,-0.2753332
6599,1437154622098,-6.96593,7.0126166,-0.2896984
6600,1437154622117,-7.1742253,6.875549,-0.2220622
6601,1437154622138,-7.374141,6.7253127,-0.16400282
6602,1437154622158,-7.3178773,6.5259953,-0.04189853
6603,1437154622180,-7.4387846,6.2554507,0.18495208
6604,1437154622199,-7.860164,6.054936,0.46088383
6605,1437154622220,-7.965509,5.9148755,0.32202014
6606,1437154622239,-7.6189485,5.935226,-0.0700304
6607,1437154622258,-7.6746135,6.161478,-0.33399114
6608,1437154622280,-7.877522,6.4224463,-0.56323594
6609,1437154622300,-7.7290816,6.770204,-0.87927055
6610,1437154622320,-7.349002,6.7731967,-1.1210849
6611,1437154622339,-6.7600284,6.766014,-1.2671312
6612,1437154622363,-6.540959,6.83365,-1.3868413
6613,1437154622400,-6.4062853,7.113772,-1.4431051
6614,1437154622401,-6.1728506,7.391499,-1.6298528
6615,1437154622416,-5.5922565,7.5830355,-1.6795325
6616,1437154622436,-5.04159,7.6650367,-1.6813282
6617,1437154622456,-4.4675803,7.6800003,-1.7220296
6618,1437154622480,-3.6152446,8.140884,-1.8303672
6619,1437154622500,-3.0011318,8.875904,-2.1374235
6620,1437154622518,-2.8431146,9.279925,-2.3493104
6621,1437154622538,-2.8491,9.69532,-2.5528176
6622,1437154622559,-3.489549,9.850345,-2.529474
6623,1437154622578,-4.3927617,9.735423,-2.1051018
6624,1437154622601,-4.6441526,9.501988,-1.9853917
6625,1437154622617,-4.6178164,9.190742,-1.9255368
6626,1437154622637,-4.6740804,8.947132,-1.821389
6627,1437154622659,-4.743512,8.713697,-1.8183962
6628,1437154622679,-4.799776,8.498817,-1.8195933
6629,1437154622701,-4.970961,8.360553,-1.6825253
6630,1437154622721,-4.88058,8.306085,-1.6124948
6631,1437154622741,-4.3041763,8.341997,-1.7537527
6632,1437154622758,-4.1395745,8.418612,-1.2886791
6633,1437154622780,-5.267244,8.450933,-1.1139023
6634,1437154622800,-5.7784057,8.134899,-0.86849666
6635,1437154622820,-6.0268044,7.837419,-0.6302736
6636,1437154622841,-6.0639143,7.765593,-0.6344634
6637,1437154622859,-5.9202623,7.7350674,-0.8655039
6638,1437154622881,-5.8837504,7.753622,-0.9044097
6639,1437154622902,-5.807136,7.7865424,-0.8690952
6640,1437154622922,-5.861604,7.73806,-0.83737206
6641,1437154622941,-5.9400144,7.6249337,-0.6769605
6642,1437154622960,-5.913678,7.5016327,-0.61112
6643,1437154622978,-5.803545,7.480085,-0.62847793
6644,1437154623000,-5.866991,7.5267715,-0.62009823
6645,1437154623019,-6.0501475,7.6428905,-0.5781997
6646,1437154623038,-6.1040173,7.699154,-0.60812724
6647,1437154623121,-6.0585275,7.756615,-0.49081135
6648,1437154623122,-5.963358,7.817667,-0.5734113
6649,1437154623123,-5.8963203,7.881712,-0.5823896
6650,1437154623124,-5.869984,7.8709383,-0.5823896
6651,1437154623139,-5.8562174,7.8027034,-0.5674258
6652,1437154623162,-5.927445,7.680599,-0.45669398
6653,1437154623179,-5.975329,7.591415,-0.38965634
6654,1437154623199,-6.078878,7.4896617,-0.320823
6655,1437154623232,-6.1848216,7.409456,-0.23762453
6656,1437154623240,-6.2249246,7.3819222,-0.23283611
6657,1437154623264,-6.3111157,7.3867106,-0.24660277
6658,1437154623280,-6.3727665,7.3549876,-0.17178397
6659,1437154623302,-6.3643866,7.285556,-0.15801731
6660,1437154623322,-6.3685765,7.3047094,-0.13108255
6661,1437154623342,-6.4547677,7.3711486,-0.2100912
6662,1437154623362,-6.407482,7.382521,-0.30226797
6663,1437154623381,-6.2620344,7.4124484,-0.3393781
6664,1437154623403,-6.287772,7.4322004,-0.40402153
6665,1437154623422,-6.302736,7.427412,-0.3866636
6666,1437154623442,-6.2985463,7.375937,-0.39264908
6667,1437154623462,-6.331466,7.3226657,-0.4225766
6668,1437154623482,-6.408081,7.2514386,-0.34356794
6669,1437154623500,-6.4828997,7.2873516,-0.3489549
6670,1437154623522,-6.497265,7.2849574,-0.33638534
6671,1437154623545,-6.4098763,7.317279,-0.3321955
6672,1437154623561,-6.363788,7.3106947,-0.3788824
6673,1437154623579,-6.179435,7.433996,-0.3716998
6674,1437154623713,-6.0597243,7.4950485,-0.45070848
6675,1437154623714,-5.804742,7.713519,-0.58777654
6676,1437154623715,-5.6084175,7.827244,-0.7344214
6677,1437154623716,-5.457583,7.879916,-0.75716627
6678,1437154623717,-5.240309,7.860164,-0.7044938
6679,1437154623718,-4.821324,7.712322,-0.57520694
6680,1437154623732,-4.4119153,7.550115,-0.29867667
6681,1437154623739,-4.736928,7.69257,-0.28072014
6682,1437154623767,-5.380968,7.9726915,-0.5069722
6683,1437154623842,-5.122993,8.428787,-0.7930793
6684,1437154623843,-4.2425256,8.398261,-1.1851299
6685,1437154623844,-3.007716,8.450933,-1.2378023
6686,1437154623845,-2.48159,8.959103,-1.3365631
6687,1437154625337,-2.166154,9.663596,-1.6424223
6688,1437154625338,-1.2623428,10.192117,-1.8764555
6689,1437154625339,-0.6877344,10.264542,-1.8764555
6690,1437154625340,-0.7074866,10.152613,-1.7633295
6691,1437154625341,-0.6961141,9.952098,-1.7280151
6692,1437154625342,-0.4417302,9.904214,-1.5634137
6693,1437154625343,-0.32680854,10.171766,-1.4287399
6694,1437154625344,-0.16101007,9.840169,-1.3623008
6695,1437154625345,0.2184709,9.726444,-0.9911995
6696,1437154625346,0.10474633,9.770737,-1.2515689
6697,1437154625347,-0.05566519,9.916184,-1.6621746
6698,1437154625348,-0.044292733,10.051457,-1.7621324
6699,1437154625349,0.17717093,10.135254,-1.757344
6700,1437154625350,0.46387658,10.059238,-1.8525136
6701,1437154625351,0.5105635,9.989806,-1.8076223
6702,1437154625352,0.36032736,9.950302,-1.8483237
6703,1437154625353,0.12569559,9.860519,-1.8447324
6704,1437154625354,0.0700304,9.667787,-1.7058687
6705,1437154625355,0.21667525,9.620501,-1.7429788
6706,1437154625356,0.16220717,9.637859,-1.7687165
6707,1437154625357,-0.046686932,9.677961,-1.7872716
6708,1437154625358,-0.093373865,9.665392,-1.8046296
6709,1437154625359,0.0053869537,9.606734,-1.7944542
6710,1437154625360,0.006584055,9.507974,-1.7543513
6711,1437154625361,-0.20111294,9.53012,-1.7076644
6712,1437154625362,-0.48362875,9.5732155,-1.4981717
6713,1437154625363,-0.26755205,9.564836,-1.2904748
6714,1437154625364,0.33877954,9.6528225,-1.2318168
6715,1437154625365,0.74399817,9.700109,-1.1133038
6716,1437154625366,1.2144588,9.858724,-1.1923125
6717,1437154625367,1.246182,10.003573,-1.2437878
6718,1437154625368,1.174356,10.078991,-1.3563153
6719,1437154625369,1.1731589,10.02572,-1.42455
6720,1437154625370,1.1492168,9.924564,-1.453879
6721,1437154625371,1.0827777,9.7641535,-1.5221137
6722,1437154625372,0.8846575,9.645041,-1.5149311
6723,1437154625373,0.8678981,9.592968,-1.6011224
6724,1437154625374,0.86011696,9.614515,-1.7555484
6725,1437154625375,0.8798691,9.803658,-1.9075803
6726,1437154625376,0.99538934,9.776124,-2.1332338
6727,1437154625377,1.0630256,9.833585,-2.191293
6728,1437154625378,0.9295488,9.834184,-2.2625206
6729,1437154625379,0.96426475,9.976639,-2.2960393
6730,1437154625380,0.8194155,9.926959,-2.2864625
6731,1437154625381,0.7350199,9.812037,-2.0667946
6732,1437154625382,0.6751649,9.733028,-2.0081367
6733,1437154625383,0.6727707,9.604341,-1.8435353
6734,1437154625384,0.65780693,9.600749,-1.6867151
6735,1437154625385,0.6332663,9.631275,-1.7112557
6736,1437154625386,0.6691794,9.619903,-1.6813282
6737,1437154625387,0.79367787,9.69113,-1.6897079
6738,1437154625388,0.7062895,9.812635,-1.6903064
6739,1437154625389,0.63087213,9.800066,-1.6346412
6740,1437154625390,0.66020113,9.7084875,-1.5280992
6741,1437154625391,0.717662,9.637859,-1.4478935
6742,1437154625392,0.7009025,9.680955,-1.365892
6743,1437154625393,0.641646,9.660006,-1.3581109
6744,1437154625394,0.7230489,9.718663,-1.371279
6745,1437154625395,0.6075287,9.759365,-1.4329298
6746,1437154625396,0.6075287,9.751583,-1.4323312
6747,1437154625397,0.60453594,9.674371,-1.4329298
6748,1437154625398,0.670975,9.660604,-1.4718355
6749,1437154625399,0.6075287,9.66659,-1.4586674
6750,1437154625400,0.439336,9.736021,-1.4598645
6751,1437154625401,0.492607,9.704298,-1.483208
6752,1437154625402,0.57999533,9.683948,-1.4640543
6753,1437154625403,0.55725044,9.766547,-1.5263035
6754,1437154625404,0.52373165,9.7958765,-1.5101427
6755,1437154625405,0.7374141,9.691729,-1.4676456
6756,1437154625406,0.78050977,9.7641535,-1.4323312
6757,1437154625407,0.59974754,9.816826,-1.4598645
6758,1437154625408,0.6464345,9.791088,-1.4437037
6759,1437154625409,0.7930793,9.773131,-1.4784195
6760,1437154625410,0.86011696,9.820416,-1.5239093
6761,1437154625411,0.80325466,9.911396,-1.5969325
6762,1437154625412,0.9600749,10.01315,-1.7160441
6763,1437154625413,1.151611,10.176555,-1.8387469
6764,1437154625414,1.270124,10.404602,-2.0404584
6765,1437154625419,0.9780314,10.245986,-1.9925743
6766,1437154625439,0.7068881,10.102334,-1.7381904
6767,1437154625459,0.4938041,9.918579,-1.6208745
6768,1437154625479,0.17717093,9.835381,-1.407192
6769,1437154625499,-0.11911154,9.825804,-1.3257892
6770,1437154625519,-0.4261679,9.774328,-1.2629414
6771,1437154625541,-0.81881696,9.661801,-1.2018893
6772,1437154625562,-1.0594343,9.589376,-1.210269
6773,1437154625582,-1.2563573,9.643246,-1.3090298
6774,1437154625604,-1.5275006,9.660006,-1.3102269
6775,1437154625623,-1.8656816,9.558251,-1.2862848
6776,1437154625642,-2.0003555,9.273342,-1.2192472
6777,1437154625663,-2.0991163,9.229049,-1.1127052
6778,1437154625681,-2.3517046,9.3343935,-1.1270704
6779,1437154625703,-2.6048915,9.305663,-1.3156139
6780,1437154625724,-2.8000188,9.19972,-1.134253
6781,1437154625743,-3.0992942,9.082404,-1.0193313
6782,1437154625764,-3.2249897,8.987235,-1.0085574
6783,1437154625785,-3.151368,8.939949,-0.9684546
6784,1437154625803,-3.515885,8.7125,-0.8912416
6785,1437154625822,-3.9252937,8.552089,-0.9463082
6786,1437154625841,-4.2060137,8.534731,-1.0313023
6787,1437154625862,-4.4639893,8.503007,-1.0534488
6788,1437154625882,-4.483143,8.504205,-1.1569979
6789,1437154625954,-4.401141,8.572439,-1.1875241
6790,1437154625955,-4.4478283,8.635287,-1.1492168
6791,1437154625966,-4.5262384,8.635287,-1.1569979
6792,1437154625967,-4.1916485,8.717288,-1.1761516
6793,1437154625981,-4.348469,8.787319,-1.1785458
6794,1437154626001,-4.2179847,8.792706,-1.2246342
6795,1437154626022,-4.087501,8.834005,-1.2144588
6796,1437154626048,-4.7339354,8.70831,-1.1695676
6797,1437154626062,-5.2085857,8.411429,-1.0366893
6798,1437154626086,-5.4767365,8.046313,-0.8972271
6799,1437154626101,-5.705383,7.8128786,-0.8038532
6800,1437154626121,-6.194997,7.6093717,-0.7613561
6801,1437154626145,-6.335656,7.301717,-0.8218097
6802,1437154626161,-5.468955,7.429208,-0.92775315
6803,1437154626182,-4.812944,7.7470384,-1.2054806
6804,1437154626201,-5.5000796,8.104971,-1.1779473
6805,1437154626221,-5.969942,8.130111,-1.252766
6806,1437154626241,-5.746084,8.0127945,-1.2276269
6807,1437154626261,-5.895123,7.901464,-1.2216414
6808,1437154626281,-6.0483522,7.797915,-1.2677298
6809,1437154626302,-6.1662664,7.7009497,-1.1953052
6810,1437154626322,-6.2261214,7.679402,-1.2096704
6811,1437154626342,-6.072294,7.5800424,-1.2306197
6812,1437154626362,-6.0567317,7.4429746,-1.1007342
6813,1437154626382,-6.2704144,7.3926964,-1.0594343
6814,1437154626402,-6.4128695,7.282563,-1.0097545
6815,1437154626422,-6.521207,7.1832037,-0.8583213
6816,1437154626442,-6.687604,7.1083846,-0.8026561
6817,1437154626462,-6.7265096,7.0724716,-0.7356185
6818,1437154626484,-6.625355,7.1395097,-0.6907272
6819,1437154626504,-6.5906386,7.1185603,-0.705691
6820,1437154626521,-6.47033,7.104195,-0.7200562
6821,1437154626545,-6.311714,7.2149267,-0.86849666
6822,1437154626562,-6.5666966,7.316082,-0.9295488
6823,1437154626581,-6.6882024,7.2364745,-0.8194155
6824,1437154626601,-6.081272,7.285556,-0.8098387
6825,1437154626622,-5.3522377,7.6889787,-0.88525605
6826,1437154626655,-5.133168,8.111555,-0.8834604
6827,1437154626662,-6.087258,8.094796,-0.694917
6828,1437154626681,-6.277597,7.9990277,-0.49679685
6829,1437154626701,-6.090849,7.852383,-0.42676646
6830,1437154626722,-6.3350577,7.787141,-0.32022446
6831,1437154626742,-6.331466,7.704541,-0.25198972
6832,1437154626761,-6.570288,7.5686703,-0.18195933
6833,1437154626781,-6.51163,7.3579803,-0.095768064
6834,1437154626805,-6.2985463,7.2047515,-0.076015905
6835,1437154626825,-6.330868,7.133524,-0.051475335
6836,1437154626845,-6.4248405,7.052121,0.0023942017
6837,1437154626862,-6.369175,6.881534,0.14065935
6838,1437154626882,-5.8532248,6.9605427,0.19991584
6839,1437154626903,-5.357625,7.423821,0.16220717
6840,1437154626923,-5.483919,7.7171106,0.012569559
6841,1437154626942,-5.897517,7.879916,-0.021547815
6842,1437154626963,-6.247071,7.8356237,-0.18255788
6843,1437154626983,-6.420052,7.839813,-0.23163901
6844,1437154627003,-6.509236,7.8667483,-0.25198972
6845,1437154627022,-6.4870896,7.8092875,-0.30945057
6846,1437154627046,-6.431424,7.5363483,-0.24839842
6847,1437154627066,-6.429629,7.2352777,-0.19033903
6848,1437154627085,-6.609792,7.012018,-0.17896658
6849,1437154627105,-6.719327,6.8366427,-0.109534726
6850,1437154627125,-6.8318543,6.7947445,-0.08499416
6851,1437154627145,-6.809708,6.715137,-0.06284779
6852,1437154627165,-6.8522053,6.663662,0.05207389
6853,1437154627183,-6.963536,6.6600704,0.093373865
6854,1437154627206,-6.9862804,6.67683,0.15502456
6855,1437154627227,-6.9970546,6.655282,0.2124854
6856,1437154627246,-7.037756,6.6606693,0.22026655
6857,1437154627267,-7.0383544,6.5786676,0.26156655
6858,1437154627288,-7.1502833,6.5283895,0.28909984
6859,1437154627363,-7.3202715,6.4936733,0.26994625
6860,1437154627364,-7.280169,6.4936733,0.260968
6861,1437154627365,-7.3148847,6.4224463,0.22864626
6862,1437154627366,-7.2550297,6.3380504,0.2172738
6863,1437154627383,-7.349002,6.325481,0.19871874
6864,1437154627407,-7.5830355,6.283582,0.15382746
6865,1437154627422,-7.6081743,6.253655,0.15322891
6866,1437154627442,-7.6853876,6.1261635,0.19273324
6867,1437154627464,-7.780557,5.9621606,0.25498247
6868,1437154627483,-7.7344685,5.881955,0.27473465
6869,1437154627504,-7.575254,5.9783216,0.17836803
6870,1437154627523,-7.5974007,6.0770826,0.023942016
6871,1437154627546,-7.675811,6.1447186,-0.022744916
6872,1437154627566,-7.638102,6.1884127,0.021547815
6873,1437154627583,-7.5333557,6.160281,-0.017956512
6874,1437154627603,-7.4687123,6.0920463,0.019752163
6875,1437154627626,-7.501034,6.1195793,0.04309563
6876,1437154627646,-7.5207863,6.1381345,-0.0047884034
6877,1437154627666,-7.5806413,6.141726,0.007182605
6878,1437154627683,-7.599196,6.0944405,0.006584055
6879,1437154627704,-7.5213847,6.0621185,-0.011372458
6880,1437154627726,-7.579444,6.0525417,-0.044292733
6881,1437154627744,-7.6309195,6.0250087,-0.026934769
6882,1437154627763,-7.57286,6.045958,-0.027533319
6883,1437154627785,-7.6213427,6.009446,-0.013766659
6884,1437154627805,-7.6811976,5.9861026,0.02813187
6885,1437154627827,-7.690176,6.0405707,0.035913024
6886,1437154627843,-7.6823945,6.039374,0.051475335
6887,1437154627866,-7.6333137,5.9986725,0.110731825
6888,1437154627888,-7.6847887,5.988497,0.17717093
6889,1437154627906,-7.78355,5.9603653,0.20470424
6890,1437154627926,-7.788338,5.971139,0.24121583
6891,1437154627945,-7.764396,6.0483522,0.18614918
6892,1437154627963,-7.653664,6.0543375,0.1412579
6893,1437154627986,-7.5668745,6.072294,0.094570965
6894,1437154628013,-7.5411367,6.0525417,-0.050876785
6895,1437154628071,-7.5291657,6.035184,-0.0724246
6896,1437154628072,-7.5686703,5.989694,-0.19033903
6897,1437154628073,-7.6734166,5.976526,-0.23104046
6898,1437154628095,-7.753622,5.975329,-0.29388827
6899,1437154628103,-7.9146323,5.9825115,-0.30226797
6900,1437154628127,-7.8715367,5.878962,-0.26036942
6901,1437154628143,-7.8039002,5.8651958,-0.19153613
6902,1437154628163,-7.8475947,5.801151,-0.17238252
6903,1437154628183,-7.7727757,5.758055,-0.10414778
6904,1437154628206,-7.7985134,5.787384,-0.14065935
6905,1437154628226,-7.7649946,5.85921,-0.17776948
6906,1437154628244,-7.7727757,5.8891377,-0.19871874
6907,1437154628266,-7.751228,5.8999114,-0.20649989
6908,1437154628283,-7.8308353,5.8963203,-0.17717093
6909,1437154628304,-7.976283,5.8628016,-0.08619126
6910,1437154628324,-8.081628,5.78499,0.05267244
6911,1437154628346,-8.050503,5.6640825,0.17597382
6912,1437154628364,-7.992444,5.5324016,0.2777274
6913,1437154628386,-8.0924015,5.4551888,0.37588966
6914,1437154628407,-8.184579,5.4761376,0.3549404
6915,1437154628424,-8.093,5.5204306,0.2645593
6916,1437154628447,-7.951742,5.556942,0.17597382
6917,1437154628465,-7.7973166,5.6904187,0.014963761
6918,1437154628485,-7.675811,5.8238955,-0.11492168
6919,1437154628509,-7.6788034,6.035184,-0.16879122
6920,1437154628526,-7.608773,6.225523,-0.17896658
6921,1437154628547,-7.5207863,6.3643866,-0.17717093
6922,1437154628564,-7.421427,6.3823433,-0.11192893
6923,1437154628585,-7.2741833,6.2901664,-0.04249708
6924,1437154628606,-7.161656,6.265626,-0.022744916
6925,1437154628626,-7.2580223,6.281787,0.0011971008
6926,1437154628644,-7.359776,6.291962,0.0011971008
6927,1437154628668,-7.427412,6.242881,-0.016759412
6928,1437154628687,-7.4112515,6.2620344,-0.061052144
6929,1437154628706,-7.501034,6.3500214,-0.12629414
6930,1437154628766,-7.439383,6.375759,-0.16160862
6931,1437154628767,-7.3298483,6.347627,-0.14844051
6932,1437154628768,-7.33763,6.347627,-0.1400608
6933,1437154628889,-7.425018,6.3488245,-0.12928689
6934,1437154628890,-7.467515,6.3500214,-0.10414778
6935,1437154628891,-7.442376,6.3009405,-0.09816227
6936,1437154628892,-7.3298483,6.2674217,-0.09876082
6937,1437154628893,-7.398083,6.3446345,-0.10295067
6938,1437154628894,-7.4549456,6.364985,-0.059855044
6939,1437154628904,-7.415441,6.294955,-0.023343466
6940,1437154628931,-7.421427,6.289568,0.051475335
6941,1437154628944,-7.4723034,6.3326635,0.09935937
6942,1437154628964,-7.4711065,6.38773,0.12270284
6943,1437154628990,-7.2927384,6.3667808,0.12928689
6944,1437154629005,-7.1730285,6.3685765,0.12988544
6945,1437154629025,-7.255628,6.407482,0.13227965
6946,1437154629045,-7.265205,6.4230447,0.13826515
6947,1437154629066,-7.357382,6.4445925,0.16340427
6948,1437154629086,-7.3819222,6.4457893,0.18315643
6949,1437154629107,-7.406463,6.4242415,0.17896658
6950,1437154629124,-7.3657618,6.4230447,0.23283611
6951,1437154629146,-7.2364745,6.417658,0.18914193
6952,1437154629167,-7.2245035,6.421249,0.14903906
6953,1437154629185,-7.179612,6.4350157,0.11911154
6954,1437154629206,-7.1341224,6.4625487,0.08559271
6955,1437154629227,-7.1867948,6.5505357,0.061052144
6956,1437154629246,-7.225102,6.6606693,0.035913024
6957,1437154629333,-7.1945763,6.6642604,0.008978256
6958,1437154629334,-7.0610995,6.6882024,-0.004189853
6959,1437154629335,-7.0820484,6.706159,-0.037110128
6960,1437154629336,-7.125743,6.719327,-0.011372458
6961,1437154629344,-7.0970125,6.715736,0.014963761
6962,1437154629372,-7.135918,6.649895,0.08319851
6963,1437154629384,-7.180211,6.625953,0.12509704
6964,1437154629404,-7.147889,6.606201,0.12808979
6965,1437154629424,-7.109582,6.570288,0.1436521
6966,1437154629444,-7.105392,6.569091,0.12808979
6967,1437154629464,-7.1808095,6.579266,0.17357962
6968,1437154629484,-7.215525,6.5744777,0.16519992
6969,1437154629504,-7.1466923,6.5625067,0.14844051
6970,1437154629530,-7.1209545,6.603807,0.1316811
6971,1437154629556,-7.1233487,6.6804214,0.110133275
6972,1437154629612,-7.119757,6.736685,0.059855044
6973,1437154629613,-7.0634937,6.7324953,0.008379706
6974,1437154629614,-7.0347633,6.767211,-0.0077811554
6975,1437154629633,-7.097611,6.8408327,-0.077213004
6976,1437154629687,-7.0036387,6.8581905,-0.13467385
6977,1437154629688,-6.9569516,6.915053,-0.14844051
6978,1437154629689,-6.939594,6.9545574,-0.2124854
6979,1437154629709,-6.9198413,6.933608,-0.21547815
6980,1437154629725,-6.8653736,6.88333,-0.16519992
6981,1437154629749,-6.7767878,6.8504095,-0.16699557
6982,1437154629765,-6.8103065,6.8761473,-0.16639702
6983,1437154629785,-6.766014,6.8605847,-0.1921347
6984,1437154629805,-6.645107,6.7905545,-0.17597382
6985,1437154629844,-6.697779,6.733692,-0.19991584
6986,1437154629845,-6.8144965,6.7546415,-0.21308395
6987,1437154629865,-6.9012866,6.7109475,-0.26156655
6988,1437154629885,-6.911462,6.71394,-0.260968
6989,1437154629905,-7.171831,6.83365,-0.2908955
6990,1437154629925,-7.2424603,6.8869214,-0.31423897
6991,1437154629945,-7.1706343,6.880337,-0.2825158
6992,1437154629965,-7.038953,6.8827314,-0.25258827
6993,1437154629985,-6.9677253,6.907272,-0.2148796
6994,1437154630005,-6.895301,6.9168487,-0.17417817
6995,1437154630025,-6.7600284,6.9144545,-0.15143326
6996,1437154630045,-6.727108,6.889914,-0.11252748
6997,1437154630065,-6.7043633,6.8839283,-0.11432313
6998,1437154630084,-6.735488,6.9348054,-0.090979666
6999,1437154630103,-6.8085113,6.973711,-0.08319851
7000,1437154630128,-6.8240733,6.9844847,-0.14903906
7001,1437154630145,-6.7708025,7.008427,-0.14844051
7002,1437154630165,-6.692991,6.964134,-0.20649989
7003,1437154630185,-6.7229185,6.9623384,-0.25198972
7004,1437154630207,-6.805518,6.9904704,-0.2741361
7005,1437154630229,-6.9264255,7.0186024,-0.29688102
7006,1437154630248,-6.979098,7.071873,-0.3184288
7007,1437154630268,-7.0066314,7.141305,-0.3537433
7008,1437154630285,-6.9048777,7.104195,-0.35793316
7009,1437154630307,-6.6187706,7.0461354,-0.3812766
7010,1437154630327,-6.4469867,6.9826894,-0.36272156
7011,1437154630358,-6.371569,6.9892735,-0.41958386
7012,1437154630375,-6.465542,7.00723,-0.47046062
7013,1437154630387,-6.537368,7.0066314,-0.5153519
7014,1437154630404,-6.429629,7.067085,-0.66618663
7015,1437154630426,-6.5259953,7.157466,-0.8283938
7016,1437154630448,-6.6804214,7.243657,-0.9947908
7017,1437154630466,-6.9611416,7.3286514,-1.258153
7018,1437154630485,-6.6642604,7.219715,-1.6430209
7019,1437154630526,-6.5164185,7.261614,-1.9351135
7020,1437154630527,-6.7761893,7.3938932,-2.2104468
7021,1437154630548,-6.6175733,7.3753386,-2.3666685
7022,1437154630569,-6.3787518,7.269395,-2.3349452
7023,1437154630585,-6.3512187,7.264008,-2.3636756
7024,1437154630609,-6.3619924,7.2310877,-2.328361
7025,1437154630629,-6.3607955,7.201759,-2.2499511
7026,1437154630649,-6.4565635,7.1903863,-2.1942859
7027,1437154630669,-6.4547677,7.117363,-2.0201077
7028,1437154630688,-6.499659,7.098808,-1.8525136
7029,1437154630709,-6.510433,7.0826473,-1.6687586
7030,1437154630726,-6.5666966,7.1484876,-1.5011644
7031,1437154630748,-6.6959834,7.199963,-1.3910311
7032,1437154630769,-6.615778,7.153875,-1.2533646
7033,1437154630790,-6.6804214,7.1353197,-1.0767922
7034,1437154630808,-6.7624226,7.1993647,-0.9947908
7035,1437154630829,-6.8557963,7.237672,-0.9415198
7036,1437154630848,-6.675633,7.1987658,-0.8912416
7037,1437154630868,-6.593033,7.1885905,-0.79846627
7038,1437154630891,-6.654085,7.183802,-0.79367787
7039,1437154630905,-6.621165,7.116166,-0.8062474
7040,1437154630925,-6.5499372,6.9485717,-0.6871359
7041,1437154630949,-6.757634,6.9306154,-0.57999533
7042,1437154630970,-6.996456,6.9306154,-0.5081693
7043,1437154630988,-7.0066314,6.873753,-0.45010993
7044,1437154631022,-6.8091097,6.8450227,-0.48123455
7045,1437154631025,-6.701969,6.8342485,-0.4345476
7046,1437154631045,-6.7839704,6.8970966,-0.40821138
7047,1437154631066,-6.8198833,6.945579,-0.37828386
7048,1437154631087,-6.8605847,6.9731126,-0.35075054
7049,1437154631107,-6.9024835,7.021595,-0.34356794
7050,1437154631127,-6.8043213,7.0126166,-0.33159694
7051,1437154631148,-6.7265096,7.041347,-0.34356794
7052,1437154631168,-6.651691,7.0593038,-0.31423897
7053,1437154631187,-6.6241574,7.0808516,-0.2669535
7054,1437154631207,-6.64391,7.1233487,-0.22026655
7055,1437154631232,-6.63134,7.1353197,-0.18016368
7056,1437154631249,-6.5547256,7.1101804,-0.15622166
7057,1437154631269,-6.4936733,7.0706763,-0.08379706
7058,1437154631289,-6.505645,7.1047935,-0.020350715
7059,1437154631309,-6.577471,7.1939774,-0.0077811554
7060,1437154631329,-6.5259953,7.229292,0.015562311
7061,1437154631349,-6.4044895,7.16824,0.08439561
7062,1437154631369,-6.311714,7.2113357,0.08140286
7063,1437154631389,-6.3099184,7.241263,0.092775315
7064,1437154631408,-6.373365,7.311892,0.10654198
7065,1437154631430,-6.329671,7.3388267,0.075417355
7066,1437154631449,-6.2380924,7.3867106,0.034117375
7067,1437154631469,-6.369175,7.5124063,-0.031124622
7068,1437154631489,-6.361394,7.53156,0.005985504
7069,1437154631510,-6.237494,7.5327573,0.09995792
7070,1437154631526,-6.223727,7.5650787,0.18315643
7071,1437154631546,-6.0166287,7.5225816,0.27234045
7072,1437154631570,-6.1243677,7.593809,0.41718966
7073,1437154631592,-6.2943563,7.6608467,0.4902128
7074,1437154631609,-6.1519012,7.6051817,0.7038953
7075,1437154631629,-6.1955953,7.643489,0.91219085
7076,1437154631649,-6.3392477,7.60997,1.0911574
7077,1437154631669,-6.211756,7.451953,1.2707225
7078,1437154631750,-6.105214,7.3687544,1.5298948
7079,1437154631751,-6.097433,7.309498,1.5682021
7080,1437154631752,-5.9998693,7.2867527,1.6214731
7081,1437154631753,-5.892729,7.3388267,1.6819267
7082,1437154631769,-5.856816,7.413047,1.6214731
7083,1437154631791,-5.747281,7.3992805,1.5837644
7084,1437154631807,-5.756858,7.417835,1.5616181
7085,1437154631834,-5.8921304,7.4974427,1.5023615
7086,1437154631847,-5.9382186,7.533954,1.4371196
7087,1437154631869,-6.0902505,7.669825,1.412579
7088,1437154631887,-6.1345434,7.699154,1.340753
7089,1437154631907,-5.961562,7.587225,1.3802572
7090,1437154631927,-5.99149,7.5255747,1.2761095
7091,1437154631950,-5.852626,7.451354,1.2521675
7092,1437154631970,-5.927445,7.330447,1.2258313
7093,1437154631989,-5.957971,7.215525,1.1563994
7094,1437154632007,-6.1064115,7.253234,1.1510124
7095,1437154632028,-6.3123126,7.429208,1.0127473
7096,1437154632049,-6.4463882,7.5650787,0.8631097
7097,1437154632073,-6.3302693,7.5686703,0.75956047
7098,1437154632099,-6.1620765,7.4441714,0.74998367
7099,1437154632107,-6.071097,7.4465656,0.7368156
7100,1437154632134,-6.2380924,7.4968443,0.6841431
7101,1437154632147,-6.26383,7.491457,0.7038953
7102,1437154632167,-6.271013,7.3909006,0.6847417
7103,1437154632187,-6.303933,7.3059063,0.6907272
7104,1437154632207,-6.451775,7.2388687,0.6757634
7105,1437154632227,-6.6103907,7.1844006,0.7320272
7106,1437154632247,-6.5487404,6.935404,0.919972
7107,1437154632267,-6.5008564,6.827665,1.1109096
7108,1437154632288,-6.603208,6.923433,0.96306765
7109,1437154632307,-6.6624646,7.0581064,0.8194155
7110,1437154632327,-6.6403184,7.1604586,0.64703304
7111,1437154632347,-6.6247563,7.241263,0.4938041
7112,1437154632368,-6.569091,7.249643,0.3854665
7113,1437154632391,-6.5361705,7.2286935,0.24301147
7114,1437154632430,-6.51582,7.1909847,0.17178397
7115,1437154632431,-6.543952,7.1742253,0.11432313
7116,1437154632451,-6.6666546,7.1634517,0.0688333
7117,1437154632469,-6.7534447,7.076063,0.049679685
7118,1437154632488,-6.8282633,7.025785,0.038307227
7119,1437154632510,-7.0766616,6.991069,0.029927522
7120,1437154632527,-7.065888,6.8599863,0.011971008
7121,1437154632550,-7.019799,6.7283053,0.18495208
7122,1437154632568,-7.0221934,6.6774287,0.23822308
7123,1437154632586,-7.0102224,6.7241154,0.25438392
7124,1437154632608,-6.962937,6.715137,0.25258827
7125,1437154632627,-6.986879,6.817489,0.21428105
7126,1437154632650,-7.1742253,6.903681,0.22026655
7127,1437154632668,-7.017405,6.8545995,0.19153613
7128,1437154632691,-6.8450227,6.827665,0.18614918
7129,1437154632711,-6.827665,6.877943,0.1388637
7130,1437154632730,-6.8127007,6.9479733,0.18315643
7131,1437154632747,-6.7402763,7.053917,0.1340753
7132,1437154632769,-6.5505357,7.047931,0.091578215
7133,1437154632791,-6.364985,7.073669,0.11312603
7134,1437154632811,-6.3865333,7.021595,0.046686932
7135,1437154632831,-6.4350157,7.1233487,-0.017956512
7136,1437154632848,-6.407482,7.165846,-0.14963761
7137,1437154632868,-6.4960675,7.267599,-0.24241292
7138,1437154632889,-6.6630635,7.3124905,-0.35194764
7139,1437154632911,-6.4326215,7.307702,-0.34476504
7140,1437154632931,-6.588843,7.3460093,-0.338181
7141,1437154632951,-6.8324533,7.3873096,-0.39504328
7142,1437154632971,-6.791752,7.3220673,-0.35254622
7143,1437154632991,-6.727707,7.2203135,-0.30107087
7144,1437154633011,-6.6085954,7.1089835,-0.25977087
7145,1437154633032,-6.6103907,7.2550297,-0.29568392
7146,1437154633049,-6.4086795,7.3669586,-0.39384618
7147,1437154633067,-6.201581,7.443573,-0.40821138
7148,1437154633089,-6.1985884,7.565677,-0.45549688
7149,1437154633109,-6.0238113,7.5950065,-0.55365914
7150,1437154633177,-5.815516,7.6410947,-0.52612585
7151,1437154633178,-5.79337,7.6560583,-0.6793547
7152,1437154633179,-6.0806737,7.602189,-0.55126494
7153,1437154633188,-6.0687027,7.5842323,-0.54527944
7154,1437154633216,-6.2823853,7.6165543,-0.55964464
7155,1437154633231,-6.343437,7.5094137,-0.55725044
7156,1437154633248,-6.2805896,7.3298483,-0.4237737
7157,1437154633269,-6.408081,7.369353,-0.35194764
7158,1437154633288,-6.3601966,7.2490444,-0.45250413
7159,1437154633311,-6.308123,7.2203135,-0.42078096
7160,1437154633329,-6.5403605,7.235876,-0.46088383
7161,1437154633349,-6.667253,7.338228,-0.53211135
7162,1437154633368,-6.5786676,7.3926964,-0.53450555
7163,1437154633391,-6.6079965,7.5016327,-0.6254852
7164,1437154633411,-6.351817,7.547721,-0.7140707
7165,1437154633431,-6.2141504,7.4585366,-0.7026982
7166,1437154633451,-6.4002995,7.548918,-0.705691
7167,1437154633488,-6.413468,7.5830355,-0.7565677
7168,1437154633489,-6.403891,7.471705,-0.57640404
7169,1437154633519,-6.5110316,7.3460093,-0.4770447
7170,1437154633533,-6.208165,7.243657,-0.4950012
7171,1437154633548,-6.588843,7.3448124,-0.28072014
7172,1437154633574,-6.8749504,7.3789296,-0.26874915
7173,1437154633589,-6.42903,7.2364745,-0.15322891
7174,1437154633609,-6.3727665,7.1185603,-0.026934769
7175,1437154633629,-6.2446766,7.0820484,-0.035913024
7176,1437154633649,-6.2632318,7.109582,0.019153614
7177,1437154633670,-6.579266,7.237672,0.04070143
7178,1437154633692,-6.6564794,7.2406645,0.074220255
7179,1437154633710,-6.5547256,7.247847,0.16340427
7180,1437154633732,-6.4368114,7.2514386,0.1328782
7181,1437154633749,-6.277597,7.2741833,0.1933318
7182,1437154633830,-6.344036,7.3609734,0.15023616
7183,1437154633831,-6.3350577,7.4136457,0.055066638
7184,1437154633832,-6.3230867,7.429208,0.08379706
7185,1437154633833,-6.253655,7.439383,0.01616086
7186,1437154633848,-6.084265,7.483676,-0.15981296
7187,1437154633870,-6.125565,7.6722193,-0.20171149
7188,1437154633888,-6.142923,7.826047,-0.1316811
7189,1437154633908,-5.893926,7.946954,-0.10474633
7190,1437154633938,-5.6401405,7.9313917,-0.048482586
7191,1437154633951,-5.5988407,7.8422074,0.10414778
7192,1437154633969,-5.6497173,7.6213427,0.2088941
7193,1437154633989,-5.73531,7.428011,0.20949265
7194,1437154634009,-6.0363812,7.32506,0.2741361
7195,1437154634029,-6.241684,7.270592,0.1933318
7196,1437154634057,-6.2913637,7.3938932,-0.023343466
7197,1437154634070,-6.3542113,7.445967,-0.23942018
7198,1437154634089,-6.275801,7.4603324,-0.4417302
7199,1437154634108,-6.3230867,7.5584946,-0.65780693
7200,1437154634127,-6.5828576,7.7093296,-0.801459
7201,1437154634147,-6.52001,7.695563,-0.9008184
7202,1437154634168,-6.256049,7.6243353,-0.8487445
7203,1437154634187,-6.277597,7.581838,-0.82240826
7204,1437154634207,-6.041768,7.5824366,-0.78888947
7205,1437154634228,-6.10282,7.6410947,-0.6901286
7206,1437154634248,-6.229713,7.6165543,-0.7266402
7207,1437154634268,-6.081871,7.491457,-0.6721721
7208,1437154634288,-6.294955,7.377134,-0.6003461
7209,1437154634308,-6.2608376,7.185598,-0.6955156
7210,1437154634328,-6.341043,7.0245876,-0.65541273
7211,1437154634348,-6.769605,7.074866,-0.6560113
7212,1437154634371,-7.086837,7.2580223,-0.6853402
7213,1437154634388,-7.019201,7.1233487,-0.57041854
7214,1437154634408,-6.603807,6.993463,-0.4770447
7215,1437154634428,-6.603208,7.043143,-0.44771573
7216,1437154634448,-6.8025255,7.1844006,-0.45609543
7217,1437154634468,-6.575675,7.0886326,-0.4758476
7218,1437154634488,-6.5367694,7.064092,-0.37349546
7219,1437154634508,-6.700772,7.033566,-0.33638534
7220,1437154634528,-6.6002154,7.0587053,-0.3298013
7221,1437154634548,-6.779781,7.20535,-0.2896984
7222,1437154634568,-6.881534,7.4106526,-0.338181
7223,1437154634588,-6.6600704,7.513005,-0.34715924
7224,1437154634608,-6.256049,7.428011,-0.41479546
7225,1437154634629,-5.955577,7.3897038,-0.40821138
7226,1437154634648,-6.26802,7.4046674,-0.2777274
7227,1437154634668,-6.3548098,7.49445,-0.33518824
7228,1437154634688,-6.413468,7.4232225,-0.19871874
7229,1437154634708,-6.3979053,7.3430166,-0.107739076
7230,1437154634728,-6.4667387,7.1490865,0.019752163
7231,1437154634748,-6.605004,7.103596,0.26276365
7232,1437154634768,-6.5098343,7.080253,0.22565351
7233,1437154634788,-6.331466,7.311892,0.22325931
7234,1437154634808,-6.5379663,7.523779,0.12928689
7235,1437154634831,-5.9424086,7.590218,-0.22325931
7236,1437154634850,-6.0040593,7.69257,-0.14844051
7237,1437154634872,-6.3787518,7.7745714,-0.08798691
7238,1437154634893,-6.435614,7.807492,-0.050278235
7239,1437154634909,-5.9705405,7.5327573,0.1448492
7240,1437154634933,-5.716755,7.577648,0.16879122
7241,1437154634949,-5.9639564,7.5243773,0.11731588
7242,1437154634968,-6.0262055,7.5908165,0.2645593
7243,1437154634989,-6.0160303,7.5746555,0.20171149
7244,1437154635013,-6.027403,7.8068933,0.10474633
7245,1437154635033,-5.868787,7.6973586,0.034117375
7246,1437154635053,-5.686229,7.5387425,0.08738836
7247,1437154635072,-6.007052,7.57286,0.15562311
7248,1437154635089,-6.30513,7.567473,0.09935937
7249,1437154635110,-6.3643866,7.40766,0.08319851
7250,1437154635130,-6.3667808,7.369353,0.14724341
7251,1437154635151,-6.483498,7.445967,0.12868834
7252,1437154635170,-6.3566055,7.383718,0.1328782
7253,1437154635240,-6.002862,7.2646065,0.17357962
7254,1437154635241,-5.9064956,7.2634096,0.19572599
7255,1437154635242,-6.025607,7.304111,0.17058687
7256,1437154635250,-5.9244523,7.421427,0.11432313
7257,1437154635271,-6.327875,7.617751,-0.007182605
7258,1437154635290,-6.535572,7.934983,-0.16819267
7259,1437154635318,-6.000468,7.7230964,-0.14604631
7260,1437154635330,-6.227917,7.5884223,0.12988544
7261,1437154635352,-6.3667808,7.6243353,0.11133038
7262,1437154635373,-6.4386067,7.6482773,0.29209262
7263,1437154635391,-6.3338604,7.3873096,0.48362875
7264,1437154635413,-6.4421983,7.526173,0.57999533
7265,1437154635447,-5.8520274,7.2448545,0.29807812
7266,1437154635450,-5.2917843,6.8587894,0.40940848
7267,1437154635470,-6.543952,7.349601,0.41838676
7268,1437154635490,-6.6923923,7.2843585,-0.22804771
7269,1437154635510,-6.397307,7.302315,0.21308395
7270,1437154635530,-6.600814,7.153276,-0.026934769
7271,1437154635550,-6.4152637,7.2268977,-0.27832595
7272,1437154635572,-6.7163343,7.3106947,-0.14784196
7273,1437154635590,-6.803124,7.421427,-0.35194764
7274,1437154635616,-6.7001734,7.3711486,-0.35314476
7275,1437154635630,-6.5547256,7.349601,-0.30346507
7276,1437154635652,-6.6367273,7.304111,-0.35434186
7277,1437154635670,-6.5128274,7.1191587,-0.26396075
7278,1437154635690,-6.5547256,7.24665,-0.1604115
7279,1437154635721,-6.6971807,7.2687964,-0.29568392
7280,1437154635731,-6.5164185,7.1101804,-0.074220255
7281,1437154635750,-6.4152637,7.2322845,-0.046686932
7282,1437154635770,-6.4547677,7.268198,-0.2088941
7283,1437154635923,-6.471527,7.343615,-0.14185645
7284,1437154635924,-6.4697313,7.371747,-0.22864626
7285,1437154635925,-6.4380083,7.3669586,-0.23463176
7286,1437154635926,-6.4026937,7.387908,-0.1933318
7287,1437154635927,-6.421249,7.413047,-0.17417817
7288,1437154635928,-6.4481835,7.4615297,-0.10354923
7289,1437154635929,-6.5002575,7.469909,-0.06703765
7290,1437154635944,-6.397307,7.385514,0.022146367
7291,1437154635960,-6.283582,7.3208704,0.093373865
7292,1437154635970,-6.2219315,7.4136457,0.13227965
7293,1437154635991,-6.4421983,7.467515,0.14185645
7294,1437154636015,-6.4188547,7.498041,0.2801216
7295,1437154636031,-6.4146647,7.44896,0.33877954
7296,1437154636062,-6.3697734,7.4268136,0.5069722
7297,1437154636074,-6.3165026,7.383718,0.6560113
7298,1437154636090,-6.2404866,7.398083,0.6512229
7299,1437154636110,-5.964555,7.3364325,0.63206923
7300,1437154636130,-5.8412538,7.3208704,0.6691794
7301,1437154636151,-6.047155,7.340024,0.57999533
7302,1437154636170,-6.0321913,7.3609734,0.48123455
7303,1437154636193,-6.261436,7.415441,0.39504328
7304,1437154636213,-6.453571,7.4615297,0.31603462
7305,1437154636234,-6.3769565,7.361572,0.33638534
7306,1437154636254,-6.405088,7.3418193,0.38606504
7307,1437154636274,-6.3907228,7.4322004,0.3842694
7308,1437154636292,-6.4164605,7.5321584,0.4381389
7309,1437154636315,-6.1967926,7.519589,0.4189853
7310,1437154636331,-6.049549,7.5070195,0.45729253
7311,1437154636355,-5.943007,7.4429746,0.39683893
7312,1437154636375,-5.9483943,7.506421,0.36272156
7313,1437154636392,-6.1123967,7.565677,0.2693477
7314,1437154636412,-6.103419,7.5746555,0.19812019
7315,1437154636435,-6.133945,7.5525093,0.20171149
7316,1437154636454,-6.127361,7.5345526,0.21188685
7317,1437154636474,-6.217143,7.5327573,0.2220622
7318,1437154636492,-6.2662244,7.4693108,0.28431144
7319,1437154636513,-6.321291,7.4088573,0.3573346
7320,1437154636535,-6.3488245,7.433996,0.40462008
7321,1437154636551,-6.3153057,7.4465656,0.4141969
7322,1437154636573,-6.2087636,7.499837,0.39863458
7323,1437154636603,-6.217742,7.5225816,0.33638534
7324,1437154636612,-6.1106014,7.501034,0.2789245
7325,1437154636664,-6.1662664,7.5309615,0.27952304
7326,1437154636665,-6.114791,7.4812818,0.29448682
7327,1437154636676,-6.1860185,7.5243773,0.28072014
7328,1437154636691,-6.239888,7.5285673,0.2813187
7329,1437154636721,-6.326678,7.4950485,0.29328972
7330,1437154636732,-6.2464724,7.435792,0.31004912
7331,1437154636752,-6.180033,7.387908,0.31783026
7332,1437154636788,-6.257246,7.4483614,0.3250129
7333,1437154636792,-6.127361,7.4471645,0.33039984
7334,1437154636812,-6.153697,7.455544,0.2813187
7335,1437154636833,-6.1985884,7.49445,0.22685061
7336,1437154636854,-6.1782374,7.4363904,0.2220622
7337,1437154636873,-6.217143,7.443573,0.19093758
7338,1437154636892,-6.4625487,7.431602,0.20171149
7339,1437154636912,-6.5259953,7.406463,0.20590134
7340,1437154636934,-6.5379663,7.401076,0.24361002
7341,1437154636955,-6.43741,7.342418,0.24301147
7342,1437154636975,-6.3829417,7.32506,0.30945057
7343,1437154636994,-6.3847375,7.3059063,0.31364042
7344,1437154637013,-6.3781533,7.28795,0.32441434
7345,1437154637035,-6.421249,7.270592,0.34476504
7346,1437154637053,-6.4362125,7.2622123,0.31244332
7347,1437154637072,-6.4589577,7.281366,0.29388827
7348,1437154637095,-6.4900823,7.2747817,0.2861071
7349,1437154637114,-6.373365,7.2550297,0.24241292
7350,1437154637133,-6.535572,7.3148847,0.19692309
7351,1437154637152,-6.533178,7.2819643,0.16220717
7352,1437154637178,-6.559514,7.2610154,0.19752164
7353,1437154637193,-6.554127,7.221511,0.22565351
7354,1437154637213,-6.5523314,7.2628107,0.25677812
7355,1437154637235,-6.5391636,7.2843585,0.23403321
7356,1437154637252,-6.4667387,7.3100963,0.19393034
7357,1437154637273,-6.3224883,7.3112936,0.12629414
7358,1437154637292,-6.3123126,7.355586,0.12030864
7359,1437154637313,-6.3667808,7.3885064,0.10594343
7360,1437154637333,-6.30513,7.3466077,0.16639702
7361,1437154637387,-6.2728086,7.3286514,0.19752164
7362,1437154637388,-6.4421983,7.3729444,0.19871874
7363,1437154637392,-6.421249,7.361572,0.21068975
7364,1437154637412,-6.3619924,7.3322425,0.22266077
7365,1437154637432,-6.405687,7.3406224,0.20709845
7366,1437154637452,-6.3865333,7.32506,0.25737667
7367,1437154637472,-6.3991027,7.3549876,0.23463176
7368,1437154637492,-6.3123126,7.363966,0.22804771
7369,1437154637514,-6.2542534,7.385514,0.19692309
7370,1437154637534,-6.269816,7.4483614,0.17657238
7371,1437154637553,-6.259042,7.4908586,0.14185645
7372,1437154637575,-6.253655,7.48607,0.14604631
7373,1437154637593,-6.250662,7.4926543,0.15083471
7374,1437154637613,-6.2392898,7.469909,0.21428105
7375,1437154637635,-6.2261214,7.5046253,0.23642741
7376,1437154637656,-6.217143,7.4561424,0.2753332
7377,1437154637676,-6.101623,7.439982,0.28431144
7378,1437154637696,-6.2542534,7.5106106,0.25139117
7379,1437154637713,-6.1979895,7.477092,0.23223756
7380,1437154637734,-6.269816,7.4136457,0.23223756
7381,1437154637756,-6.287772,7.380127,0.3298013
7382,1437154637776,-6.31351,7.3992805,0.32202014
7383,1437154637795,-6.342839,7.443573,0.32561144
7384,1437154637814,-6.296152,7.429806,0.29747957
7385,1437154637834,-6.166865,7.442376,0.2633622
7386,1437154637856,-6.145916,7.467515,0.23343466
7387,1437154637876,-6.2195373,7.4872675,0.22445641
7388,1437154637896,-6.1836243,7.457938,0.19752164
7389,1437154637913,-6.1686606,7.483676,0.23523031
7390,1437154637933,-6.3105173,7.521983,0.1448492
7391,1437154637956,-6.306926,7.503428,0.16998832
7392,1437154637976,-6.2644286,7.4603324,0.17118542
7393,1437154637996,-6.285378,7.433996,0.15143326
7394,1437154638015,-6.3224883,7.417237,0.18435353
7395,1437154638033,-6.319495,7.417237,0.16220717
7396,1437154638054,-6.2847795,7.3968863,0.14425065
7397,1437154638074,-6.3218894,7.3938932,0.15682021
7398,1437154638140,-6.3380504,7.379528,0.16400282
7399,1437154638141,-6.3589997,7.3669586,0.16879122
7400,1437154638142,-6.3823433,7.3765354,0.17477672
7401,1437154638162,-6.353014,7.356185,0.17238252
7402,1437154638173,-6.3218894,7.36217,0.19033903
7403,1437154638196,-6.3631897,7.398083,0.1921347
7404,1437154638213,-6.2847795,7.3873096,0.20111294
7405,1437154638233,-6.2512608,7.3849154,0.18734628
7406,1437154638253,-6.306926,7.415441,0.15682021
7407,1437154638275,-6.3667808,7.460931,0.12449849
7408,1437154638296,-6.3661823,7.447763,0.14425065
7409,1437154638318,-6.241684,7.4148426,0.19812019
7410,1437154638335,-6.1770406,7.401076,0.19931729
7411,1437154638353,-6.213552,7.469909,0.17178397
7412,1437154638376,-6.1662664,7.5028296,0.13108255
7413,1437154638396,-6.1303535,7.5028296,0.12509704
7414,1437154638416,-6.2087636,7.527969,0.09696517
7415,1437154638433,-6.2422824,7.5734587,0.12330139
7416,1437154638454,-6.1686606,7.5267715,0.094570965
7417,1437154638476,-6.1477113,7.5848308,0.090979666
7418,1437154638496,-6.165668,7.5650787,0.045489833
7419,1437154638516,-6.1644707,7.514202,0.08140286
7420,1437154638534,-6.1740475,7.503428,0.08439561
7421,1437154638555,-6.30513,7.5231805,0.10055647
7422,1437154638574,-6.3033347,7.4854717,0.13227965
7423,1437154638593,-6.2063694,7.417237,0.15981296
7424,1437154638613,-6.2105594,7.4016747,0.17477672
7425,1437154638634,-6.190807,7.419631,0.12569559
7426,1437154638654,-6.2542534,7.451953,0.11492168
7427,1437154638680,-6.284181,7.4585366,0.093972415
7428,1437154638694,-6.3021374,7.507618,0.107140526
7429,1437154638717,-6.30513,7.504027,0.05566519
7430,1437154638733,-6.225523,7.530363,0.076614454
7431,1437154638754,-6.282984,7.583634,0.053869538
7432,1437154638774,-6.167464,7.5812397,0.024540568
7433,1437154638795,-6.161478,7.599795,0.05267244
7434,1437154638818,-6.2129536,7.6267295,-0.01616086
7435,1437154638978,-6.209362,7.5549035,0.044292733
7436,1437154638979,-6.147113,7.4723034,0.12569559
7437,1437154638980,-6.10282,7.40766,0.15502456
7438,1437154638981,-6.1465144,7.393295,0.16819267
7439,1437154638982,-6.1979895,7.443573,0.12808979
7440,1437154638983,-6.127361,7.457938,0.10474633
7441,1437154638984,-6.1195793,7.4848733,0.075417355
7442,1437154638985,-6.078878,7.5824366,0.01316811
7443,1437154638996,-6.079477,7.6321163,-0.05746084
7444,1437154639021,-5.9244523,7.657854,-0.06823475
7445,1437154639033,-5.9843073,7.727885,-0.1376666
7446,1437154639054,-5.955577,7.803302,-0.18195933
7447,1437154639078,-5.9962783,7.835025,-0.14185645
7448,1437154639094,-5.949591,7.8703394,-0.17836803
7449,1437154639116,-5.787384,7.831434,-0.23642741
7450,1437154639134,-5.816713,7.854179,-0.20171149
7451,1437154639157,-5.816713,7.878121,-0.2789245
7452,1437154639177,-5.85921,7.8769236,-0.2208651
7453,1437154639196,-5.916671,7.8170686,-0.20051439
7454,1437154639218,-5.957372,7.763199,-0.12689269
7455,1437154639236,-5.990891,7.707534,-0.076015905
7456,1437154639257,-5.9825115,7.668628,-0.035314474
7457,1437154639279,-6.0268044,7.6291237,-0.005985504
7458,1437154639296,-5.9717374,7.5788455,0.039504327
7459,1437154639317,-6.0531406,7.5824366,0.06464344
7460,1437154639338,-6.045958,7.6105685,0.022744916
7461,1437154639355,-6.0956373,7.6081743,0.036511578
7462,1437154639376,-6.089652,7.5806413,0.022744916
7463,1437154639395,-6.1219735,7.5650787,0.01316811
7464,1437154639414,-6.205172,7.61835,0.073621705
7465,1437154639435,-6.1357403,7.5866265,0.08619126
7466,1437154639454,-6.084265,7.5722613,0.110133275
7467,1437154639476,-6.0824695,7.6069775,0.12928689
7468,1437154639496,-6.129755,7.623737,0.093972415
7469,1437154639516,-6.0489507,7.643489,0.10295067
7470,1437154639536,-5.9920883,7.603985,0.1340753
7471,1437154639555,-6.027403,7.608773,0.14784196
7472,1437154639576,-6.042965,7.597999,0.18315643
7473,1437154639594,-6.1064115,7.60578,0.18255788
7474,1437154639616,-6.118981,7.5806413,0.18555063
7475,1437154639637,-6.1279593,7.5985975,0.24181437
7476,1437154639716,-6.0782795,7.6213427,0.19871874
7477,1437154639717,-6.063316,7.6249337,0.23882163
7478,1437154639718,-6.007052,7.6231384,0.19572599
7479,1437154639719,-5.9567738,7.603985,0.24001873
7480,1437154639737,-5.9603653,7.6105685,0.219668
7481,1437154639759,-6.025607,7.6129627,0.18734628
7482,1437154639774,-6.0968347,7.6285253,0.19812019
7483,1437154639794,-6.0800753,7.5884223,0.18974048
7484,1437154639822,-6.089652,7.5926123,0.22026655
7485,1437154639835,-6.05733,7.583634,0.17537527
7486,1437154639859,-6.108207,7.575853,0.19752164
7487,1437154639879,-6.183026,7.619547,0.2088941
7488,1437154639896,-6.136339,7.5644803,0.22505496
7489,1437154639918,-6.045359,7.5213847,0.22565351
7490,1437154639938,-6.1022215,7.505822,0.2148796
7491,1437154639957,-6.14831,7.5255747,0.22026655
7492,1437154639978,-6.213552,7.4896617,0.24241292
7493,1437154639995,-6.157288,7.49445,0.28670564
7494,1437154640017,-6.180033,7.5285673,0.29029694
7495,1437154640038,-6.130952,7.595605,0.2896984
7496,1437154640058,-6.0507464,7.5710645,0.26755205
7497,1437154640077,-5.955577,7.639299,0.24540567
7498,1437154640099,-6.031593,7.669825,0.22864626
7499,1437154640115,-5.9400144,7.6770077,0.23642741
7500,1437154640137,-5.827487,7.5363483,0.25019407
7501,1437154640158,-6.023213,7.665635,0.24361002
7502,1437154640177,-6.1770406,7.662044,0.16220717
7503,1437154640199,-6.157288,7.597999,0.29807812
7504,1437154640217,-6.1848216,7.538144,0.25378537
7505,1437154640238,-6.163274,7.5070195,0.272939
7506,1437154640259,-6.1848216,7.504027,0.21787235
7507,1437154640278,-6.1596823,7.5243773,0.18854338
7508,1437154640299,-6.18961,7.541735,0.16220717
7509,1437154640318,-6.18123,7.5148005,0.13826515
7510,1437154640339,-6.1746464,7.5201874,0.15203181
7511,1437154640358,-6.203975,7.5046253,0.15861586
7512,1437154640378,-6.1123967,7.4896617,0.130484
7513,1437154640450,-6.118981,7.5201874,0.11971009
7514,1437154640451,-6.015432,7.5070195,0.08439561
7515,1437154640456,-6.0525417,7.5962033,0.061052144
7516,1437154640457,-6.1465144,7.6668324,0.05207389
7517,1437154640480,-6.0250087,7.5950065,0.037708677
7518,1437154640503,-6.083068,7.6291237,0.06284779
7519,1437154640575,-6.108207,7.603985,0.037708677
7520,1437154640576,-6.0764837,7.6321163,0.033518825
7521,1437154640577,-6.027403,7.667431,0.039504327
7522,1437154640578,-5.852626,7.728483,0.02932897
7523,1437154640598,-5.786187,7.8308353,-0.0017956513
7524,1437154640616,-5.4863133,7.9541364,-0.08798691
7525,1437154640641,-5.104438,8.18398,-0.14903906
7526,1437154640659,-5.33069,8.288128,-0.11552023
7527,1437154640678,-5.6221843,8.239645,0.013766659
7528,1437154640699,-5.683835,8.078635,0.142455
7529,1437154640718,-5.6658783,7.8930845,0.22445641
7530,1437154640739,-5.791574,7.827842,0.22744916
7531,1437154640759,-5.819107,7.6985555,0.2717419
7532,1437154640778,-5.9244523,7.691373,0.320823
7533,1437154640799,-5.961562,7.691373,0.24181437
7534,1437154640819,-5.889736,7.700351,0.24779987
7535,1437154640836,-5.808932,7.739257,0.17238252
7536,1437154640873,-5.705383,7.803302,0.077811554
7537,1437154640889,-5.671864,7.8625584,0.018555064
7538,1437154640895,-5.7389016,7.901464,-0.048482586
7539,1437154640915,-5.8622026,7.8733325,0.020949265
7540,1437154640935,-5.903503,7.8158712,0.07062895
7541,1437154640956,-5.9142766,7.756615,0.1412579
7542,1437154640982,-5.8885393,7.6961613,0.22744916
7543,1437154640999,-5.8598084,7.6746135,0.22505496
7544,1437154641016,-5.8639984,7.680599,0.22385786
7545,1437154641036,-5.940613,7.7308774,0.19572599
7546,1437154641055,-5.9280434,7.7320743,0.18794483
7547,1437154641080,-5.928642,7.7626004,0.1604115
7548,1437154641101,-5.9609637,7.773973,0.13347675
7549,1437154641182,-5.8987145,7.7727757,0.11911154
7550,1437154641183,-5.9370217,7.7207017,0.23403321
7551,1437154641184,-5.9142766,7.726089,0.24480712
7552,1437154641185,-5.9489927,7.7093296,0.2717419
7553,1437154641196,-5.9023056,7.693767,0.31004912
7554,1437154641224,-5.8400564,7.6524673,0.30226797
7555,1437154641239,-5.8346696,7.690176,0.2861071
7556,1437154641256,-5.877765,7.7129207,0.23942018
7557,1437154641277,-5.8945246,7.748235,0.24959552
7558,1437154641297,-5.781399,7.740454,0.22266077
7559,1437154641320,-5.884948,7.7733746,0.19692309
7560,1437154641337,-5.8705826,7.795521,0.16579847
7561,1437154641359,-5.8813562,7.8050976,0.17058687
7562,1437154641376,-5.8586116,7.81228,0.14963761
7563,1437154641399,-5.805341,7.784148,0.19572599
7564,1437154641419,-5.801151,7.791331,0.18674773
7565,1437154641439,-5.868787,7.776367,0.22565351
7566,1437154641459,-5.9477954,7.740454,0.25079262
7567,1437154641477,-5.931635,7.739856,0.2765303
7568,1437154641500,-5.921459,7.735666,0.2645593
7569,1437154641517,-5.8651958,7.743447,0.2657564
7570,1437154641538,-5.8741736,7.7464395,0.27712885
7571,1437154641558,-5.8292828,7.7548194,0.2741361
7572,1437154641583,-5.843648,7.787141,0.29269117
7573,1437154641598,-5.81791,7.789535,0.2681506
7574,1437154641618,-5.7879825,7.781754,0.25677812
7575,1437154641636,-5.7466826,7.7171106,0.27234045
7576,1437154641658,-5.691616,7.7410526,0.2765303
7577,1437154641681,-5.856816,7.836222,0.18315643
7578,1437154641701,-5.873575,7.8930845,0.14664486
7579,1437154641722,-5.891532,7.889493,0.065242
7580,1437154641738,-5.7903767,7.911041,0.065242
7581,1437154641757,-5.7041855,7.878121,0.014963761
7582,1437154641778,-5.7496753,7.9128366,0.09756372
7583,1437154641797,-5.7323174,7.941567,0.07182605
7584,1437154641818,-5.527613,7.764396,0.2148796
7585,1437154641840,-5.6377463,7.984064,0.08439561
7586,1437154641918,-5.525219,7.949947,0.12689269
7587,1437154641919,-5.505467,7.923012,0.19931729
7588,1437154641920,-5.595249,8.002021,0.090979666
7589,1437154641921,-5.589264,8.024167,0.12689269
7590,1437154641938,-5.427655,8.188768,0.02633622
7591,1437154641963,-5.379173,8.245032,-0.095768064
7592,1437154641979,-5.473145,8.209119,-0.036511578
7593,1437154641999,-5.4911017,8.164826,-0.032920275
7594,1437154642019,-5.309741,8.028357,0.04189853
7595,1437154642037,-5.511452,8.022371,0.05746084
7596,1437154642059,-5.703587,7.943961,0.108936176
7597,1437154642079,-5.7808,7.849989,0.18794483
7598,1437154642101,-5.861604,7.780557,0.20410569
7599,1437154642117,-5.6563015,7.7087307,0.2633622
7600,1437154642140,-5.73531,7.687183,0.26755205
7601,1437154642160,-5.779603,7.6249337,0.24121583
7602,1437154642180,-5.719748,7.5884223,0.33039984
7603,1437154642200,-5.8358665,7.6213427,0.36032736
7604,1437154642220,-6.1608796,7.713519,0.35434186
7605,1437154642236,-5.8203044,7.6680293,0.3752911
7606,1437154642259,-6.187216,7.9194207,0.24121583
7607,1437154642280,-5.8717794,7.750031,0.17357962
7608,1437154642326,-5.889736,7.7829514,0.34476504
7609,1437154642327,-6.0848637,7.8086886,0.1604115
7610,1437154642369,-5.889736,7.872135,0.11791443
7611,1437154642370,-5.995081,7.8745294,0.15861586
7612,1437154642377,-5.8484364,7.8847046,0.108337626
7613,1437154642397,-5.5168395,7.5692687,0.2136825
7614,1437154642417,-6.0782795,7.802105,0.17657238
7615,1437154642437,-5.9358244,7.8302364,0.06464344
7616,1437154642457,-5.7999535,7.687782,0.1921347
7617,1437154642477,-5.777209,7.8709383,0.12868834
7618,1437154642497,-5.9771247,7.9313917,0.05327099
7619,1437154642517,-5.720945,7.9541364,0.12569559
7620,1437154642537,-5.579687,7.824251,0.06404489
7621,1437154642557,-5.675455,7.8691425,0.10175357
7622,1437154642577,-5.723339,7.8493905,0.08619126
7623,1437154642618,-5.7646394,7.77936,0.10534488
7624,1437154642619,-5.8005524,7.7129207,0.24480712
7625,1437154642638,-6.11539,7.677606,0.24241292
7626,1437154642658,-5.7760115,7.603985,0.31304187
7627,1437154642677,-6.0465565,7.6231384,0.3405752
7628,1437154642696,-6.132149,7.8224554,0.22026655
7629,1437154642716,-5.8161144,7.7027454,0.22864626
7630,1437154642736,-5.947197,7.8116817,0.22325931
7631,1437154642756,-5.866991,7.8422074,0.107140526
7632,1437154642778,-5.878962,7.772177,0.2100912
7633,1437154642800,-5.8634,7.784148,0.18555063
7634,1437154642820,-5.895123,7.707534,0.19931729
7635,1437154642836,-5.899313,7.728483,0.24001873
7636,1437154642857,-5.9412117,7.744644,0.20949265
7637,1437154642880,-5.9047,7.8667483,0.22445641
7638,1437154642900,-5.9011087,7.78355,0.23523031
7639,1437154642920,-5.7706246,7.735666,0.338181
7640,1437154642940,-5.8029466,7.843405,0.33758244
7641,1437154642958,-5.671265,7.85358,0.29867667
7642,1437154642976,-5.6700683,7.793725,0.3453636
7643,1437154642999,-5.6658783,7.8050976,0.3453636
7644,1437154643018,-5.8262897,7.793725,0.3184288
7645,1437154643041,-5.8424506,7.801506,0.3800795
7646,1437154643061,-5.798158,7.766192,0.3441665
7647,1437154643080,-5.7999535,7.7733746,0.374094
7648,1437154643098,-5.7724204,7.751228,0.32561144
7649,1437154643118,-5.834071,7.7452426,0.3788824
7650,1437154643138,-5.8562174,7.7769656,0.3226187
7651,1437154643164,-5.85921,7.736264,0.34476504
7652,1437154643179,-5.9047,7.741651,0.33159694
7653,1437154643199,-5.8933277,7.7470384,0.29867667
7654,1437154643220,-5.919065,7.7829514,0.29388827
7655,1437154643239,-5.8149176,7.7865424,0.25258827
7656,1437154643320,-5.847239,7.7733746,0.27114335
7657,1437154643321,-5.8107276,7.7590094,0.22984336
7658,1437154643322,-5.8322754,7.781754,0.1921347
7659,1437154643323,-5.907094,7.801506,0.24001873
7660,1437154643341,-5.949591,7.7757688,0.22505496
7661,1437154643362,-6.023213,7.757812,0.29448682
7662,1437154643379,-5.947197,7.667431,0.3184288
7663,1437154643399,-5.9717374,7.683592,0.34835634
7664,1437154643420,-5.8885393,7.65546,0.3788824
7665,1437154643439,-5.8280854,7.6506715,0.4321534
7666,1437154643459,-5.9603653,7.668628,0.46686932
7667,1437154643479,-5.9873,7.7464395,0.41120413
7668,1437154643501,-5.864597,7.6811976,0.4321534
7669,1437154643520,-5.7760115,7.65965,0.40462008
7670,1437154643538,-5.8693852,7.6919713,0.34356794
7671,1437154643561,-5.9962783,7.732673,0.2717419
7672,1437154643580,-5.9759274,7.705738,0.20709845
7673,1437154643601,-5.9322333,7.6770077,0.18914193
7674,1437154643621,-5.9448028,7.700351,0.15442601
7675,1437154643641,-5.94181,7.73806,0.108337626
7676,1437154643661,-5.85921,7.6889787,0.11312603
7677,1437154643679,-5.9681463,7.7189064,0.05267244
7678,1437154643699,-6.025607,7.7829514,0.019752163
7679,1437154643719,-5.9364233,7.7590094,0.012569559
7680,1437154643738,-5.8604074,7.772177,-0.036511578
7681,1437154643761,-5.8705826,7.7344685,-0.04070143
7682,1437154643780,-5.935226,7.7171106,-0.0077811554
7683,1437154643932,-6.057929,7.6746135,0.044891283
7684,1437154643933,-6.1465144,7.6333137,0.05865794
7685,1437154643934,-6.0716953,7.545925,0.09816227
7686,1437154643935,-6.1584854,7.5351515,0.1316811
7687,1437154643946,-6.161478,7.551312,0.1328782
7688,1437154643947,-6.142923,7.5465236,0.1448492
7689,1437154643948,-6.1507044,7.5704656,0.12090719
7690,1437154643949,-6.073491,7.543531,0.110133275
7691,1437154643959,-6.0465565,7.5668745,0.10654198
7692,1437154644035,-6.0477533,7.5770497,0.10414778
7693,1437154644048,-6.132149,7.639898,0.12509704
7694,1437154644049,-6.042965,7.586028,0.12090719
7695,1437154644050,-6.067506,7.602189,0.11971009
7696,1437154644060,-6.161478,7.629722,0.065242
7697,1437154644080,-6.1596823,7.6201453,0.050278235
7698,1437154644100,-6.108207,7.563283,0.08319851
7699,1437154644119,-6.127361,7.563882,0.09935937
7700,1437154644139,-6.1129956,7.5854297,0.073621705
7701,1437154644162,-6.1183825,7.5680714,0.050876785
7702,1437154644180,-6.0663085,7.590218,0.002992752
7703,1437154644201,-6.091448,7.591415,-0.009576807
7704,1437154644219,-6.142923,7.6003933,-0.009576807
7705,1437154644238,-6.1860185,7.5770497,0.020350715
7706,1437154644262,-6.1261635,7.545925,0.08619126
7707,1437154644282,-6.166865,7.5566993,0.05746084
7708,1437154644302,-6.1848216,7.5722613,0.05865794
7709,1437154644322,-6.0681043,7.563882,0.061052144
7710,1437154644342,-6.1088057,7.5848308,0.0053869537
7711,1437154644362,-6.1261635,7.6015906,0.074818805
7712,1437154644382,-6.1100025,7.5806413,0.034715924
7713,1437154644402,-6.133346,7.5842323,0.08499416
7714,1437154644422,-6.205771,7.581838,0.077811554
7715,1437154644438,-6.1465144,7.5106106,0.11552023
7716,1437154644462,-6.1159883,7.491457,0.09935937
7717,1437154644482,-6.142923,7.463325,0.10474633
7718,1437154644502,-6.2219315,7.462128,0.12030864
7719,1437154644522,-6.2650275,7.433398,0.12569559
7720,1437154644543,-6.2847795,7.4567413,0.142455
7721,1437154644558,-6.271013,7.483676,0.11911154
7722,1437154644579,-6.2524576,7.514202,0.12030864
7723,1437154644599,-6.179435,7.501034,0.10474633
7724,1437154644619,-6.0585275,7.507618,0.10295067
7725,1437154644640,-6.175245,7.533954,0.09756372
7726,1437154644658,-6.218939,7.562086,0.092775315
7727,1437154644679,-6.261436,7.5525093,0.10654198
7728,1437154644765,-6.191406,7.524976,0.19033903
7729,1437154644766,-6.1848216,7.530363,0.13946225
7730,1437154644767,-6.173449,7.517793,0.15682021
7731,1437154644768,-6.1836243,7.451953,0.17238252
7732,1437154644787,-6.1728506,7.3729444,0.22804771
7733,1437154644799,-6.217742,7.3268557,0.24839842
7734,1437154644824,-6.3099184,7.3687544,0.22266077
7735,1437154644841,-6.278794,7.3124905,0.15861586
7736,1437154644861,-6.341642,7.368156,0.18076223
7737,1437154644881,-6.3230867,7.3938932,0.045489833
7738,1437154644900,-6.3763576,7.4932528,0.06464344
7739,1437154644921,-6.5241995,7.387908,0.092775315
7740,1437154644940,-6.419453,7.207744,0.26635495
7741,1437154644962,-6.455965,7.1832037,0.3196259
7742,1437154644993,-6.338649,7.280169,-0.0023942017
7743,1437154645022,-6.2925606,7.404069,-0.14963761
7744,1437154645023,-6.2219315,7.5225816,-0.35314476
7745,1437154645039,-6.2566476,7.693767,-0.47884035
7746,1437154645060,-6.27221,7.8086886,-0.56203884
7747,1437154645082,-6.193201,7.8637557,-0.62368953
7748,1437154645100,-6.303933,7.771579,-0.56203884
7749,1437154645119,-6.155493,7.501034,-0.20051439
7750,1437154645142,-6.319495,7.4788876,0.08080431
7751,1437154645160,-6.191406,7.3579803,0.08499416
7752,1437154645182,-6.0022635,7.223905,0.31004912
7753,1437154645202,-5.9424086,7.2939353,0.2705448
7754,1437154645221,-6.229713,7.5710645,0.08619126
7755,1437154645241,-6.281188,7.6045833,0.007182605
7756,1437154645263,-6.2626333,7.583634,0.01616086
7757,1437154645282,-6.2285156,7.4842744,0.047884032
7758,1437154645302,-6.125565,7.426215,0.0676362
7759,1437154645324,-6.2512608,7.465719,0.020949265
7760,1437154645343,-6.295553,7.5004354,-0.047884032
7761,1437154645363,-6.192004,7.499837,-0.11372458
7762,1437154645383,-6.071097,7.5333557,-0.15442601
7763,1437154645400,-6.081871,7.5746555,-0.17298107
7764,1437154645420,-6.1010246,7.5650787,-0.13706805
7765,1437154645506,-6.139332,7.5944076,-0.108337626
7766,1437154645507,-6.190807,7.5710645,-0.14604631
7767,1437154645508,-6.229114,7.530363,-0.08619126
7768,1437154645509,-6.277597,7.5327573,-0.08678981
7769,1437154645520,-6.293159,7.523779,-0.051475335
7770,1437154645546,-6.321291,7.4884644,-0.038905777
7771,1437154645569,-6.3446345,7.4447703,-0.023343466
7772,1437154645590,-6.314707,7.4351935,-0.0017956513
7773,1437154645649,-6.235698,7.4208283,-0.04070143
7774,1437154645650,-6.229713,7.4567413,-0.10295067
7775,1437154645651,-6.2865753,7.462128,-0.06344634
7776,1437154645674,-6.321291,7.466318,-0.027533319
7777,1437154645680,-6.30932,7.429806,-0.010175358
7778,1437154645704,-6.293159,7.3992805,0.037708677
7779,1437154645731,-6.271611,7.419631,0.08259996
7780,1437154645740,-6.2620344,7.441777,0.12210429
7781,1437154645760,-6.1447186,7.453748,0.11851298
7782,1437154645780,-6.0501475,7.4746976,0.051475335
7783,1437154645800,-6.109404,7.563882,-0.02633622
7784,1437154645820,-6.2380924,7.629722,-0.10295067
7785,1437154645844,-6.245275,7.6015906,-0.08738836
7786,1437154645860,-6.1836243,7.4806833,0.01316811
7787,1437154645900,-6.205172,7.4387846,0.05207389
7788,1437154645901,-6.2488666,7.462128,0.035314474
7789,1437154645920,-6.2554507,7.475296,-0.022744916
7790,1437154645941,-6.1764417,7.465121,-0.05267244
7791,1437154645961,-6.1620765,7.521983,-0.03232172
7792,1437154645982,-6.220136,7.6003933,-0.092775315
7793,1437154646005,-6.077681,7.6165543,-0.12449849
7794,1437154646022,-6.067506,7.6482773,-0.1592144
7795,1437154646041,-6.0920463,7.65546,-0.15801731
7796,1437154646061,-6.109404,7.589619,-0.075417355
7797,1437154646081,-6.1566896,7.57286,-0.0017956513
7798,1437154646101,-6.155493,7.52737,0.05327099
7799,1437154646122,-6.166865,7.5321584,0.11552023
7800,1437154646141,-6.157887,7.541735,0.092775315
7801,1437154646212,-6.1165867,7.5046253,0.11432313
7802,1437154646216,-6.0645127,7.4842744,0.1352724
7803,1437154646218,-6.136339,7.5201874,0.11611878
7804,1437154646232,-6.1489086,7.5650787,0.09995792
7805,1437154646241,-6.151303,7.590218,0.0724246
7806,1437154646260,-6.1620765,7.608773,0.050278235
7807,1437154646281,-6.137536,7.595605,0.037708677
7808,1437154646300,-6.1123967,7.555502,0.046088383
7809,1437154646320,-6.073491,7.566276,0.11851298
7810,1437154646341,-6.1040173,7.555502,0.093972415
7811,1437154646361,-6.075287,7.5650787,0.095768064
7812,1437154646384,-6.1489086,7.597999,0.08200141
7813,1437154646403,-6.1770406,7.5944076,0.08080431
7814,1437154646422,-6.130952,7.5680714,0.12330139
7815,1437154646444,-6.0716953,7.586028,0.12389994
7816,1437154646460,-6.0022635,7.6105685,0.1328782
7817,1437154646483,-6.037578,7.6171527,0.14963761
7818,1437154646504,-6.0148335,7.633912,0.1376666
7819,1437154646524,-6.003461,7.639898,0.15322891
7820,1437154646544,-6.0040593,7.6608467,0.17118542
7821,1437154646562,-5.9956794,7.697957,0.18016368
7822,1437154646582,-5.917868,7.6590514,0.18614918
7823,1437154646604,-5.9543796,7.689577,0.18016368
7824,1437154646622,-6.007651,7.6800003,0.09696517
7825,1437154646641,-6.003461,7.663241,0.14065935
7826,1437154646662,-5.9561753,7.6943655,0.12868834
7827,1437154646684,-5.988497,7.711724,0.12569559
7828,1437154646704,-6.007651,7.712322,0.12389994
7829,1437154646724,-6.0321913,7.641693,0.14903906
7830,1437154646744,-6.05733,7.60578,0.15143326
7831,1437154646762,-6.0321913,7.5962033,0.18375498
7832,1437154646782,-6.0782795,7.608773,0.18375498
7833,1437154646801,-6.0106435,7.519589,0.20590134
7834,1437154646822,-5.993285,7.439982,0.32202014
7835,1437154646909,-6.017826,7.5088153,0.32202014
7836,1437154646910,-6.0860605,7.5387425,0.23283611
7837,1437154646911,-6.215348,7.5866265,0.3477578
7838,1437154646912,-6.1465144,7.5124063,0.24001873
7839,1437154646922,-6.029797,7.4992385,0.23463176
7840,1437154646942,-6.093842,7.5165963,0.22685061
7841,1437154646961,-6.0627174,7.465121,0.17537527
7842,1437154646981,-6.223727,7.603386,0.13706805
7843,1437154647003,-5.9597664,7.4471645,0.08259996
7844,1437154647021,-5.9747305,7.4567413,0.18136078
7845,1437154647042,-6.3829417,7.6351094,0.08798691
7846,1437154647070,-6.582259,7.8613615,-0.089782566
7847,1437154647082,-6.5804634,7.6919713,-0.142455
7848,1437154647103,-6.151303,7.371747,0.019153614
7849,1437154647125,-6.0687027,7.3968863,-0.12629414
7850,1437154647143,-6.4032927,7.65965,-0.12449849
7851,1437154647165,-6.1141925,7.4908586,0.0047884034
7852,1437154647183,-6.1943984,7.4908586,-0.074220255
7853,1437154647204,-6.3829417,7.5411367,-0.0047884034
7854,1437154647225,-6.4140663,7.5453267,0.06464344
7855,1437154647243,-5.9741316,7.560889,-0.024540568
7856,1437154647264,-5.920861,7.4926543,0.023343466
7857,1437154647282,-5.940613,7.543531,0.08379706
7858,1437154647303,-6.045359,7.53156,0.055066638
7859,1437154647325,-6.059126,7.5321584,0.09816227
7860,1437154647345,-6.0148335,7.5375457,0.023942016
7861,1437154647365,-6.225523,7.65965,0.024540568
7862,1437154647382,-5.85502,7.6560583,-0.06464344
7863,1437154647404,-5.783194,7.510012,-0.0676362
7864,1437154647424,-6.199187,7.629722,-0.005985504
7865,1437154647445,-6.1207767,7.533954,-0.12928689
7866,1437154647465,-6.315904,7.716512,0.0011971008
7867,1437154647482,-5.7215433,7.5255747,-0.22804771
7868,1437154647503,-5.803545,7.9086466,-0.20290859
7869,1437154647523,-6.027403,7.976283,-0.3477578
7870,1437154647542,-5.680842,7.99005,-0.2717419
7871,1437154647563,-5.8604074,7.9152308,-0.1604115
7872,1437154647650,-5.803545,7.897873,-0.23403321
7873,1437154647651,-5.643732,7.89907,-0.14903906
7874,1437154647652,-5.752668,7.9475527,-0.12270284
7875,1437154647653,-5.7484784,7.9475527,-0.18914193
7876,1437154647662,-5.6868277,7.814076,-0.12629414
7877,1437154647682,-5.693412,7.825448,-0.16160862
7878,1437154647703,-5.701193,7.731476,-0.2136825
7879,1437154647724,-5.7203465,7.731476,-0.17717093
7880,1437154647742,-5.9382186,7.8050976,-0.28191724
7881,1437154647770,-5.907693,7.780557,-0.29807812
7882,1437154647784,-5.81791,7.7626004,-0.28311434
7883,1437154647803,-5.8238955,7.854179,-0.3549404
7884,1437154647823,-5.7987566,7.855376,-0.34596214
7885,1437154647845,-5.820903,7.9212165,-0.3250129
7886,1437154647865,-5.7706246,7.9463553,-0.3441665
7887,1437154647885,-5.7299232,7.965509,-0.3196259
7888,1437154647902,-5.6999955,7.914034,-0.27712885
7889,1437154647924,-5.707178,7.869741,-0.24839842
7890,1437154647945,-5.7604494,7.7931266,-0.16699557
7891,1437154647963,-5.8801594,7.7667904,-0.12988544
7892,1437154647986,-5.905897,7.7254906,-0.11971009
7893,1437154648004,-5.801151,7.7129207,-0.15143326
7894,1437154648023,-5.875371,7.748235,-0.22026655
7895,1437154648044,-5.929839,7.724293,-0.26396075
7896,1437154648064,-5.909488,7.663241,-0.23702596
7897,1437154648086,-6.051345,7.665635,-0.23463176
7898,1437154648105,-6.1381345,7.7081323,-0.26874915
7899,1437154648123,-6.136339,7.702147,-0.20111294
7900,1437154648146,-6.0956373,7.6291237,-0.12808979
7901,1437154648164,-5.993884,7.5830355,-0.05865794
7902,1437154648184,-6.0166287,7.641693,-0.044292733
7903,1437154648206,-5.910087,7.6488757,-0.13467385
7904,1437154648223,-5.8388596,7.6919713,-0.12150574
7905,1437154648246,-5.919065,7.7733746,-0.15442601
7906,1437154648263,-5.8987145,7.8505874,-0.219668
7907,1437154648285,-5.7604494,7.8027034,-0.21787235
7908,1437154648313,-5.7802014,7.863157,-0.26276365
7909,1437154648370,-5.8244944,7.843405,-0.36750996
7910,1437154648371,-5.8412538,7.8452005,-0.30466217
7911,1437154648372,-5.7257333,7.843405,-0.40701428
7912,1437154648393,-5.796961,7.8463974,-0.41718966
7913,1437154648403,-5.954978,7.888296,-0.41240123
7914,1437154648423,-5.9603653,7.8188643,-0.45370123
7915,1437154648443,-6.1106014,7.778163,-0.3597288
7916,1437154648463,-6.1100025,7.6722193,-0.3441665
7917,1437154648485,-5.883152,7.590218,-0.17238252
7918,1437154648503,-5.9304376,7.5692687,-0.008978256
7919,1437154648524,-6.3338604,7.6572556,0.06284779
7920,1437154648545,-6.4463882,7.78355,0.20171149
7921,1437154648566,-6.083068,7.602189,0.30705637
7922,1437154648583,-5.8759694,7.7027454,0.49559975
7923,1437154648604,-5.907693,7.715315,0.5434838
7924,1437154648624,-5.6102133,7.730279,0.54767364
7925,1437154648643,-5.5946507,7.8290396,0.6991069
7926,1437154648666,-5.8843493,7.8757267,0.61530983
7927,1437154648686,-5.9627595,7.893683,0.6901286
7928,1437154648706,-5.884948,7.7266874,0.80445176
7929,1437154648724,-5.911284,7.7093296,0.8655039
7930,1437154648744,-5.741296,7.514202,0.8391677
7931,1437154648769,-5.7418942,7.4681134,0.90381116
7932,1437154648786,-5.963358,7.5405383,0.81402856
7933,1437154648806,-5.9202623,7.553706,0.80924016
7934,1437154648825,-6.0291986,7.717709,0.91937345
7935,1437154648844,-6.033987,7.793725,0.83617496
7936,1437154648866,-5.6239796,7.8326306,0.9044097
7937,1437154648886,-5.5419784,7.867347,0.80205756
7938,1437154648906,-5.456984,7.8422074,0.7565677
7939,1437154648928,-5.6407394,7.691373,0.7469909
7940,1437154648944,-5.9968767,7.7949224,0.7906851
7941,1437154648963,-5.773019,7.6548615,0.7032967
7942,1437154648983,-5.869984,7.619547,0.7679402
7943,1437154649004,-5.929839,7.5710645,0.62009823
7944,1437154649034,-5.963358,7.499837,0.57400984
7945,1437154649111,-6.003461,7.4615297,0.50637364
7946,1437154649112,-6.217742,7.419631,0.4770447
7947,1437154649113,-6.2985463,7.306505,0.48362875
7948,1437154649114,-6.3230867,7.2029557,0.51595044
7949,1437154649123,-6.2991447,7.1730285,0.5746084
7950,1437154649153,-6.38354,7.1724296,0.5943606
7951,1437154649164,-6.5960255,7.282563,0.6087258
7952,1437154649183,-6.6708446,7.325659,0.62009823
7953,1437154649206,-6.5882444,7.3777328,0.6889315
7954,1437154649225,-6.5726824,7.4549456,0.688333
7955,1437154649244,-6.445191,7.478289,0.7404069
7956,1437154649265,-6.347627,7.4627266,0.7751228
7957,1437154649287,-6.1860185,7.44896,0.7637503
7958,1437154649304,-6.117185,7.373543,0.7529764
7959,1437154649327,-6.18123,7.3669586,0.66259533
7960,1437154649346,-6.3488245,7.401076,0.5710171
7961,1437154649364,-6.4344172,7.399879,0.46866497
7962,1437154649387,-6.3182983,7.3083005,0.39444473
7963,1437154649406,-6.344036,7.2729864,0.4141969
7964,1437154649427,-6.4739213,7.2352777,0.39444473
7965,1437154649444,-6.483498,7.215525,0.45549688
7966,1437154649466,-6.5283895,7.2430587,0.48722005
7967,1437154649490,-6.479308,7.2448545,0.5859809
7968,1437154649508,-6.385336,7.2179193,0.7230489
7969,1437154649526,-6.3823433,7.3029137,0.7068881
7970,1437154649545,-6.303933,7.3190746,0.7236475
7971,1437154649566,-6.2141504,7.367557,0.74878657
7972,1437154649586,-6.1884127,7.3873096,0.6811504
7973,1437154649607,-6.1465144,7.4232225,0.6476316
7974,1437154649626,-6.2063694,7.465719,0.6302736
7975,1437154649649,-6.1524997,7.445369,0.6087258
7976,1437154649665,-6.117784,7.4441714,0.6536171
7977,1437154649688,-6.180033,7.45315,0.6135142
7978,1437154649708,-6.1866174,7.459734,0.6003461
7979,1437154649727,-6.2009826,7.445369,0.56922144
7980,1437154649755,-6.157288,7.515399,0.5530606
7981,1437154649812,-6.1650696,7.5764513,0.5434838
7982,1437154649813,-6.136339,7.615357,0.5201403
7983,1437154649814,-6.3099184,7.599196,0.5351041
7984,1437154649831,-6.3111157,7.5566993,0.58298814
7985,1437154649844,-6.2883706,7.5106106,0.56922144
7986,1437154649864,-6.2075663,7.4465656,0.62967503
7987,1437154649884,-6.18123,7.41604,0.6548142
7988,1437154649906,-6.233304,7.3364325,0.682946
7989,1437154649925,-6.293758,7.3005195,0.6799533
7990,1437154649947,-6.2943563,7.2023573,0.5823896
7991,1437154649964,-6.3153057,7.187992,0.5626374
7992,1437154649984,-6.491878,7.1826053,0.53570265
7993,1437154650004,-6.4368114,7.1826053,0.4830302
7994,1437154650025,-6.4386067,7.231686,0.47345337
7995,1437154650044,-6.528988,7.3029137,0.36990416
7996,1437154650066,-6.4667387,7.2861543,0.32561144
7997,1437154650086,-6.481104,7.2873516,0.3489549
7998,1437154650114,-6.4858923,7.269395,0.3226187
7999,1437154650124,-6.467337,7.29214,0.32321724
8000,1437154650144,-6.5068417,7.3448124,0.30047232
8001,1437154650164,-6.499659,7.3346367,0.2657564
8002,1437154650184,-6.493075,7.3112936,0.25139117
8003,1437154650207,-6.455965,7.3100963,0.22146365
8004,1437154650230,-6.517017,7.316082,0.23343466
8005,1437154650248,-6.473323,7.3286514,0.20829555
8006,1437154650266,-6.4242415,7.2490444,0.26515785
8007,1437154650287,-6.4469867,7.165846,0.3609259
8008,1437154650310,-6.5547256,7.073669,0.45130703
8009,1437154650325,-6.669647,6.9988503,0.47524905
8010,1437154650344,-6.6726403,6.8905125,0.492607
8011,1437154650366,-6.7522473,6.9144545,0.5177461
8012,1437154650385,-6.8480153,6.9425864,0.42796355
8013,1437154650411,-6.815095,6.9342065,0.44771573
8014,1437154650425,-6.882133,6.9569516,0.42796355
8015,1437154650447,-6.9024835,6.9886746,0.41299978
8016,1437154650466,-6.915053,6.963536,0.40282443
8017,1437154650492,-6.8288617,6.909666,0.5105635
8018,1437154650562,-6.70556,6.835446,0.54168814
8019,1437154650563,-6.7265096,6.8504095,0.5057751
8020,1437154650564,-6.787562,6.92044,0.44951138
8021,1437154650567,-6.783372,7.0245876,0.31304187
8022,1437154650586,-6.7121444,7.043741,0.2112883
8023,1437154650608,-6.735488,7.1305313,0.18614918
8024,1437154650631,-6.685808,7.1993647,0.074818805
8025,1437154650645,-6.6720414,7.2472486,0.073023155
8026,1437154650665,-6.6804214,7.2286935,0.11312603
8027,1437154650699,-6.6403184,7.165247,0.1388637
8028,1437154650706,-6.501455,7.0593038,0.25737667
8029,1437154650727,-6.4541693,7.1089835,0.31184477
8030,1437154650746,-6.531382,7.0742674,0.3657143
8031,1437154650771,-6.599617,7.03596,0.45729253
8032,1437154650788,-6.6804214,7.03177,0.42317516
8033,1437154650808,-6.671443,7.0365586,0.33518824
8034,1437154650827,-6.725911,7.0407486,0.32441434
8035,1437154650848,-6.71813,7.0886326,0.25019407
8036,1437154650869,-6.658275,7.07726,0.23343466
8037,1437154650888,-6.5140243,7.1353197,0.20231004
8038,1437154650908,-6.427833,7.228095,0.11671733
8039,1437154650927,-6.3284736,7.311892,0.062249243
8040,1437154650947,-6.419453,7.3460093,0.059855044
8041,1437154650969,-6.432023,7.374141,0.03172317
8042,1437154650988,-6.4086795,7.3909006,-0.010773907
8043,1437154651008,-6.4421983,7.3406224,0.035913024
8044,1437154651028,-6.397307,7.249643,0.0700304
8045,1437154651048,-6.4846954,7.2262993,0.12270284
8046,1437154651069,-6.59004,7.2382703,0.11312603
8047,1437154651087,-6.5487404,7.189788,0.12808979
8048,1437154651107,-6.5122285,7.20116,0.10534488
8049,1437154651128,-6.4667387,7.2472486,0.077213004
8050,1437154651149,-6.2662244,7.33763,-0.034117375
8051,1437154651169,-6.254852,7.3831196,-0.08798691
8052,1437154651188,-6.2183404,7.4148426,-0.11492168
8053,1437154651207,-6.305729,7.5255747,-0.15981296
8054,1437154651235,-6.335656,7.5680714,-0.20051439
8055,1437154651295,-6.2608376,7.5746555,-0.22266077
8056,1437154651296,-6.2075663,7.6243353,-0.24600422
8057,1437154651297,-6.117784,7.6590514,-0.32441434
8058,1437154651316,-6.0268044,7.713519,-0.39324763
8059,1437154651325,-6.06571,7.732673,-0.46327803
8060,1437154651350,-6.103419,7.668628,-0.3393781
8061,1437154651366,-6.090849,7.575853,-0.29149407
8062,1437154651386,-6.0172276,7.6123643,-0.36391866
8063,1437154651406,-6.1507044,7.617751,-0.3441665
8064,1437154651429,-6.271611,7.583634,-0.34715924
8065,1437154651450,-6.3601966,7.498041,-0.3196259
8066,1437154651469,-6.5110316,7.453748,-0.2789245
8067,1437154651487,-6.5655,7.309498,-0.17118542
8068,1437154651506,-6.6229606,7.2071457,-0.10354923
8069,1437154651529,-6.815095,7.1101804,-0.01616086
8070,1437154651549,-6.918046,6.9850836,0.16220717
8071,1437154651569,-6.861782,6.8653736,0.30945057
8072,1437154651586,-6.879739,6.7827735,0.4249708
8073,1437154651609,-6.751649,6.7163343,0.47225627
8074,1437154651629,-6.6852098,6.754043,0.55725044
8075,1437154651649,-6.703765,6.8252707,0.5363012
8076,1437154651669,-6.627749,6.928221,0.48243165
8077,1437154651691,-6.623559,7.0209966,0.44472298
8078,1437154651706,-6.615778,7.1155677,0.3705027
8079,1437154651730,-6.4619503,7.1341224,0.33039984
8080,1437154651749,-6.4308257,7.241862,0.30825347
8081,1437154651769,-6.4685345,7.3484035,0.19572599
8082,1437154651793,-6.3949127,7.379528,0.1933318
8083,1437154651809,-6.385336,7.4471645,0.15801731
8084,1437154651829,-6.3218894,7.462128,0.12090719
8085,1437154651849,-6.305729,7.4693108,0.11192893
8086,1437154651878,-6.2632318,7.463924,0.092176765
8087,1437154651889,-6.2740054,7.478289,0.08678981
8088,1437154651906,-6.30513,7.417237,0.092775315
8089,1437154651926,-6.3123126,7.345411,0.12569559
8090,1437154651947,-6.4499793,7.3190746,0.15203181
8091,1437154651966,-6.5128274,7.289746,0.14724341
8092,1437154651995,-6.566098,7.293337,0.22146365
8093,1437154652021,-6.602011,7.297527,0.18734628
8094,1437154652029,-6.4721255,7.2831616,0.20470424
8095,1437154652046,-6.4338183,7.280169,0.17118542
8096,1437154652066,-6.355408,7.273585,0.2160767
8097,1437154652089,-6.3967085,7.253234,0.18854338
8098,1437154652109,-6.4523735,7.2185183,0.23822308
8099,1437154652128,-6.5230026,7.203554,0.24600422
8100,1437154652149,-6.613982,7.1963716,0.2753332
8101,1437154652167,-6.5349736,7.223905,0.29209262
8102,1437154652190,-6.5044475,7.2388687,0.2717419
8103,1437154652207,-6.42903,7.2634096,0.2657564
8104,1437154652231,-6.381745,7.2472486,0.24001873
8105,1437154652250,-6.344036,7.265205,0.24540567
8106,1437154652270,-6.421249,7.270592,0.24001873
8107,1437154652290,-6.4846954,7.36217,0.21428105
8108,1437154652310,-6.3482256,7.255628,0.26156655
8109,1437154652329,-6.505645,7.2664022,0.2124854
8110,1437154652350,-6.5152216,7.3047094,0.2088941
8111,1437154652370,-6.5230026,7.2819643,0.23582886
8112,1437154652390,-6.461352,7.3322425,0.19991584
8113,1437154652410,-6.4182563,7.307702,0.24121583
8114,1437154652428,-6.393117,7.3364325,0.23163901
8115,1437154652450,-6.353613,7.340024,0.25139117
8116,1437154652469,-6.3033347,7.323863,0.22685061
8117,1437154652487,-6.3404446,7.3166804,0.20350714
8118,1437154652509,-6.409278,7.317279,0.219668
8119,1437154652528,-6.479308,7.2927384,0.25378537
8120,1437154652554,-6.5265937,7.2807674,0.2789245
8121,1437154652598,-6.4445925,7.241862,0.2789245
8122,1437154652599,-6.4404025,7.265205,0.24361002
8123,1437154652607,-6.425439,7.277775,0.23762453
8124,1437154652627,-6.452972,7.2861543,0.23463176
8125,1437154652647,-6.4044895,7.2394676,0.19812019
8126,1437154652668,-6.495469,7.2873516,0.18375498
8127,1437154652687,-6.498462,7.2382703,0.16759412
8128,1437154652707,-6.491279,7.2741833,0.20410569
8129,1437154652727,-6.5307837,7.24665,0.2160767
8130,1437154652756,-6.4948707,7.280169,0.27832595
8131,1437154652767,-6.473323,7.3220673,0.22984336
8132,1437154652787,-6.407482,7.3442135,0.22026655
8133,1437154652807,-6.326678,7.367557,0.22744916
8134,1437154652829,-6.235698,7.3926964,0.2136825
8135,1437154652871,-6.260239,7.387908,0.207697
8136,1437154652872,-6.2823853,7.415441,0.20470424
8137,1437154652888,-6.251859,7.3789296,0.17717093
8138,1437154652913,-6.4062853,7.410054,0.1921347
8139,1437154652927,-6.435614,7.383718,0.11971009
8140,1437154652949,-6.4326215,7.3346367,0.17717093
8141,1437154652968,-6.4511766,7.3484035,0.12749124
8142,1437154652987,-6.3805475,7.311892,0.15682021
8143,1437154653007,-6.3458314,7.305308,0.14784196
8144,1437154653027,-6.3709707,7.338228,0.14425065
8145,1437154653048,-6.353613,7.351396,0.1448492
8146,1437154653068,-6.38354,7.363966,0.17717093
8147,1437154653087,-6.3889275,7.3657618,0.1592144
8148,1437154653109,-6.365584,7.3723454,0.14544775
8149,1437154653129,-6.3769565,7.3609734,0.1412579
8150,1437154653148,-6.3685765,7.395689,0.12569559
8151,1437154653169,-6.357204,7.402273,0.11851298
8152,1437154653188,-6.2847795,7.451354,0.08678981
8153,1437154653208,-6.3661823,7.429806,0.10534488
8154,1437154653228,-6.271611,7.374141,0.10534488
8155,1437154653252,-6.3105173,7.3448124,0.11671733
8156,1437154653273,-6.4643445,7.3448124,0.11851298
8157,1437154653293,-6.5271926,7.3100963,0.16101007
8158,1437154653311,-6.543952,7.2909427,0.20709845
8159,1437154653331,-6.4541693,7.255628,0.23642741
8160,1437154653350,-6.469133,7.2592196,0.25378537
8161,1437154653370,-6.543353,7.2628107,0.2825158
8162,1437154653397,-6.5367694,7.331644,0.27114335
8163,1437154653478,-6.4505777,7.281366,0.24660277
8164,1437154653479,-6.3458314,7.240066,0.26874915
8165,1437154653480,-6.4008985,7.3178773,0.23702596
8166,1437154653481,-6.4128695,7.2723875,0.24720132
8167,1437154653488,-6.4152637,7.271789,0.30166942
8168,1437154653510,-6.4828997,7.264008,0.27952304
8169,1437154653528,-6.4751186,7.258621,0.33039984
8170,1437154653550,-6.55293,7.2472486,0.32561144
8171,1437154653569,-6.4188547,7.217321,0.3752911
8172,1437154653590,-6.4248405,7.2107368,0.43514615
8173,1437154653617,-6.497265,7.241263,0.43394905
8174,1437154653632,-6.4727244,7.275979,0.44771573
8175,1437154653654,-6.4368114,7.2472486,0.40821138
8176,1437154653668,-6.4110737,7.228095,0.41718966
8177,1437154653691,-6.464943,7.2364745,0.43394905
8178,1437154653711,-6.503849,7.228095,0.41718966
8179,1437154653733,-6.541558,7.179612,0.47405192
8180,1437154653752,-6.5840545,7.2023573,0.4985925
8181,1437154653771,-6.5828576,7.177218,0.47285482
8182,1437154653791,-6.579865,7.1514807,0.504578
8183,1437154653811,-6.5720835,7.1784153,0.45908818
8184,1437154653829,-6.443395,7.2059484,0.42437226
8185,1437154653854,-6.431424,7.342418,0.39743748
8186,1437154653880,-6.657676,7.4585366,0.3238158
8187,1437154653900,-6.3763576,7.5106106,0.38486794
8188,1437154653908,-6.180033,7.4112515,0.40282443
8189,1437154653928,-6.223129,7.369353,0.46986207
8190,1437154653950,-6.3224883,7.285556,0.53809685
8191,1437154653972,-6.271611,7.153875,0.59017074
8192,1437154653991,-6.425439,7.193379,0.635062
8193,1437154654011,-6.318897,7.0227923,0.5967548
8194,1437154654032,-6.367379,7.007828,0.6877344
8195,1437154654051,-6.8444242,7.120356,0.63206923
8196,1437154654071,-6.7109475,7.0664864,0.6135142
8197,1437154654090,-6.577471,7.101202,0.65242
8198,1437154654111,-6.537368,7.2149267,0.45968673
8199,1437154654130,-6.5008564,7.2568254,0.47884035
8200,1437154654150,-6.5164185,7.309498,0.44711718
8201,1437154654222,-6.4787097,7.309498,0.42078096
8202,1437154654234,-6.4661403,7.258621,0.5021838
8203,1437154654235,-6.4900823,7.2448545,0.47046062
8204,1437154654236,-6.50744,7.2233067,0.54408234
8205,1437154654248,-6.570288,7.2185183,0.557849
8206,1437154654270,-6.5487404,7.2179193,0.5686229
8207,1437154654290,-6.5367694,7.1844006,0.5542577
8208,1437154654308,-6.5098343,7.189189,0.55844754
8209,1437154654331,-6.4601545,7.2005615,0.5746084
8210,1437154654349,-6.4589577,7.1903863,0.5722142
8211,1437154654370,-6.4601545,7.2221093,0.61171854
8212,1437154654390,-6.4882865,7.1969705,0.6326678
8213,1437154654412,-6.451775,7.20954,0.66139823
8214,1437154654429,-6.4745197,7.207744,0.6512229
8215,1437154654452,-6.3781533,7.207744,0.62728083
8216,1437154654469,-6.4308257,7.219715,0.6374562
8217,1437154654493,-6.409278,7.2723875,0.57520694
8218,1437154654512,-6.473323,7.311892,0.58777654
8219,1437154654532,-6.4392056,7.273585,0.62608373
8220,1437154654552,-6.3488245,7.2867527,0.6003461
8221,1437154654571,-6.4164605,7.2951326,0.56443304
8222,1437154654595,-6.3805475,7.335834,0.55126494
8223,1437154654618,-6.344036,7.311892,0.52612585
8224,1437154654632,-6.3206925,7.2807674,0.5363012
8225,1437154654650,-6.4224463,7.3071036,0.5482722
8226,1437154654673,-6.475717,7.3005195,0.53929394
8227,1437154654692,-6.367379,7.2550297,0.5907693
8228,1437154654712,-6.467936,7.257424,0.50757074
8229,1437154654730,-6.467337,7.2634096,0.5590461
8230,1437154654751,-6.4457893,7.223905,0.5758055
8231,1437154654772,-6.42903,7.201759,0.6015432
8232,1437154654792,-6.498462,7.199963,0.64703304
8233,1437154654812,-6.519411,7.223905,0.60693014
8234,1437154654832,-6.5188127,7.2029557,0.59615624
8235,1437154654850,-6.4685345,7.2005615,0.57400984
8236,1437154654878,-6.4421983,7.173627,0.59017074
8237,1437154654940,-6.519411,7.1844006,0.59376204
8238,1437154654953,-6.59423,7.189788,0.57400984
8239,1437154654954,-6.5684924,7.1610575,0.599149
8240,1437154654955,-6.595427,7.116166,0.5955577
8241,1437154654970,-6.567295,7.0928226,0.6099229
8242,1437154654995,-6.628946,7.1059904,0.5979519
8243,1437154655009,-6.576872,7.0886326,0.5907693
8244,1437154655029,-6.619968,7.107786,0.6362591
8245,1437154655055,-6.585252,7.086837,0.65062433
8246,1437154655069,-6.5858502,7.140108,0.6338649
8247,1437154655091,-6.6427126,7.12694,0.62249243
8248,1437154655110,-6.6002154,7.129334,0.63087213
8249,1437154655132,-6.6145806,7.101202,0.6607997
8250,1437154655149,-6.5577183,7.107786,0.7350199
8251,1437154655172,-6.545149,7.0928226,0.6907272
8252,1437154655191,-6.5379663,7.0832458,0.6979098
8253,1437154655213,-6.5726824,7.0850415,0.6596026
8254,1437154655233,-6.5906386,7.091625,0.6051345
8255,1437154655252,-6.588843,7.0700774,0.6206968
8256,1437154655272,-6.6642604,7.0826473,0.60812724
8257,1437154655289,-6.646304,7.0347633,0.6607997
8258,1437154655312,-6.616975,7.065289,0.66498953
8259,1437154655331,-6.7283053,7.0970125,0.56323594
8260,1437154655352,-6.6145806,7.093421,0.6135142
8261,1437154655373,-6.612785,7.1125746,0.6254852
8262,1437154655392,-6.63553,7.0874357,0.6171055
8263,1437154655413,-6.623559,7.0712748,0.682946
8264,1437154655433,-6.6079965,7.083844,0.6691794
8265,1437154655451,-6.623559,7.0449386,0.7092823
8266,1437154655471,-6.6307416,7.0395517,0.700304
8267,1437154655493,-6.6882024,6.999449,0.7158663
8268,1437154655513,-6.7450647,7.0048356,0.7164649
8269,1437154655533,-6.7468605,7.00723,0.7410054
8270,1437154655550,-6.681618,6.974908,0.7344214
8271,1437154655571,-6.681618,6.9665284,0.7649474
8272,1437154655701,-6.6905966,6.974908,0.7613561
8273,1437154655702,-6.6612678,6.979098,0.7703344
8274,1437154655703,-6.76362,7.005434,0.7793127
8275,1437154655704,-6.745663,6.940192,0.7727286
8276,1437154655705,-6.6923923,6.923433,0.7751228
8277,1437154655706,-6.8127007,6.9485717,0.6955156
8278,1437154655751,-6.791752,6.949769,0.7218518
8279,1437154655752,-6.9024835,6.9808936,0.6871359
8280,1437154655753,-6.7809777,6.9503675,0.7116765
8281,1437154655820,-6.6965823,6.931214,0.7140707
8282,1437154655821,-6.7025676,6.967127,0.6380547
8283,1437154655822,-6.7480574,6.96593,0.6314707
8284,1437154655857,-6.6870055,6.964134,0.587178
8285,1437154655858,-6.7588315,6.9425864,0.599149
8286,1437154655883,-6.7803793,6.947375,0.60214174
8287,1437154655890,-6.7929487,6.9330096,0.59376204
8288,1437154655915,-6.699575,6.939594,0.5835867
8289,1437154655930,-6.7630215,6.9725137,0.5141548
8290,1437154655950,-6.6612678,6.925827,0.5057751
8291,1437154655970,-6.791153,6.9366007,0.5129577
8292,1437154655992,-6.761824,6.964134,0.44532153
8293,1437154656010,-6.751649,6.931214,0.44891283
8294,1437154656030,-6.7827735,6.969521,0.39803603
8295,1437154656050,-6.791752,6.988076,0.35793316
8296,1437154656070,-6.795343,7.0221934,0.35553896
8297,1437154656093,-6.7923503,7.016208,0.33039984
8298,1437154656113,-6.785766,7.03177,0.33758244
8299,1437154656135,-6.7642183,6.992266,0.34356794
8300,1437154656152,-6.794146,6.953959,0.43754035
8301,1437154656172,-6.8168907,6.9407907,0.4973954
8302,1437154656190,-6.7851677,6.9425864,0.5614403
8303,1437154656211,-6.7450647,6.931214,0.5835867
8304,1437154656231,-6.754043,6.9425864,0.5566519
8305,1437154656254,-6.6480994,6.935404,0.5386954
8306,1437154656276,-6.6606693,6.974908,0.50637364
8307,1437154656297,-6.75524,7.00304,0.46028528
8308,1437154656315,-6.83784,6.996456,0.41599256
8309,1437154656331,-6.8623805,6.981492,0.44651863
8310,1437154656350,-6.7725983,6.917447,0.5021838
8311,1437154656370,-6.791752,6.9168487,0.4842273
8312,1437154656390,-6.827066,6.976105,0.47644615
8313,1437154656410,-6.8007298,6.969521,0.40940848
8314,1437154656445,-6.7342906,6.9665284,0.40402153
8315,1437154656459,-6.7522473,6.9348054,0.39983168
8316,1437154656471,-6.8324533,6.973711,0.40043023
8317,1437154656490,-6.8204823,6.9102645,0.43394905
8318,1437154656511,-6.8342485,6.9198413,0.44472298
8319,1437154656530,-6.805518,6.908469,0.40521863
8320,1437154656560,-6.8851256,6.941988,0.46686932
8321,1437154656571,-6.83365,6.9605427,0.4321534
8322,1437154656591,-6.779781,6.933608,0.44891283
8323,1437154656615,-6.76362,6.927024,0.48243165
8324,1437154656631,-6.7546415,6.950966,0.4429273
8325,1437154656653,-6.7426705,6.915652,0.45968673
8326,1437154656674,-6.7612257,6.862979,0.4973954
8327,1437154656694,-6.9461775,6.823475,0.60812724
8328,1437154656714,-7.064092,6.643311,0.748188
8329,1437154656733,-7.07726,6.56131,0.86729956
8330,1437154656753,-7.0946183,6.5469446,0.8511387
8331,1437154656773,-7.1275387,6.5655,0.7727286
8332,1437154656794,-7.0347633,6.657676,0.6075287
8333,1437154656813,-6.9330096,6.775591,0.47285482
8334,1437154656833,-7.000047,6.9850836,0.3357868
8335,1437154656852,-6.8731546,7.0227923,0.2693477
8336,1437154656873,-6.6708446,6.9946604,0.38606504
8337,1437154656894,-6.4840965,7.1610575,0.17417817
8338,1437154656913,-6.443994,7.342418,0.023942016
8339,1437154656934,-6.4739213,7.413047,0.092775315
8340,1437154656952,-6.320094,7.455544,0.022146367
8341,1437154656973,-6.271611,7.453748,0.06823475
8342,1437154656993,-6.2871737,7.453748,0.09995792
8343,1437154657014,-6.1620765,7.421427,0.073621705
8344,1437154657034,-5.9543796,7.3669586,0.1400608
8345,1437154657051,-6.242881,7.4507556,0.10414778
8346,1437154657072,-6.461352,7.4681134,0.035314474
8347,1437154657092,-6.379949,7.337031,0.08319851
8348,1437154657120,-6.5726824,7.319673,0.05686229
8349,1437154657213,-6.5840545,7.3567834,0.010175358
8350,1437154657214,-6.42903,7.441777,-0.040102877
8351,1437154657215,-6.3865333,7.49026,-0.1352724
8352,1437154657216,-6.3422403,7.4896617,-0.16579847
8353,1437154657217,-6.260239,7.483676,-0.19393034
8354,1437154657238,-6.269217,7.387908,-0.1604115
8355,1437154657267,-6.4846954,7.197569,-0.019153614
8356,1437154657271,-6.651691,7.023989,0.12808979
8357,1437154657291,-6.8492126,6.8162923,0.26874915
8358,1437154657312,-7.0395517,6.6588736,0.4213795
8359,1437154657344,-7.2185183,6.4966664,0.55605334
8360,1437154657351,-7.311892,6.5098343,0.62847793
8361,1437154657371,-7.2634096,6.519411,0.59615624
8362,1437154657392,-7.1263413,6.543952,0.59615624
8363,1437154657412,-7.117962,6.6762314,0.55725044
8364,1437154657433,-6.9892735,6.7893577,0.45729253
8365,1437154657456,-6.8557963,6.7989345,0.44711718
8366,1437154657474,-6.7959414,6.9012866,0.4141969
8367,1437154657495,-6.7905545,6.994062,0.31124622
8368,1437154657515,-6.6612678,7.056311,0.34955344
8369,1437154657535,-6.6103907,7.065289,0.29688102
8370,1437154657556,-6.5864487,7.1083846,0.27952304
8371,1437154657573,-6.6271505,7.1089835,0.272939
8372,1437154657595,-6.555324,7.1167645,0.25677812
8373,1437154657612,-6.5960255,7.065888,0.26036942
8374,1437154657634,-6.6684504,7.1125746,0.22804771
8375,1437154657655,-6.71394,7.1155677,0.16759412
8376,1437154657673,-6.616975,7.086837,0.20231004
8377,1437154657693,-6.71813,7.1263413,0.1388637
8378,1437154657715,-6.7905545,7.114969,0.14724341
8379,1437154657735,-6.721721,7.131728,0.17537527
8380,1437154657754,-6.729502,7.0982094,0.15083471
8381,1437154657773,-6.687604,7.1071877,0.19812019
8382,1437154657795,-6.6840124,7.1065893,0.22565351
8383,1437154657815,-6.664859,7.102998,0.25677812
8384,1437154657834,-6.67683,7.0994067,0.29568392
8385,1437154657855,-6.6905966,7.0946183,0.3393781
8386,1437154657875,-6.652888,7.035362,0.3681085
8387,1437154657953,-6.671443,7.0874357,0.41359833
8388,1437154657954,-6.6870055,7.0844426,0.4189853
8389,1437154657955,-6.609792,7.0700774,0.45549688
8390,1437154657956,-6.6121864,7.057508,0.47644615
8391,1437154657975,-6.6002154,7.035362,0.47046062
8392,1437154657997,-6.6247563,7.009624,0.54049104
8393,1437154658012,-6.6325374,7.0168066,0.55006784
8394,1437154658032,-6.6654577,7.025785,0.54168814
8395,1437154658066,-6.7187285,7.0371575,0.6015432
8396,1437154658075,-6.730101,7.083844,0.5530606
8397,1437154658093,-6.63134,7.0808516,0.4842273
8398,1437154658113,-6.5385647,7.15986,0.4297592
8399,1437154658133,-6.621165,7.1945763,0.3764882
8400,1437154658154,-6.6247563,7.180211,0.37110126
8401,1437154658176,-6.618172,7.1143703,0.39444473
8402,1437154658194,-6.601413,7.08145,0.4417302
8403,1437154658215,-6.6612678,7.059902,0.48841715
8404,1437154658235,-6.7205243,7.0144124,0.47884035
8405,1437154658255,-6.6187706,6.9348054,0.53689975
8406,1437154658275,-6.7989345,6.9246297,0.5303157
8407,1437154658294,-6.746262,6.91625,0.5057751
8408,1437154658315,-6.777985,6.911462,0.51355624
8409,1437154658334,-6.7845693,6.9689226,0.4213795
8410,1437154658353,-6.8007298,6.951565,0.4285621
8411,1437154658376,-6.8043213,6.9587474,0.40102878
8412,1437154658393,-6.859388,6.996456,0.40342298
8413,1437154658413,-6.8348475,6.9826894,0.40940848
8414,1437154658436,-6.7606273,6.9958572,0.40701428
8415,1437154658453,-6.7690067,6.999449,0.42078096
8416,1437154658474,-6.7145386,7.043741,0.4357447
8417,1437154658493,-6.721721,7.0395517,0.48841715
8418,1437154658514,-6.627749,7.0634937,0.49679685
8419,1437154658536,-6.623559,7.041347,0.53929394
8420,1437154658553,-6.643311,7.0383544,0.5398925
8421,1437154658574,-6.663662,7.001843,0.59974754
8422,1437154658600,-6.655881,7.064092,0.5530606
8423,1437154658662,-6.691195,7.1209545,0.44771573
8424,1437154658663,-6.6002154,7.1706343,0.3561375
8425,1437154658664,-6.71813,7.1514807,0.35254622
8426,1437154658673,-6.609792,7.041347,0.48243165
8427,1437154658701,-6.621763,6.9689226,0.57161564
8428,1437154658713,-6.6666546,7.0006456,0.59376204
8429,1437154658736,-6.671443,7.0341644,0.52073884
8430,1437154658753,-6.6486983,7.032369,0.516549
8431,1437154658773,-6.615179,7.0664864,0.47285482
8432,1437154658794,-6.664859,7.1131735,0.45549688
8433,1437154658815,-6.6325374,7.121553,0.43754035
8434,1437154658834,-6.508039,7.1341224,0.4357447
8435,1437154658856,-6.683414,7.1790137,0.39863458
8436,1437154658874,-6.567894,7.100005,0.4369418
8437,1437154658896,-6.657078,7.0982094,0.49679685
8438,1437154658914,-6.733692,7.1275387,0.4985925
8439,1437154658936,-6.682217,7.095815,0.5554548
8440,1437154658955,-6.5948286,7.1006036,0.5422867
8441,1437154658973,-6.6247563,7.0724716,0.5434838
8442,1437154658993,-6.582259,7.067683,0.59376204
8443,1437154659013,-6.6391215,7.0329676,0.5626374
8444,1437154659035,-6.6923923,7.0467343,0.57879823
8445,1437154659053,-6.7211227,7.0287776,0.57520694
8446,1437154659074,-6.745663,6.9862804,0.58897364
8447,1437154659095,-6.758233,6.9449806,0.5686229
8448,1437154659114,-6.862979,6.9808936,0.53330845
8449,1437154659136,-6.7947445,6.884527,0.54049104
8450,1437154659157,-6.724714,6.8563952,0.5566519
8451,1437154659175,-6.9120603,6.915652,0.53091425
8452,1437154659197,-6.889914,6.901885,0.52073884
8453,1437154659215,-6.945579,6.8929067,0.5033809
8454,1437154659237,-6.7881603,6.815095,0.5626374
8455,1437154659257,-6.671443,6.8222775,0.6027403
8456,1437154659274,-6.7522473,6.909666,0.5494693
8457,1437154659297,-6.7606273,6.9826894,0.46627077
8458,1437154659314,-6.6349316,6.974908,0.3854665
8459,1437154659333,-6.615179,6.9605427,0.3309984
8460,1437154659354,-6.5828576,6.930017,0.26036942
8461,1437154659482,-6.655282,6.9198413,0.207697
8462,1437154659483,-6.667852,6.905476,0.19632454
8463,1437154659484,-6.8438253,7.009624,0.10654198
8464,1437154659485,-6.8731546,7.047333,0.073023155
8465,1437154659486,-6.7666125,7.061698,0.08140286
8466,1437154659487,-6.6205664,7.0820484,-0.051475335
8467,1437154659542,-6.530185,7.0970125,-0.12150574
8468,1437154659543,-6.559514,7.1742253,-0.17058687
8469,1437154659544,-6.6229606,7.2298903,-0.27234045
8470,1437154659554,-6.4805055,7.181408,-0.23762453
8471,1437154659578,-6.59004,7.189189,-0.25318682
8472,1437154659594,-6.4960675,7.215525,-0.362123
8473,1437154659631,-6.6085954,7.223905,-0.37588966
8474,1437154659648,-6.6708446,7.2664022,-0.45789108
8475,1437154659653,-6.7869635,7.2747817,-0.46028528
8476,1437154659678,-6.736685,7.2107368,-0.46986207
8477,1437154659695,-6.7851677,7.217321,-0.45848963
8478,1437154659716,-6.7624226,7.225701,-0.45729253
8479,1437154659737,-6.793547,7.234679,-0.41120413
8480,1437154659756,-6.8121023,7.216124,-0.3585317
8481,1437154659774,-6.691794,7.1365166,-0.29867667
8482,1437154659793,-6.591836,7.0886326,-0.26755205
8483,1437154659816,-6.5750766,7.026982,-0.22804771
8484,1437154659836,-6.5577183,7.03177,-0.31603462
8485,1437154659856,-6.6762314,7.0688806,-0.3669114
8486,1437154659876,-6.6870055,7.0784574,-0.44232875
8487,1437154659896,-6.630143,6.9970546,-0.45130703
8488,1437154659923,-6.7384806,6.9330096,-0.39863458
8489,1437154659936,-6.921637,6.967127,-0.3609259
8490,1437154659955,-7.0275807,6.9066734,-0.33997664
8491,1437154659976,-6.8970966,6.955156,-0.3824737
8492,1437154660000,-6.986879,7.035362,-0.46327803
8493,1437154660018,-6.9425864,7.08564,-0.46148238
8494,1437154660034,-6.787562,7.0664864,-0.51235914
8495,1437154660055,-6.9844847,7.1808095,-0.5093664
8496,1437154660075,-7.121553,7.228095,-0.545878
8497,1437154660101,-6.785766,7.114969,-0.6476316
8498,1437154660116,-6.573281,6.9826894,-0.6703765
8499,1437154660141,-6.3182983,6.9371996,-0.7799112
8500,1437154660156,-6.4870896,7.08983,-0.88645315
8501,1437154660179,-6.329671,6.980295,-0.93732995
8502,1437154660254,-6.087258,6.983288,-1.0372878
8503,1437154660255,-6.039374,6.9006877,-1.1007342
8504,1437154660256,-6.0172276,6.8863225,-1.1378443
8505,1437154660257,-6.314707,6.9928646,-1.2054806
8506,1437154660274,-6.5283895,7.0461354,-1.2868834
8507,1437154660294,-6.6056023,7.057508,-1.282095
8508,1437154660314,-6.9731126,7.1808095,-1.3257892
8509,1437154660334,-7.157466,7.229292,-1.4191631
8510,1437154660359,-7.2179193,7.375937,-1.4437037
8511,1437154660375,-7.3202715,7.3627687,-1.4502877
8512,1437154660397,-7.077859,7.2729864,-1.42455
8513,1437154660416,-6.935404,7.073669,-1.3096284
8514,1437154660435,-6.761824,6.806117,-1.2437878
8515,1437154660459,-6.891111,6.622362,-0.98461545
8516,1437154660476,-7.2286935,6.4727244,-0.7751228
8517,1437154660498,-7.277775,6.4128695,-0.6775591
8518,1437154660518,-7.3418193,6.363788,-0.57640404
8519,1437154660563,-7.265205,6.373365,-0.5979519
8520,1437154660564,-7.445369,6.619369,-0.5805939
8521,1437154660577,-7.5052238,6.727707,-0.6817489
8522,1437154660597,-7.318476,6.7725983,-0.6464345
8523,1437154660618,-7.0904284,6.8360443,-0.6488287
8524,1437154660638,-7.0425444,6.7342906,-0.6913257
8525,1437154660658,-6.775591,6.5619082,-0.47764325
8526,1437154660679,-7.018004,6.646304,-0.45729253
8527,1437154660698,-7.2101383,6.64391,-0.38067806
8528,1437154660718,-7.1407065,6.4721255,-0.26755205
8529,1437154660740,-7.180211,6.379949,-0.2160767
8530,1437154660757,-7.469909,6.505046,-0.24720132
8531,1437154660778,-7.523779,6.613384,-0.29388827
8532,1437154660797,-7.2328835,6.377555,-0.09756372
8533,1437154660818,-7.199963,6.393117,0.08619126
8534,1437154660838,-7.0048356,6.2632318,0.050876785
8535,1437154660858,-7.243657,6.362591,0.32022446
8536,1437154660877,-7.219715,6.223129,0.2669535
8537,1437154660905,-6.988076,6.4523735,0.23463176
8538,1437154660962,-7.447763,6.5487404,-0.022744916
8539,1437154660963,-7.3657618,6.4787097,0.16340427
8540,1437154660964,-7.1167645,6.3703723,0.33997664
8541,1437154661001,-7.2191167,6.4511766,0.19512744
8542,1437154661002,-7.325659,6.4960675,0.2801216
8543,1437154661015,-7.0784574,6.4763155,0.1945289
8544,1437154661042,-6.895301,6.521207,0.18255788
8545,1437154661057,-7.0820484,6.545149,0.20590134
8546,1437154661076,-7.4483614,6.851008,0.12928689
8547,1437154661095,-7.217321,6.59004,0.0017956513
8548,1437154661118,-6.8001313,6.627749,0.17956513
8549,1437154661140,-7.076063,6.5008564,0.0023942017
8550,1437154661155,-7.5561004,6.9599442,0.1352724
8551,1437154661175,-6.6720414,6.405687,-0.08798691
8552,1437154661195,-7.0144124,6.739678,0.2693477
8553,1437154661218,-7.7727757,6.4667387,0.16699557
8554,1437154661238,-7.006033,6.6882024,0.12689269
8555,1437154661256,-7.1425023,6.694188,0.11731588
8556,1437154661278,-6.9078703,6.5726824,0.01316811
8557,1437154661298,-6.8569937,6.5086374,0.1921347
8558,1437154661318,-7.374141,6.670246,0.10654198
8559,1437154661338,-7.5626845,6.6959834,0.16938977
8560,1437154661356,-7.285556,6.6744356,0.2896984
8561,1437154661376,-7.0581064,6.7624226,0.2813187
8562,1437154661398,-7.123947,6.9144545,0.31902736
8563,1437154661419,-6.944382,6.8109055,0.30226797
8564,1437154661437,-6.6145806,6.794146,0.3573346
8565,1437154661457,-6.9024835,6.841431,0.3573346
8566,1437154661475,-6.7534447,6.8438253,0.3657143
8567,1437154661499,-7.055712,7.0610995,0.39923313
8568,1437154661519,-6.973711,6.9485717,0.43634325
8569,1437154661539,-6.6624646,6.803723,0.6596026
8570,1437154661560,-6.889914,6.9581485,0.66259533
8571,1437154661583,-6.7654157,7.2514386,0.7846996
8572,1437154661599,-6.367978,7.2807674,0.6799533
8573,1437154661616,-5.701193,7.32506,0.56982
8574,1437154661638,-5.965752,7.45315,0.6344634
8575,1437154661658,-6.1183825,7.5866265,0.44352585
8576,1437154661725,-6.0645127,7.4974427,0.50278234
8577,1437154661726,-6.1650696,7.4615297,0.5009867
8578,1437154661727,-6.359598,7.3507977,0.5979519
8579,1437154661736,-6.5146227,7.4441714,0.6206968
8580,1437154661760,-6.5002575,7.3633676,0.59855044
8581,1437154661783,-6.491279,7.3789296,0.7290344
8582,1437154661799,-6.5511346,7.436989,0.7026982
8583,1437154661830,-6.26802,7.293337,0.7930793
8584,1437154661837,-5.9052987,7.169437,0.8499416
8585,1437154661859,-6.214749,7.067683,1.0378864
8586,1437154661879,-6.8486137,7.0832458,0.96546185
8587,1437154661897,-6.5738792,7.00723,0.9959879
8588,1437154661916,-6.647501,7.1353197,1.0193313
8589,1437154661939,-6.3500214,7.053318,0.7793127
8590,1437154661958,-6.0262055,6.9862804,0.8750807
8591,1437154661978,-6.218939,7.0610995,0.8571242
8592,1437154661999,-6.4110737,7.177218,0.7469909
8593,1437154662019,-6.7109475,7.268198,0.8218097
8594,1437154662039,-6.715137,7.2310877,0.7326257
8595,1437154662059,-6.5858502,7.1610575,0.676362
8596,1437154662076,-6.6893997,7.221511,0.700304
8597,1437154662100,-6.4386067,7.261614,0.545878
8598,1437154662117,-6.4182563,7.515399,0.5033809
8599,1437154662139,-6.4122705,7.5770497,0.3609259
8600,1437154662157,-6.2243257,7.579444,0.3633201
8601,1437154662176,-6.206968,7.4363904,0.3537433
8602,1437154662197,-6.133945,7.280169,0.3274071
8603,1437154662221,-6.338649,7.2083426,0.4237737
8604,1437154662239,-6.314707,7.165846,0.33518824
8605,1437154662262,-6.205771,7.109582,0.28909984
8606,1437154662279,-6.3823433,7.277176,0.22565351
8607,1437154662296,-6.5738792,7.240066,0.25258827
8608,1437154662317,-6.455965,7.2963295,0.2633622
8609,1437154662336,-6.682217,7.4830775,0.2765303
8610,1437154662358,-6.739079,7.5890207,0.20350714
8611,1437154662449,-6.4631476,7.6375036,0.24361002
8612,1437154662450,-6.3003416,7.5584946,0.18016368
8613,1437154662451,-6.1524997,7.5950065,0.20530279
8614,1437154662452,-6.2823853,7.4687123,0.16579847
8615,1437154662460,-6.4523735,7.4244194,0.23104046
8616,1437154662480,-6.567894,7.3938932,0.35434186
8617,1437154662503,-6.692991,7.5830355,0.24959552
8618,1437154662518,-5.477335,7.026982,0.46447513
8619,1437154662536,-5.6485205,6.7199254,0.85473
8620,1437154662558,-6.7708025,7.055712,0.7368156
8621,1437154662577,-6.7965403,7.2634096,0.7158663
8622,1437154662600,-6.479308,7.2526355,0.81343
8623,1437154662618,-6.211158,7.27957,0.6781576
8624,1437154662639,-5.951387,7.3603745,0.6242881
8625,1437154662658,-6.214749,7.6404963,0.47465047
8626,1437154662677,-6.2315083,7.9571295,0.29029694
8627,1437154662697,-5.952584,8.013393,0.18734628
8628,1437154662717,-5.6784477,7.9990277,0.18076223
8629,1437154662737,-5.725135,7.967903,0.033518825
8630,1437154662757,-5.816713,7.8326306,0.12449849
8631,1437154662777,-6.023213,7.6734166,0.17417817
8632,1437154662797,-6.205172,7.5471225,0.14604631
8633,1437154662817,-6.192004,7.415441,0.18016368
8634,1437154662837,-6.4128695,7.3962874,0.207697
8635,1437154662857,-6.603208,7.327454,0.207697
8636,1437154662877,-6.338649,7.3106947,0.28431144
8637,1437154662897,-6.432023,7.28795,0.25857377
8638,1437154662915,-6.3631897,7.3388267,0.36152446
8639,1437154662935,-6.4188547,7.4112515,0.338181
8640,1437154662956,-6.476914,7.4286094,0.39085343
8641,1437154662979,-6.3272767,7.36217,0.41599256
8642,1437154662996,-6.2793927,7.2167225,0.5470751
8643,1437154663020,-6.3326635,7.064092,0.6859388
8644,1437154663037,-6.50744,7.032369,0.7302315
8645,1437154663057,-6.5247984,6.9719152,0.7026982
8646,1437154663077,-6.5846534,6.985682,0.6817489
8647,1437154663096,-6.6307416,6.9360023,0.6536171
8648,1437154663119,-6.7546415,7.109582,0.65182143
8649,1437154663137,-6.2626333,7.025785,0.39624038
8650,1437154663156,-6.2530565,7.258621,0.22744916
8651,1437154663176,-6.6923923,7.5333557,0.15801731
8652,1437154663198,-6.605004,7.6452847,-0.10175357
8653,1437154663221,-6.209362,7.530363,-0.12330139
8654,1437154663238,-6.1501055,7.498041,-0.1604115
8655,1437154663258,-6.4864907,7.5207863,-0.19812019
8656,1437154663278,-6.6349316,7.4363904,-0.051475335
8657,1437154663297,-6.5870476,7.2747817,0.008978256
8658,1437154663321,-6.491279,7.111976,0.17836803
8659,1437154663341,-6.4416,7.008427,0.3286042
8660,1437154663361,-6.4763155,7.071873,0.40102878
8661,1437154663381,-6.4685345,6.981492,0.48243165
8662,1437154663399,-6.3769565,7.086837,0.4441244
8663,1437154663418,-6.529587,7.189189,0.3441665
8664,1437154663441,-6.457162,7.1688385,0.32142156
8665,1437154663459,-6.479907,7.2406645,0.30765492
8666,1437154663481,-6.534375,7.1706343,0.26515785
8667,1437154663500,-6.5349736,7.2394676,0.23642741
8668,1437154663520,-6.579865,7.235876,0.17178397
8669,1437154663544,-6.5325794,7.189788,0.16160862
8670,1437154663560,-6.59423,7.1742253,0.12509704
8671,1437154663580,-6.6145806,7.1353197,0.08080431
8672,1437154663605,-6.749853,7.104195,0.12030864
8673,1437154663621,-6.779182,7.102998,0.08738836
8674,1437154663637,-6.7630215,7.1101804,0.11671733
8675,1437154663660,-6.5984197,7.017405,0.11851298
8676,1437154663680,-6.6067996,7.091027,0.14903906
8677,1437154663699,-6.6325374,7.0826473,0.09696517
8678,1437154663723,-6.5601125,7.129334,0.10474633
8679,1437154663762,-6.6522894,7.1844006,0.0023942017
8680,1437154663763,-6.534375,7.16824,-0.044891283
8681,1437154663783,-6.591836,7.192182,-0.061650693
8682,1437154663801,-6.6666546,7.2029557,-0.078410104
8683,1437154663817,-6.649895,7.1604586,-0.08559271
8684,1437154663837,-6.625953,7.149685,-0.11671733
8685,1437154663858,-6.619968,7.216124,-0.15263036
8686,1437154663877,-6.611588,7.237672,-0.2220622
8687,1437154663899,-6.527791,7.265205,-0.2184709
8688,1437154663918,-6.5265937,7.247847,-0.22266077
8689,1437154663939,-6.5140243,7.234679,-0.2208651
8690,1437154663958,-6.535572,7.237672,-0.19512744
8691,1437154663978,-6.6307416,7.1909847,-0.23582886
8692,1437154664001,-6.71394,7.1742253,-0.15263036
8693,1437154664019,-6.7630215,7.2059484,-0.11252748
8694,1437154664041,-6.694188,7.20535,-0.107140526
8695,1437154664061,-6.5984197,7.2304893,-0.05686229
8696,1437154664081,-6.6175733,7.2286935,-0.076614454
8697,1437154664102,-6.4924765,7.215525,-0.036511578
8698,1437154664118,-6.4026937,7.203554,-0.011372458
8699,1437154664141,-6.435614,7.2340803,-0.019153614
8700,1437154664159,-6.3685765,7.185598,-0.029927522
8701,1437154664179,-6.408081,7.2005615,-0.01616086
8702,1437154664202,-6.5218053,7.2149267,-0.046686932
8703,1437154664220,-6.595427,7.1784153,-0.035913024
8704,1437154664238,-6.5762734,7.137714,-0.030526072
8705,1437154664258,-6.695385,7.169437,-0.08140286
8706,1437154664283,-6.6385226,7.157466,-0.1352724
8707,1437154664304,-6.5726824,7.1754227,-0.15322891
8708,1437154664325,-6.679224,7.2083426,-0.19991584
8709,1437154664341,-6.657078,7.192182,-0.22565351
8710,1437154664359,-6.6486983,7.144298,-0.20590134
8711,1437154664379,-6.579266,7.1191587,-0.16519992
8712,1437154664400,-6.5828576,7.137714,-0.1340753
8713,1437154664420,-6.669647,7.1826053,-0.15203181
8714,1437154664439,-6.601413,7.1826053,-0.15502456
8715,1437154664609,-6.540959,7.169437,-0.11791443
8716,1437154664610,-6.6163764,7.207744,-0.11611878
8717,1437154664611,-6.605004,7.16824,-0.11611878
8718,1437154664627,-6.479907,7.113772,-0.078410104
8719,1437154664628,-6.63134,7.2005615,-0.08619126
8720,1437154664629,-6.6187706,7.2125325,-0.11611878
8721,1437154664630,-6.637924,7.1365166,0.03172317
8722,1437154664631,-6.6905966,7.1688385,-0.01616086
8723,1437154664632,-6.6445084,7.091625,0.037708677
8724,1437154664671,-6.6630635,7.1101804,0.095169514
8725,1437154664672,-6.733692,7.077859,0.073621705
8726,1437154664679,-6.6295447,7.033566,0.142455
8727,1437154664709,-6.6947865,7.053917,0.14544775
8728,1437154664731,-6.7450647,7.0449386,0.16579847
8729,1437154664740,-6.699575,7.019799,0.15502456
8730,1437154664760,-6.701969,7.020398,0.14903906
8731,1437154664779,-6.669647,7.0090256,0.17118542
8732,1437154664802,-6.63134,7.0066314,0.15382746
8733,1437154664822,-6.6923923,6.9988503,0.12210429
8734,1437154664839,-6.71394,7.012018,0.15023616
8735,1437154664862,-6.749853,7.0156097,0.13467385
8736,1437154664882,-6.807314,7.045537,0.08678981
8737,1437154664902,-6.815095,7.038953,0.08020575
8738,1437154664922,-6.801927,7.0545154,0.032920275
8739,1437154664941,-6.827665,7.045537,0.09995792
8740,1437154664959,-6.657078,6.9545574,0.16280572
8741,1437154664982,-6.6247563,6.981492,0.15562311
8742,1437154665000,-6.7630215,7.038953,0.13826515
8743,1437154665022,-6.771401,7.0371575,0.108936176
8744,1437154665042,-6.667253,7.071873,0.089782566
8745,1437154665061,-6.645107,7.091027,0.03232172
8746,1437154665081,-6.6989765,7.157466,0.037110128
8747,1437154665102,-6.55293,7.1065893,0.047884032
8748,1437154665121,-6.6852098,7.111976,0.076614454
8749,1437154665143,-6.681618,7.12694,0.014963761
8750,1437154665162,-6.6612678,7.0245876,0.12449849
8751,1437154665182,-6.664859,7.053318,0.09995792
8752,1437154665202,-6.6959834,7.0581064,0.091578215
8753,1437154665221,-6.6720414,7.1059904,0.10175357
8754,1437154665241,-6.667852,7.1155677,0.078410104
8755,1437154665268,-6.64391,7.1275387,0.11552023
8756,1437154665340,-6.59423,7.117363,0.110731825
8757,1437154665341,-6.643311,7.131728,0.15682021
8758,1437154665342,-6.579266,7.138911,0.16519992
8759,1437154665343,-6.549339,7.1688385,0.11971009
8760,1437154665362,-6.56131,7.1951747,0.15083471
8761,1437154665379,-6.575675,7.177218,0.12449849
8762,1437154665400,-6.5361705,7.16824,0.1604115
8763,1437154665421,-6.559514,7.1580644,0.1328782
8764,1437154665441,-6.593033,7.189788,0.16998832
8765,1437154665460,-6.6002154,7.2101383,0.09696517
8766,1437154665482,-6.6056023,7.233482,0.11252748
8767,1437154665500,-6.5870476,7.201759,0.12928689
8768,1437154665522,-6.5589156,7.1945763,0.1592144
8769,1437154665546,-6.518214,7.1610575,0.22744916
8770,1437154665562,-6.4864907,7.1981673,0.21667525
8771,1437154665581,-6.5499372,7.240066,0.207697
8772,1437154665608,-6.523601,7.268198,0.18614918
8773,1437154665620,-6.464943,7.2610154,0.16280572
8774,1437154665642,-6.3913217,7.2508397,0.15622166
8775,1437154665660,-6.425439,7.285556,0.14425065
8776,1437154665689,-6.423643,7.253833,0.16280572
8777,1437154665705,-6.499659,7.271789,0.19931729
8778,1437154665735,-6.551733,7.249643,0.16220717
8779,1437154665751,-6.4924765,7.1927805,0.2172738
8780,1437154665760,-6.522404,7.21373,0.19991584
8781,1437154665780,-6.549339,7.264008,0.22026655
8782,1437154665800,-6.5283895,7.2807674,0.22146365
8783,1437154665820,-6.4781113,7.244256,0.23702596
8784,1437154665840,-6.4182563,7.227496,0.23942018
8785,1437154665860,-6.463746,7.2508397,0.22804771
8786,1437154665880,-6.481104,7.2723875,0.23044191
8787,1437154665900,-6.5206084,7.2364745,0.22744916
8788,1437154665920,-6.5241995,7.2125325,0.28072014
8789,1437154665939,-6.5164185,7.1790137,0.30825347
8790,1437154665960,-6.577471,7.2089415,0.3250129
8791,1437154666008,-6.5846534,7.152079,0.32142156
8792,1437154666009,-6.5786676,7.176021,0.3321955
8793,1437154666019,-6.4864907,7.1688385,0.32022446
8794,1437154666040,-6.467337,7.1969705,0.30825347
8795,1437154666059,-6.59423,7.180211,0.272939
8796,1437154666079,-6.494272,7.1502833,0.2813187
8797,1437154666100,-6.6427126,7.1233487,0.29269117
8798,1437154666119,-6.55293,7.129933,0.320823
8799,1437154666140,-6.6163764,7.177817,0.29867667
8800,1437154666163,-6.537368,7.171831,0.26276365
8801,1437154666182,-6.5008564,7.156269,0.27952304
8802,1437154666201,-6.489484,7.132327,0.28550854
8803,1437154666220,-6.5367694,7.129933,0.30346507
8804,1437154666241,-6.631939,7.133524,0.32022446
8805,1437154666260,-6.508039,7.045537,0.37588966
8806,1437154666283,-6.687604,7.2209125,0.39264908
8807,1437154666303,-6.602011,7.195773,0.23523031
8808,1437154666323,-6.4062853,7.2023573,0.34715924
8809,1437154666343,-6.3871317,7.2969284,0.2160767
8810,1437154666360,-6.3685765,7.385514,0.16639702
8811,1437154666383,-6.4427967,7.5267715,0.11791443
8812,1437154666403,-6.393716,7.4627266,0.06404489
8813,1437154666423,-6.459556,7.314286,0.22924481
8814,1437154666443,-6.597821,7.3083005,0.24959552
8815,1437154666461,-6.247071,7.2233067,0.18375498
8816,1437154666482,-6.199187,7.2753806,0.28191724
8817,1437154666503,-6.4302273,7.3687544,0.15023616
8818,1437154666522,-6.4469867,7.32925,0.18614918
8819,1437154666544,-6.2967505,7.258621,0.19273324
8820,1437154666563,-6.4763155,7.2071457,0.20649989
8821,1437154666582,-6.7085533,7.3088994,0.23582886
8822,1437154666600,-6.6893997,7.2568254,0.21428105
8823,1437154666628,-6.3871317,7.111976,0.30466217
8824,1437154666702,-6.6187706,7.16405,0.2645593
8825,1437154666703,-6.728904,7.2819643,0.18674773
8826,1437154666704,-6.5152216,7.1742253,0.20530279
8827,1437154666705,-6.521207,7.1766195,0.28790274
8828,1437154666720,-6.5631056,7.2023573,0.24420857
8829,1437154666742,-6.5325794,7.2304893,0.3238158
8830,1437154666760,-6.4577603,7.3627687,0.23762453
8831,1437154666781,-6.2075663,7.216124,0.19812019
8832,1437154666816,-6.4625487,7.258621,0.3429694
8833,1437154666821,-6.6175733,7.2502413,0.22804771
8834,1437154666842,-6.4828997,7.143699,0.3321955
8835,1437154666861,-6.6989765,7.1472907,0.3866636
8836,1437154666882,-6.605004,7.207744,0.26635495
8837,1437154666904,-6.582259,7.20954,0.30166942
8838,1437154666924,-6.4858923,7.223905,0.23762453
8839,1437154666944,-6.443395,7.231686,0.25617957
8840,1437154666962,-6.4469867,7.293337,0.18375498
8841,1437154666984,-6.4661403,7.291541,0.13706805
8842,1437154667004,-6.467936,7.2687964,0.11611878
8843,1437154667024,-6.530185,7.3328414,0.108936176
8844,1437154667044,-6.443395,7.265804,0.073621705
8845,1437154667064,-6.4751186,7.3202715,0.14604631
8846,1437154667086,-6.5840545,7.241862,0.17298107
8847,1437154667103,-6.503849,7.1107793,0.3752911
8848,1437154667124,-6.4631476,7.019799,0.49559975
8849,1437154667143,-6.487688,7.062895,0.46447513
8850,1437154667164,-6.506243,7.105392,0.44891283
8851,1437154667181,-6.4380083,7.1526775,0.39025488
8852,1437154667204,-6.4344172,7.228095,0.29927522
8853,1437154667224,-6.5247984,7.2843585,0.2765303
8854,1437154667244,-6.5283895,7.3340383,0.22146365
8855,1437154667264,-6.498462,7.3609734,0.26036942
8856,1437154667282,-6.3769565,7.4124484,0.23163901
8857,1437154667303,-6.3380504,7.409456,0.13227965
8858,1437154667323,-6.4026937,7.326257,0.18016368
8859,1437154667341,-6.5128274,7.223905,0.18914193
8860,1437154667413,-6.588843,7.1502833,0.24001873
8861,1437154667418,-6.6852098,7.1550717,0.24121583
8862,1437154667419,-6.731298,7.16824,0.22026655
8863,1437154667430,-6.5840545,7.145495,0.17357962
8864,1437154667442,-6.56131,7.1610575,0.12629414
8865,1437154667461,-6.564901,7.1712327,0.11552023
8866,1437154667481,-6.6187706,7.1867948,0.18375498
8867,1437154667501,-6.6654577,7.2071457,0.22924481
8868,1437154667525,-6.5804634,7.2544312,0.2825158
8869,1437154667541,-6.4846954,7.297527,0.28191724
8870,1437154667562,-6.364985,7.313089,0.32561144
8871,1437154667582,-6.281188,7.305308,0.30406362
8872,1437154667604,-6.247669,7.3322425,0.3477578
8873,1437154667623,-6.2075663,7.316082,0.3321955
8874,1437154667645,-6.329671,7.381324,0.32621
8875,1437154667665,-6.3631897,7.4148426,0.3250129
8876,1437154667685,-6.367379,7.425018,0.36870706
8877,1437154667704,-6.345233,7.3938932,0.37349546
8878,1437154667724,-6.314707,7.3645644,0.4141969
8879,1437154667745,-6.320094,7.2963295,0.40222588
8880,1437154667763,-6.2925606,7.204153,0.40162733
8881,1437154667784,-6.3823433,7.153276,0.4141969
8882,1437154667806,-6.5008564,7.150882,0.362123
8883,1437154667823,-6.6510925,7.1646485,0.29747957
8884,1437154667845,-6.5846534,7.107786,0.2657564
8885,1437154667865,-6.6492968,7.117962,0.23163901
8886,1437154667883,-6.743269,7.141305,0.14784196
8887,1437154667905,-6.791153,7.1604586,0.17657238
8888,1437154667923,-6.724714,7.1059904,0.16879122
8889,1437154667943,-6.643311,7.1101804,0.20051439
8890,1437154667965,-6.693589,7.1514807,0.23523031
8891,1437154667983,-6.567894,7.114969,0.31423897
8892,1437154668005,-6.6492968,7.1784153,0.3250129
8893,1437154668023,-6.71813,7.270592,0.34715924
8894,1437154668043,-6.627749,7.2927384,0.4177882
8895,1437154668064,-6.4457893,7.3059063,0.36870706
8896,1437154668088,-6.049549,7.247847,0.2861071
8897,1437154668164,-6.037578,7.258621,0.20350714
8898,1437154668165,-6.1237693,7.3029137,0.002992752
8899,1437154668166,-6.2901664,7.2304893,-0.08499416
8900,1437154668167,-6.5906386,7.1784153,-0.12689269
8901,1437154668202,-6.8839283,7.169437,-0.17238252
8902,1437154668203,-7.1185603,7.1006036,-0.062249243
8903,1437154668223,-6.9946604,6.997653,0.10594343
8904,1437154668242,-6.977302,7.0605006,0.16519992
8905,1437154668262,-6.819285,7.100005,0.29568392
8906,1437154668282,-6.675633,7.147889,0.3776853
8907,1437154668302,-6.495469,7.2059484,0.40880993
8908,1437154668322,-6.1967926,7.1712327,0.40462008
8909,1437154668343,-6.1596823,7.229292,0.40821138
8910,1437154668362,-6.320094,7.2227077,0.38486794
8911,1437154668383,-6.3721676,7.231686,0.33877954
8912,1437154668405,-6.4427967,7.271789,0.23463176
8913,1437154668425,-6.5307837,7.2687964,0.19273324
8914,1437154668444,-6.4505777,7.2406645,0.14604631
8915,1437154668465,-6.5696893,7.301717,0.1328782
8916,1437154668485,-6.595427,7.268198,0.18674773
8917,1437154668506,-6.577471,7.2245035,0.32920274
8918,1437154668525,-6.4302273,7.2262993,0.3633201
8919,1437154668543,-6.337452,7.2885485,0.32561144
8920,1437154668563,-6.199187,7.323863,0.30825347
8921,1437154668584,-6.321291,7.439982,0.19093758
8922,1437154668603,-6.30513,7.4525514,0.15622166
8923,1437154668625,-6.238691,7.4405804,0.20051439
8924,1437154668643,-6.2793927,7.4495587,0.13706805
8925,1437154668663,-6.3206925,7.4345946,0.088585466
8926,1437154668686,-6.4008985,7.4908586,0.04309563
8927,1437154668704,-6.4044895,7.4232225,0.04369418
8928,1437154668725,-6.479907,7.390302,0.10295067
8929,1437154668743,-6.473323,7.2927384,0.2220622
8930,1437154668764,-6.4098763,7.183802,0.38067806
8931,1437154668786,-6.3943143,7.201759,0.46686932
8932,1437154668803,-6.5068417,7.1808095,0.5518635
8933,1437154668824,-6.476914,7.1820064,0.6721721
8934,1437154668852,-6.4122705,7.2484455,0.6338649
8935,1437154668912,-6.2650275,7.326257,0.58657944
8936,1437154668913,-6.344036,7.3627687,0.61530983
8937,1437154668914,-6.3470287,7.423821,0.58657944
8938,1437154668923,-6.284181,7.3406224,0.5979519
8939,1437154668944,-6.215348,7.3831196,0.53689975
8940,1437154668964,-6.130952,7.405266,0.40761283
8941,1437154668990,-6.1530986,7.4465656,0.3238158
8942,1437154669009,-6.1955953,7.4322004,0.25318682
8943,1437154669023,-6.27221,7.4591355,0.15741876
8944,1437154669043,-6.25964,7.328053,0.08798691
8945,1437154669063,-6.31351,7.2448545,0.074818805
8946,1437154669083,-6.4416,7.180211,0.077811554
8947,1437154669108,-6.5068417,7.219715,0.12988544
8948,1437154669137,-6.712743,7.1604586,0.2112883
8949,1437154669144,-6.5146227,7.1233487,0.25558102
8950,1437154669169,-6.3368535,7.2634096,0.015562311
8951,1437154669184,-6.4380083,7.36217,0.037708677
8952,1437154669206,-6.3105173,7.4788876,-0.019153614
8953,1437154669223,-6.2985463,7.5333557,0.029927522
8954,1437154669244,-6.0848637,7.4471645,0.107739076
8955,1437154669264,-5.931036,7.4848733,0.047884032
8956,1437154669286,-6.097433,7.463924,0.011372458
8957,1437154669306,-6.1207767,7.445369,0.074220255
8958,1437154669326,-6.3661823,7.371747,0.16220717
8959,1437154669347,-6.1979895,7.2388687,0.18315643
8960,1437154669364,-6.4338183,7.2388687,0.2136825
8961,1437154669386,-6.616975,7.253833,0.1388637
8962,1437154669404,-6.779781,7.3100963,0.11671733
8963,1437154669424,-6.835446,7.228095,0.23104046
8964,1437154669448,-6.8103065,7.137714,0.39923313
8965,1437154669464,-6.701969,7.141904,0.45669398
8966,1437154669485,-6.675633,7.252037,0.47524905
8967,1437154669507,-6.640917,7.442376,0.45908818
8968,1437154669525,-6.5487404,7.545925,0.4830302
8969,1437154669546,-6.317101,7.597999,0.51116204
8970,1437154669566,-6.1046157,7.6201453,0.5835867
8971,1437154669584,-6.06152,7.631518,0.6386533
8972,1437154669607,-5.957971,7.493851,0.7218518
8973,1437154669626,-5.781399,7.4208283,0.74758947
8974,1437154669646,-5.8663926,7.392098,0.6344634
8975,1437154669676,-5.928642,7.3669586,0.557849
8976,1437154669746,-6.227319,7.3747396,0.5033809
8977,1437154669747,-6.2769985,7.33763,0.38307226
8978,1437154669748,-6.3380504,7.2783732,0.29688102
8979,1437154669749,-6.4086795,7.2472486,0.29807812
8980,1437154669765,-6.5846534,7.318476,0.2801216
8981,1437154669787,-6.706159,7.299921,0.30885202
8982,1437154669804,-6.7253127,7.281366,0.39085343
8983,1437154669838,-6.843227,7.2819643,0.439336
8984,1437154669858,-6.755839,7.20535,0.5542577
8985,1437154669864,-6.5990186,7.0994067,0.57520694
8986,1437154669886,-6.6271505,7.050924,0.6464345
8987,1437154669905,-6.692991,7.0646906,0.5883751
8988,1437154669926,-6.6486983,7.0820484,0.5590461
8989,1437154669946,-6.619968,7.1023993,0.50038815
8990,1437154669965,-6.542156,7.0221934,0.3184288
8991,1437154669995,-6.409278,7.043143,0.219668
8992,1437154670004,-6.4445925,6.9988503,0.007182605
8993,1437154670024,-6.767211,7.2490444,-0.0700304
8994,1437154670044,-6.7522473,7.065888,-0.24899697
8995,1437154670064,-6.770204,7.1287355,-0.093972415
8996,1437154670085,-7.067085,7.08564,-0.06703765
8997,1437154670105,-6.968324,7.03596,0.02932897
8998,1437154670132,-6.7947445,6.918046,0.09696517
8999,1437154670144,-6.7719994,6.9479733,0.12150574
9000,1437154670164,-6.8528037,6.969521,0.14544775
9001,1437154670184,-6.9120603,7.0461354,0.15861586
9002,1437154670204,-6.839037,7.08564,0.091578215
9003,1437154670224,-6.6044054,7.1167645,0.108936176
9004,1437154670245,-6.4386067,7.0461354,0.1604115
9005,1437154670264,-6.39192,7.161656,0.16101007
9006,1437154670285,-6.2207346,7.047333,0.1592144
9007,1437154670306,-6.3566055,7.0688806,0.24480712
9008,1437154670326,-6.531981,7.1790137,0.11252748
9009,1437154670345,-6.482301,7.1502833,0.09816227
9010,1437154670365,-6.615778,7.147889,0.24061728
9011,1437154670387,-6.6044054,7.3442135,0.2088941
9012,1437154670405,-6.31351,7.3807254,0.19093758
9013,1437154670477,-6.3979053,7.538144,0.30885202
9014,1437154670478,-6.4727244,7.5668745,0.24181437
9015,1437154670479,-6.367379,7.665635,0.23104046
9016,1437154670486,-5.9358244,7.479486,0.16998832
9017,1437154670506,-5.741296,7.301717,0.3716998
9018,1437154670527,-6.327875,7.45734,0.26276365
9019,1437154670564,-6.505046,7.314286,0.18734628
9020,1437154670565,-6.432023,7.33763,0.28909984
9021,1437154670584,-6.367978,7.277176,0.08319851
9022,1437154670604,-6.3248825,7.285556,0.16998832
9023,1437154670629,-6.5026517,7.382521,0.017357962
9024,1437154670646,-6.5068417,7.3897038,-0.016759412
9025,1437154670664,-6.3578024,7.1592617,0.18195933
9026,1437154670687,-6.68102,7.3388267,0.12868834
9027,1437154670707,-6.6864066,7.358579,-0.004189853
9028,1437154670728,-6.7043633,7.3124905,0.077213004
9029,1437154670745,-6.487688,7.1622543,0.08080431
9030,1437154670767,-6.6480994,7.1006036,0.18854338
9031,1437154670788,-6.9946604,7.0940194,0.13587095
9032,1437154670807,-6.737882,7.1646485,0.19033903
9033,1437154670828,-6.602011,7.0610995,0.2088941
9034,1437154670845,-6.530185,7.1460934,0.33518824
9035,1437154670866,-6.349423,7.0108213,0.32680854
9036,1437154670888,-6.4739213,7.5566993,0.39863458
9037,1437154670907,-6.010045,7.229292,0.24361002
9038,1437154670925,-6.0387754,7.2969284,0.56802434
9039,1437154670944,-6.491279,7.431602,0.3465607
9040,1437154670964,-6.2380924,7.3364325,0.45310268
9041,1437154670990,-6.3464303,7.299921,0.5153519
9042,1437154671009,-6.4805055,7.4483614,0.45190558
9043,1437154671030,-6.019622,7.216124,0.45729253
9044,1437154671045,-6.203975,7.341221,0.5374983
9045,1437154671065,-6.637924,7.3466077,0.34596214
9046,1437154671084,-6.6840124,7.2699933,0.47165772
9047,1437154671105,-6.5984197,7.1311297,0.46267948
9048,1437154671126,-6.4248405,7.141305,0.439336
9049,1437154671195,-6.4906807,7.215525,0.4189853
9050,1437154671196,-6.3607955,7.247847,0.29448682
9051,1437154671197,-6.4631476,7.2765775,0.3477578
9052,1437154671208,-6.5523314,7.3310456,0.31364042
9053,1437154671225,-6.3781533,7.338228,0.33039984
9054,1437154671249,-6.341642,7.436989,0.32561144
9055,1437154671265,-6.282984,7.5590935,0.24480712
9056,1437154671285,-6.2482677,7.5471225,0.26396075
9057,1437154671311,-6.1620765,7.518392,0.24660277
9058,1437154671326,-6.117185,7.4345946,0.24480712
9059,1437154671346,-6.217143,7.3962874,0.3441665
9060,1437154671367,-6.339846,7.3633676,0.34596214
9061,1437154671386,-6.566098,7.436989,0.45310268
9062,1437154671405,-6.625355,7.3849154,0.533907
9063,1437154671428,-6.469133,7.326257,0.6775591
9064,1437154671449,-6.4445925,7.2963295,0.6895301
9065,1437154671469,-6.2859764,7.253234,0.6967127
9066,1437154671488,-6.2141504,7.2723875,0.5770026
9067,1437154671508,-6.083068,7.3047094,0.46567222
9068,1437154671529,-6.091448,7.351396,0.3842694
9069,1437154671548,-6.2362967,7.421427,0.31184477
9070,1437154671569,-6.3218894,7.4256167,0.27473465
9071,1437154671586,-6.443395,7.367557,0.3429694
9072,1437154671610,-6.4487824,7.2831616,0.41359833
9073,1437154671628,-6.5026517,7.219715,0.50038815
9074,1437154671648,-6.4787097,7.2023573,0.5386954
9075,1437154671669,-6.452972,7.2388687,0.5386954
9076,1437154671690,-6.4104753,7.2783732,0.53689975
9077,1437154671709,-6.3913217,7.3106947,0.47225627
9078,1437154671729,-6.3805475,7.319673,0.4854244
9079,1437154671748,-6.30513,7.3059063,0.4381389
9080,1437154671766,-6.4122705,7.3687544,0.34476504
9081,1437154671790,-6.4218473,7.3208704,0.35913026
9082,1437154671810,-6.356007,7.289147,0.40222588
9083,1437154671830,-6.4445925,7.3178773,0.3597288
9084,1437154671851,-6.423643,7.3047094,0.34596214
9085,1437154671869,-6.294955,7.3190746,0.3417723
9086,1437154671888,-6.3248825,7.347805,0.2777274
9087,1437154671967,-6.307524,7.4226236,0.24720132
9088,1437154671968,-6.341642,7.4705076,0.2124854
9089,1437154671969,-6.23091,7.45734,0.23523031
9090,1437154671970,-6.330868,7.563283,0.22625206
9091,1437154671987,-6.355408,7.575853,0.20051439
9092,1437154672013,-6.273407,7.4866686,0.3226187
9093,1437154672028,-6.208165,7.442376,0.31064767
9094,1437154672049,-6.2075663,7.3645644,0.38726214
9095,1437154672067,-6.2303114,7.3100963,0.37349546
9096,1437154672086,-6.2883706,7.2951326,0.3573346
9097,1437154672111,-6.3739634,7.2807674,0.35194764
9098,1437154672127,-6.401497,7.27957,0.32680854
9099,1437154672151,-6.4152637,7.2568254,0.362123
9100,1437154672169,-6.4481835,7.3005195,0.3549404
9101,1437154672189,-6.467337,7.2885485,0.39444473
9102,1437154672209,-6.4242415,7.307702,0.37828386
9103,1437154672229,-6.4421983,7.3322425,0.37349546
9104,1437154672249,-6.4308257,7.3567834,0.37948096
9105,1437154672269,-6.4098763,7.3723454,0.36870706
9106,1437154672289,-6.452972,7.41185,0.3345897
9107,1437154672309,-6.3739634,7.3777328,0.3393781
9108,1437154672329,-6.3907228,7.3603745,0.3286042
9109,1437154672348,-6.409278,7.3310456,0.31304187
9110,1437154672368,-6.4948707,7.3100963,0.31064767
9111,1437154672389,-6.5283895,7.259818,0.39863458
9112,1437154672407,-6.461352,7.187992,0.44472298
9113,1437154672426,-6.464943,7.2203135,0.46148238
9114,1437154672446,-6.528988,7.2634096,0.44891283
9115,1437154672469,-6.38354,7.3029137,0.3866636
9116,1437154672489,-6.3177,7.3166804,0.3866636
9117,1437154672509,-6.314707,7.3525934,0.36631286
9118,1437154672526,-6.3470287,7.3657618,0.38845924
9119,1437154672546,-6.3512187,7.347805,0.4249708
9120,1437154672566,-6.4242415,7.3723454,0.415394
9121,1437154672586,-6.429629,7.3849154,0.42437226
9122,1437154672699,-6.3847375,7.341221,0.5153519
9123,1437154672700,-6.367379,7.341221,0.50996494
9124,1437154672701,-6.355408,7.3071036,0.58538234
9125,1437154672702,-6.363788,7.3059063,0.623091
9126,1437154672703,-6.3165026,7.301717,0.64463884
9127,1437154672778,-6.303933,7.2807674,0.6434417
9128,1437154672779,-6.2608376,7.305308,0.6344634
9129,1437154672780,-6.266823,7.330447,0.6332663
9130,1437154672781,-6.302736,7.3609734,0.64583594
9131,1437154672818,-6.325481,7.3627687,0.61890113
9132,1437154672819,-6.2584434,7.3657618,0.61530983
9133,1437154672826,-6.2865753,7.4226236,0.5363012
9134,1437154672847,-6.3153057,7.4669166,0.46746787
9135,1437154672866,-6.2542534,7.433398,0.44113165
9136,1437154672886,-6.2488666,7.4723034,0.42437226
9137,1437154672906,-6.2422824,7.4232225,0.44711718
9138,1437154672927,-6.3105173,7.428011,0.47405192
9139,1437154672947,-6.415862,7.417237,0.4914099
9140,1437154672967,-6.385336,7.3849154,0.4770447
9141,1437154672986,-6.341043,7.289746,0.52073884
9142,1437154673007,-6.215348,7.20535,0.5363012
9143,1437154673026,-6.3009405,7.2298903,0.42796355
9144,1437154673047,-6.43322,7.3029137,0.32022446
9145,1437154673067,-6.5188127,7.2831616,0.2777274
9146,1437154673087,-6.5625067,7.16405,0.38965634
9147,1437154673105,-6.537368,7.1820064,0.33518824
9148,1437154673126,-6.6492968,7.290344,0.38307226
9149,1437154673146,-6.582259,7.2873516,0.44711718
9150,1437154673167,-6.464943,7.351995,0.545878
9151,1437154673190,-6.423643,7.4148426,0.5638345
9152,1437154673210,-6.137536,7.4310036,0.62009823
9153,1437154673230,-5.9723363,7.4375877,0.66618663
9154,1437154673248,-5.975329,7.433398,0.6147113
9155,1437154673267,-6.007651,7.455544,0.5129577
9156,1437154673287,-6.1423244,7.4974427,0.40641573
9157,1437154673310,-6.2865753,7.538144,0.32680854
9158,1437154673327,-6.351817,7.545925,0.3669114
9159,1437154673347,-6.305729,7.5309615,0.42317516
9160,1437154673368,-6.2644286,7.504027,0.545878
9161,1437154673386,-6.173449,7.491457,0.61770403
9162,1437154673406,-6.113594,7.5429325,0.6302736
9163,1437154673426,-6.0531406,7.5207863,0.6584055
9164,1437154673447,-5.990891,7.502231,0.66020113
9165,1437154673466,-6.029797,7.4693108,0.6398504
9166,1437154673487,-6.129156,7.442376,0.6584055
9167,1437154673510,-6.2063694,7.4112515,0.6314707
9168,1437154673531,-6.163274,7.317279,0.62847793
9169,1437154673547,-6.2327056,7.3352356,0.56563014
9170,1437154673573,-6.2967505,7.375937,0.52732295
9171,1437154673588,-6.3338604,7.453748,0.40821138
9172,1437154673609,-6.365584,7.421427,0.4333505
9173,1437154673631,-6.105214,7.2843585,0.39743748
9174,1437154673650,-6.143522,7.293337,0.3561375
9175,1437154673670,-6.6684504,7.445369,0.4225766
9176,1437154673690,-6.615778,7.4465656,0.46148238
9177,1437154673708,-6.3105173,7.41185,0.50996494
9178,1437154673731,-6.1106014,7.378331,0.46806642
9179,1437154673749,-5.989694,7.3849154,0.439336
9180,1437154673768,-5.9902925,7.429208,0.3645172
9181,1437154673792,-6.220136,7.557896,0.2172738
9182,1437154673810,-6.3488245,7.6225395,0.16759412
9183,1437154673830,-6.3123126,7.57286,0.24420857
9184,1437154673851,-6.283582,7.5602903,0.2088941
9185,1437154673871,-6.245275,7.529764,0.23283611
9186,1437154673900,-6.0716953,7.472902,0.29628247
9187,1437154673907,-6.114791,7.40766,0.31304187
9188,1437154673927,-6.105813,7.381324,0.30166942
9189,1437154673947,-6.291962,7.454347,0.25857377
9190,1437154673967,-6.3488245,7.477092,0.18255788
9191,1437154673988,-6.321291,7.4268136,0.14664486
9192,1437154674007,-6.2650275,7.438186,0.11312603
9193,1437154674028,-6.199785,7.4723034,0.06464344
9194,1437154674049,-6.18961,7.480085,0.037708677
9195,1437154674067,-6.136339,7.49026,0.017357962
9196,1437154674089,-6.183026,7.5016327,-0.010773907
9197,1437154674111,-6.2458735,7.4854717,0.024540568
9198,1437154674129,-6.278794,7.3819222,0.12150574
9199,1437154674149,-6.3865333,7.341221,0.18076223
9200,1437154674169,-6.4469867,7.417237,0.21068975
9201,1437154674191,-6.4511766,7.5207863,0.12629414
9202,1437154674209,-6.2943563,7.61416,0.08080431
9203,1437154674230,-6.2303114,7.6829934,0.06703765
9204,1437154674251,-6.0806737,7.7147164,0.027533319
9205,1437154674271,-5.9944825,7.6907744,-0.006584055
9206,1437154674291,-5.921459,7.590218,0.022146367
9207,1437154674311,-6.035184,7.462128,0.095169514
9208,1437154674331,-6.275801,7.4190326,0.1352724
9209,1437154674351,-6.4427967,7.316082,0.14604631
9210,1437154674372,-6.3829417,7.2304893,0.22146365
9211,1437154674390,-6.467936,7.2873516,0.22565351
9212,1437154674412,-6.5307837,7.307702,0.20829555
9213,1437154674429,-6.4152637,7.357382,0.24301147
9214,1437154674450,-6.3033347,7.3352356,0.1933318
9215,1437154674469,-6.229713,7.4124484,0.17717093
9216,1437154674492,-6.293758,7.44896,0.13347675
9217,1437154674512,-6.2045736,7.4764934,0.10055647
9218,1437154674533,-6.261436,7.491457,0.1352724
9219,1437154674550,-6.284181,7.4567413,0.15801731
9220,1437154674571,-6.269816,7.4112515,0.23942018
9221,1437154674589,-6.345233,7.3950906,0.24480712
9222,1437154674614,-6.3272767,7.3633676,0.30406362
9223,1437154674691,-6.35062,7.3765354,0.28550854
9224,1437154674692,-6.3793507,7.405266,0.26994625
9225,1437154674693,-6.375759,7.3897038,0.23403321
9226,1437154674694,-6.2608376,7.459734,0.21906945
9227,1437154674720,-6.2823853,7.4950485,0.15622166
9228,1437154674728,-6.1806316,7.5363483,0.18614918
9229,1437154674752,-6.217742,7.521983,0.24181437
9230,1437154674769,-6.1943984,7.4932528,0.32920274
9231,1437154674825,-6.159084,7.429208,0.39324763
9232,1437154674826,-6.0507464,7.345411,0.42916065
9233,1437154674832,-5.979519,7.33344,0.4369418
9234,1437154674850,-6.1686606,7.369353,0.3585317
9235,1437154674869,-6.2847795,7.4471645,0.29688102
9236,1437154674889,-6.389526,7.451354,0.22146365
9237,1437154674912,-6.363788,7.526173,0.11133038
9238,1437154674929,-6.4284315,7.5985975,0.14724341
9239,1437154674950,-6.323685,7.642292,0.12928689
9240,1437154674980,-6.060323,7.6069775,0.24001873
9241,1437154674989,-6.037578,7.6800003,0.2184709
9242,1437154675009,-5.93343,7.726089,0.19093758
9243,1437154675029,-5.7975593,7.65127,0.25318682
9244,1437154675050,-5.7389016,7.626131,0.23403321
9245,1437154675073,-5.8119245,7.553706,0.25079262
9246,1437154675087,-5.9723363,7.5686703,0.19572599
9247,1437154675109,-6.063316,7.5213847,0.17776948
9248,1437154675133,-6.1782374,7.5375457,0.16340427
9249,1437154675153,-6.2315083,7.5842323,0.11192893
9250,1437154675173,-6.1836243,7.6309195,0.10235212
9251,1437154675188,-6.156091,7.653664,0.046088383
9252,1437154675208,-6.0860605,7.657854,-0.016759412
9253,1437154675229,-5.9926867,7.6410947,-0.05207389
9254,1437154675253,-5.9843073,7.631518,-0.14544775
9255,1437154675273,-5.9585695,7.617751,-0.15981296
9256,1437154675288,-5.929839,7.6464815,-0.22565351
9257,1437154675308,-5.9280434,7.6285253,-0.23403321
9258,1437154675329,-6.010045,7.6285253,-0.30286652
9259,1437154675354,-6.0980315,7.6363063,-0.31364042
9260,1437154675368,-6.1183825,7.6602483,-0.2753332
9261,1437154675389,-6.126762,7.6692266,-0.30286652
9262,1437154675411,-6.069301,7.647679,-0.3393781
9263,1437154675430,-6.1836243,7.6961613,-0.31124622
9264,1437154675453,-6.2566476,7.7009497,-0.34835634
9265,1437154675470,-6.097433,7.643489,-0.31004912
9266,1437154675488,-6.027403,7.541735,-0.29927522
9267,1437154675513,-6.135142,7.542334,-0.24839842
9268,1437154675533,-6.205771,7.541735,-0.2669535
9269,1437154675552,-6.1782374,7.4830775,-0.23044191
9270,1437154675571,-6.2644286,7.49445,-0.23104046
9271,1437154675592,-6.2488666,7.5231805,-0.24540567
9272,1437154675617,-6.214749,7.487866,-0.18315643
9273,1437154675630,-6.191406,7.5189905,-0.18375498
9274,1437154675651,-6.161478,7.5231805,-0.17357962
9275,1437154675669,-6.249465,7.554305,-0.11611878
9276,1437154675695,-6.1938,7.551911,-0.13467385
9277,1437154675711,-6.194997,7.523779,-0.08738836
9278,1437154675733,-6.265626,7.4764934,-0.16160862
9279,1437154675749,-6.3392477,7.553706,-0.2220622
9280,1437154675771,-6.2225304,7.6147585,-0.272939
9281,1437154675791,-6.283582,7.6704235,-0.22026655
9282,1437154675814,-6.3003416,7.6608467,-0.15322891
9283,1437154675834,-6.220136,7.627927,-0.16340427
9284,1437154675855,-6.201581,7.6003933,-0.107739076
9285,1437154675872,-6.238691,7.574057,-0.11971009
9286,1437154675891,-6.2650275,7.524976,-0.11552023
9287,1437154675909,-6.1183825,7.4070616,-0.14664486
9288,1437154675931,-6.2129536,7.4322004,-0.17537527
9289,1437154675951,-6.249465,7.435792,-0.25198972
9290,1437154675973,-6.365584,7.4058642,-0.26874915
9291,1437154676026,-6.2632318,7.3190746,-0.22146365
9292,1437154676027,-6.3260794,7.3723454,-0.24301147
9293,1437154676039,-6.4625487,7.4310036,-0.3309984
9294,1437154676051,-6.2763996,7.4848733,-0.26755205
9295,1437154676070,-6.2566476,7.469909,-0.32441434
9296,1437154676091,-6.169259,7.4711065,-0.28790274
9297,1437154676110,-6.163274,7.431602,-0.30047232
9298,1437154676133,-6.043564,7.371747,-0.2621651
9299,1437154676150,-5.959168,7.3777328,-0.20829555
9300,1437154676170,-5.9783216,7.4884644,-0.30885202
9301,1437154676196,-5.9322333,7.6973586,-0.4794389
9302,1437154676211,-5.923255,7.864354,-0.58777654
9303,1437154676231,-5.8987145,7.8972745,-0.48961425
9304,1437154676253,-5.795165,7.9313917,-0.5291186
9305,1437154676273,-5.710171,7.9074497,-0.61052144
9306,1437154676293,-5.7442884,7.9224133,-0.52612585
9307,1437154676312,-5.8083334,7.891887,-0.5105635
9308,1437154676333,-5.8604074,7.8727336,-0.48123455
9309,1437154676353,-5.8574142,7.77517,-0.47764325
9310,1437154676373,-5.9717374,7.7410526,-0.46507367
9311,1437154676393,-6.023213,7.727885,-0.46387658
9312,1437154676412,-5.946,7.5962033,-0.43275195
9313,1437154676432,-5.963358,7.559692,-0.4333505
9314,1437154676453,-6.130952,7.6147585,-0.41838676
9315,1437154676473,-6.093842,7.578247,-0.42437226
9316,1437154676493,-6.0148335,7.6009917,-0.4213795
9317,1437154676511,-6.0926447,7.6069775,-0.43514615
9318,1437154676532,-6.0890536,7.6704235,-0.47345337
9319,1437154676553,-6.14831,7.687782,-0.45010993
9320,1437154676576,-6.042965,7.6309195,-0.46986207
9321,1437154676594,-6.0268044,7.7051396,-0.45250413
9322,1437154676613,-6.039374,7.73806,-0.53211135
9323,1437154676633,-5.988497,7.7608047,-0.56323594
9324,1437154676652,-5.9621606,7.6680293,-0.58418524
9325,1437154676675,-6.005256,7.685986,-0.56203884
9326,1437154676764,-6.1399302,7.703344,-0.6027403
9327,1437154676765,-6.1249666,7.6572556,-0.59735334
9328,1437154676766,-6.1979895,7.563882,-0.5710171
9329,1437154676767,-6.187216,7.514202,-0.599149
9330,1437154676833,-6.18542,7.41604,-0.5315128
9331,1437154676834,-6.1824274,7.337031,-0.5374983
9332,1437154676835,-6.2129536,7.3112936,-0.5518635
9333,1437154676836,-6.3230867,7.3005195,-0.54767364
9334,1437154676850,-6.381745,7.3071036,-0.55964464
9335,1437154676871,-6.4344172,7.2807674,-0.5722142
9336,1437154676911,-6.445191,7.277176,-0.54767364
9337,1437154676912,-6.4302273,7.2909427,-0.5434838
9338,1437154677034,-6.4386067,7.28795,-0.53450555
9339,1437154677035,-6.4338183,7.3071036,-0.50637364
9340,1437154677036,-6.4817023,7.3525934,-0.5033809
9341,1437154677037,-6.3871317,7.3226657,-0.46806642
9342,1437154677038,-6.3763576,7.3202715,-0.4261679
9343,1437154677039,-6.335656,7.3244615,-0.43394905
9344,1437154677072,-6.279991,7.3298483,-0.45310268
9345,1437154677073,-6.3589997,7.380127,-0.46267948
9346,1437154677090,-6.505046,7.414244,-0.44532153
9347,1437154677110,-6.457162,7.341221,-0.46447513
9348,1437154677132,-6.4098763,7.275979,-0.374094
9349,1437154677150,-6.5445504,7.289746,-0.4309563
9350,1437154677170,-6.441001,7.2514386,-0.4985925
9351,1437154677192,-6.5511346,7.2388687,-0.40342298
9352,1437154677209,-6.56131,7.2191167,-0.40821138
9353,1437154677232,-6.476914,7.177817,-0.39264908
9354,1437154677252,-6.481104,7.20535,-0.38067806
9355,1437154677271,-6.4948707,7.2185183,-0.4297592
9356,1437154677291,-6.471527,7.231686,-0.41000703
9357,1437154677312,-6.5307837,7.265804,-0.47225627
9358,1437154677329,-6.5828576,7.2526355,-0.45968673
9359,1437154677352,-6.602011,7.2634096,-0.41120413
9360,1437154677372,-6.5499372,7.2646065,-0.46806642
9361,1437154677392,-6.6205664,7.237672,-0.36870706
9362,1437154677414,-6.5589156,7.207744,-0.38486794
9363,1437154677432,-6.527791,7.1664443,-0.3609259
9364,1437154677451,-6.505645,7.0844426,-0.36750996
9365,1437154677471,-6.5726824,7.086837,-0.40102878
9366,1437154677494,-6.7450647,7.116166,-0.43993455
9367,1437154677510,-6.7600284,7.098808,-0.46447513
9368,1437154677530,-6.739678,7.065289,-0.42437226
9369,1437154677550,-6.7199254,7.0449386,-0.45190558
9370,1437154677572,-6.75524,7.1107793,-0.45130703
9371,1437154677591,-6.733692,7.109582,-0.48123455
9372,1437154677613,-6.6720414,7.050924,-0.40701428
9373,1437154677632,-6.723517,7.1023993,-0.4429273
9374,1437154677654,-6.766014,7.08145,-0.43275195
9375,1437154677674,-6.7773867,7.102998,-0.39264908
9376,1437154677694,-6.770204,7.067085,-0.35673606
9377,1437154677712,-6.737882,7.079056,-0.40641573
9378,1437154677732,-6.619968,7.0730705,-0.36631286
9379,1437154677754,-6.5128274,7.1065893,-0.34596214
9380,1437154677774,-6.43322,7.08145,-0.40761283
9381,1437154677794,-6.5379663,7.1006036,-0.34715924
9382,1437154677814,-6.6044054,7.111976,-0.3441665
9383,1437154677834,-6.4805055,7.071873,-0.36152446
9384,1437154677853,-6.7486563,7.1383123,-0.39324763
9385,1437154677874,-6.9677253,7.1191587,-0.40581718
9386,1437154677895,-6.7893577,6.9838862,-0.3890578
9387,1437154677913,-6.6708446,6.913856,-0.3752911
9388,1437154677934,-6.745663,6.89171,-0.3513491
9389,1437154677954,-6.8947024,6.981492,-0.3752911
9390,1437154677974,-7.0341644,7.1155677,-0.42916065
9391,1437154677995,-6.8480153,7.1748238,-0.53091425
9392,1437154678013,-6.533178,7.117363,-0.46327803
9393,1437154678036,-6.5110316,7.227496,-0.5093664
9394,1437154678052,-6.0363812,7.7332716,-0.8367735
9395,1437154678073,-4.8859673,8.1343,-1.412579
9396,1437154678092,-5.2247467,8.807071,-1.5185224
9397,1437154678166,-6.0262055,8.238448,-1.0055647
9398,1437154678167,-5.884948,7.4286094,0.0688333
9399,1437154678168,-6.147113,6.678027,0.5153519
9400,1437154678183,-6.3123126,6.7504516,0.20649989
9401,1437154678192,-6.6085954,6.743269,0.078410104
9402,1437154678212,-6.9982514,6.811504,-0.13587095
9403,1437154678232,-6.601413,6.907272,-0.48841715
9404,1437154678252,-6.9581485,7.1790137,-0.64703304
9405,1437154678275,-6.9371996,7.5201874,-0.95827925
9406,1437154678292,-6.871359,7.7679873,-1.002572
9407,1437154678313,-6.2285156,7.599795,-1.1097125
9408,1437154678338,-5.3486466,7.4585366,-0.8475474
9409,1437154678352,-5.8424506,7.4244194,-0.76315176
9410,1437154678373,-6.700772,7.7159133,-0.8194155
9411,1437154678395,-6.595427,7.4974427,-0.6925228
9412,1437154678415,-6.3871317,7.2747817,-0.6290765
9413,1437154678435,-6.0782795,7.417237,-0.7577648
9414,1437154678452,-6.238691,7.6494746,-0.70509243
9415,1437154678474,-6.129156,7.6602483,-0.6961141
9416,1437154678495,-5.9304376,7.6123643,-0.64703304
9417,1437154678515,-6.0148335,7.630321,-0.6775591
9418,1437154678535,-6.194997,7.6003933,-0.55246204
9419,1437154678552,-6.2554507,7.60997,-0.5506664
9420,1437154678573,-6.5577183,7.579444,-0.46567222
9421,1437154678595,-6.4104753,7.313688,-0.2160767
9422,1437154678615,-6.319495,7.317279,-0.24001873
9423,1437154678636,-6.307524,7.1903863,-0.22565351
9424,1437154678652,-6.432023,7.2089415,-0.20051439
9425,1437154678674,-6.3901243,7.1341224,-0.24540567
9426,1437154678695,-6.256049,7.265205,-0.3345897
9427,1437154678715,-6.295553,7.2819643,-0.3489549
9428,1437154678735,-6.4817023,7.3106947,-0.30765492
9429,1437154678755,-6.7229185,7.419631,-0.39205053
9430,1437154678773,-6.701969,7.338228,-0.29628247
9431,1437154678793,-6.534375,7.318476,-0.29448682
9432,1437154678814,-6.3631897,7.314286,-0.24839842
9433,1437154678833,-6.26802,7.3059063,-0.2124854
9434,1437154678924,-6.3248825,7.2484455,-0.20171149
9435,1437154678925,-6.510433,7.197569,-0.17477672
9436,1437154678926,-6.6385226,7.123947,-0.13227965
9437,1437154678927,-6.8091097,6.996456,-0.095768064
9438,1437154678959,-6.7809777,6.795343,-0.049679685
9439,1437154678960,-6.819285,6.741473,0.08319851
9440,1437154678999,-7.2729864,6.9701195,0.12569559
9441,1437154679000,-7.3226657,7.114969,0.062249243
9442,1437154679041,-7.0605006,7.1484876,0.09636662
9443,1437154679042,-6.8348475,7.129933,0.15382746
9444,1437154679103,-6.4386067,7.2083426,0.04369418
9445,1437154679107,-6.145317,7.2951326,0.01616086
9446,1437154679108,-6.0651116,7.3633676,-0.031124622
9447,1437154679115,-6.0651116,7.328053,-0.11312603
9448,1437154679133,-6.1501055,7.2262993,-0.11611878
9449,1437154679152,-6.3721676,7.1107793,-0.18674773
9450,1437154679174,-6.5241995,7.0275807,-0.26036942
9451,1437154679193,-6.6905966,6.9186444,-0.29328972
9452,1437154679214,-6.9587474,6.9222355,-0.25498247
9453,1437154679236,-7.119757,6.9048777,-0.28431144
9454,1437154679256,-6.9707184,6.989872,-0.32022446
9455,1437154679274,-7.000047,7.0371575,-0.33399114
9456,1437154679294,-6.839037,7.1143703,-0.34117374
9457,1437154679316,-6.7684083,7.1006036,-0.32142156
9458,1437154679336,-6.600814,7.137714,-0.260968
9459,1437154679354,-6.583456,7.233482,-0.28431144
9460,1437154679375,-6.5337763,7.247847,-0.2813187
9461,1437154679393,-6.481104,7.241263,-0.24001873
9462,1437154679415,-6.4697313,7.2322845,-0.26276365
9463,1437154679436,-6.5032506,7.2514386,-0.28191724
9464,1437154679454,-6.5804634,7.240066,-0.260968
9465,1437154679474,-6.4960675,7.120356,-0.24899697
9466,1437154679495,-6.4924765,7.0209966,-0.20051439
9467,1437154679515,-6.606201,7.1305313,-0.24241292
9468,1437154679534,-6.739079,7.1371155,-0.25797522
9469,1437154679556,-6.6480994,7.1754227,-0.14724341
9470,1437154679574,-6.619369,7.228095,-0.20709845
9471,1437154679593,-6.483498,7.2927384,-0.17597382
9472,1437154679623,-6.4667387,7.315483,-0.2172738
9473,1437154679680,-6.417059,7.3657618,-0.22325931
9474,1437154679681,-6.3751607,7.373543,-0.16699557
9475,1437154679682,-6.3260794,7.3388267,-0.20470424
9476,1437154679703,-6.356007,7.398083,-0.16819267
9477,1437154679713,-6.306926,7.375937,-0.17896658
9478,1437154679733,-6.3380504,7.385514,-0.13347675
9479,1437154679753,-6.3362546,7.36217,-0.12689269
9480,1437154679773,-6.3847375,7.3460093,-0.11252748
9481,1437154679793,-6.4122705,7.3232646,-0.12030864
9482,1437154679815,-6.3584013,7.2939353,-0.14784196
9483,1437154679834,-6.4763155,7.3645644,-0.15143326
9484,1437154679855,-6.5349736,7.3753386,-0.16879122
9485,1437154679875,-6.4392056,7.2687964,-0.12629414
9486,1437154679894,-6.3153057,7.265205,-0.06584055
9487,1437154679914,-6.4008985,7.271789,-0.13108255
9488,1437154679937,-6.443994,7.3753386,-0.13587095
9489,1437154679954,-6.3601966,7.3208704,-0.20949265
9490,1437154679975,-6.187216,7.374141,-0.1921347
9491,1437154679994,-6.2823853,7.475296,-0.25797522
9492,1437154680014,-6.338649,7.445369,-0.2777274
9493,1437154680037,-6.2746043,7.4567413,-0.18435353
9494,1437154680054,-6.3470287,7.4705076,-0.25438392
9495,1437154680077,-6.3949127,7.5094137,-0.24001873
9496,1437154680106,-6.339846,7.316082,-0.20350714
9497,1437154680114,-6.457162,7.3112936,-0.10414778
9498,1437154680137,-6.4188547,7.1826053,-0.20530279
9499,1437154680156,-6.395511,7.1484876,-0.08200141
9500,1437154680176,-6.343437,7.299921,-0.24301147
9501,1437154680199,-6.3242836,7.4351935,-0.25558102
9502,1437154680214,-6.249465,7.538144,-0.19991584
9503,1437154680237,-6.0477533,7.5213847,-0.30047232
9504,1437154680257,-6.130952,7.599196,-0.23044191
9505,1437154680276,-6.287772,7.595605,-0.19093758
9506,1437154680297,-6.27221,7.5830355,-0.107739076
9507,1437154680315,-6.2500634,7.5800424,-0.11851298
9508,1437154680335,-6.0956373,7.463325,-0.10594343
9509,1437154680355,-5.957971,7.471705,-0.15322891
9510,1437154680378,-6.1890116,7.5884223,-0.29508537
9511,1437154680455,-6.259042,7.633912,-0.33399114
9512,1437154680456,-6.2009826,7.53994,-0.2645593
9513,1437154680457,-6.135142,7.5471225,-0.15801731
9514,1437154680458,-6.075287,7.7069354,-0.24061728
9515,1437154680475,-6.0040593,7.5572977,-0.25617957
9516,1437154680494,-6.075287,7.430405,-0.10354923
9517,1437154680514,-6.253655,7.4375877,-0.1921347
9518,1437154680534,-6.339846,7.48607,-0.24301147
9519,1437154680599,-6.307524,7.5549035,-0.29867667
9520,1437154680600,-6.2225304,7.4974427,-0.30526072
9521,1437154680601,-6.260239,7.465719,-0.18495208
9522,1437154680617,-6.38354,7.45315,-0.23642741
9523,1437154680636,-6.275801,7.441179,-0.17717093
9524,1437154680658,-6.3153057,7.48188,-0.20949265
9525,1437154680676,-6.319495,7.427412,-0.21787235
9526,1437154680697,-6.3589997,7.4268136,-0.14724341
9527,1437154680716,-6.421249,7.3873096,-0.14425065
9528,1437154680736,-6.395511,7.3124905,-0.11252748
9529,1437154680758,-6.3607955,7.265804,-0.10474633
9530,1437154680776,-6.371569,7.2340803,-0.09636662
9531,1437154680798,-6.3829417,7.328053,-0.17298107
9532,1437154680814,-6.483498,7.3466077,-0.18734628
9533,1437154680840,-6.423643,7.2969284,-0.18195933
9534,1437154680858,-6.4445925,7.3071036,-0.15682021
9535,1437154680881,-6.578069,7.378331,-0.11611878
9536,1437154680896,-6.4457893,7.425018,-0.093972415
9537,1437154680917,-6.250662,7.450157,-0.13108255
9538,1437154680935,-6.237494,7.5201874,-0.16400282
9539,1437154680954,-6.175245,7.5405383,-0.21547815
9540,1437154680975,-6.3242836,7.463924,-0.13347675
9541,1437154680994,-6.187814,7.3322425,-0.078410104
9542,1437154681021,-6.415862,7.2981253,-0.012569559
9543,1437154681036,-6.600814,7.3232646,-0.008978256
9544,1437154681057,-6.5577183,7.3029137,-0.022146367
9545,1437154681076,-6.405687,7.261614,-0.029927522
9546,1437154681105,-6.353613,7.326257,-0.1328782
9547,1437154681165,-6.3631897,7.36636,-0.16340427
9548,1437154681166,-6.279991,7.3340383,-0.15203181
9549,1437154681167,-6.4260373,7.3472066,-0.17537527
9550,1437154681186,-6.482301,7.3244615,-0.13826515
9551,1437154681194,-6.5128274,7.2221093,0.002992752
9552,1437154681216,-6.539762,7.1544733,0.079008654
9553,1437154681237,-6.5206084,7.129334,0.19033903
9554,1437154681255,-6.4817023,7.1407065,0.093373865
9555,1437154681282,-6.551733,7.1688385,0.12988544
9556,1437154681297,-6.501455,7.181408,0.09816227
9557,1437154681318,-6.5804634,7.193379,0.12569559
9558,1437154681338,-6.5032506,7.1353197,0.16400282
9559,1437154681356,-6.563704,7.1059904,0.19033903
9560,1437154681375,-6.582259,7.181408,0.12629414
9561,1437154681399,-6.582259,7.1610575,0.05686229
9562,1437154681418,-6.4230447,7.177218,0.06344634
9563,1437154681438,-6.5565214,7.2143283,0.04129998
9564,1437154681457,-6.545149,7.1927805,0.05267244
9565,1437154681479,-6.570288,7.2867527,0.025737667
9566,1437154681499,-6.555324,7.3430166,-0.036511578
9567,1437154681518,-6.4140663,7.356185,-0.04129998
9568,1437154681539,-6.307524,7.3657618,-0.002992752
9569,1437154681557,-6.26383,7.453748,-0.03172317
9570,1437154681589,-6.259042,7.4884644,-0.040102877
9571,1437154681596,-6.221333,7.5106106,-0.048482586
9572,1437154681619,-6.0920463,7.5094137,-0.0796072
9573,1437154681640,-5.9998693,7.499837,-0.10175357
9574,1437154681658,-6.1369376,7.4735007,-0.12389994
9575,1437154681678,-6.266823,7.4405804,-0.12090719
9576,1437154681698,-6.3500214,7.368156,-0.0664391
9577,1437154681718,-6.4721255,7.36217,-0.12030864
9578,1437154681738,-6.4936733,7.3430166,-0.17896658
9579,1437154681758,-6.5499372,7.32506,-0.18136078
9580,1437154681780,-6.5966244,7.3322425,-0.23523031
9581,1437154681801,-6.530185,7.285556,-0.16340427
9582,1437154681816,-6.5858502,7.2113357,-0.093373865
9583,1437154681904,-6.63553,7.0712748,0.060453594
9584,1437154681917,-6.71394,7.026982,0.11671733
9585,1437154681918,-6.5786676,6.9808936,0.079008654
9586,1437154681919,-6.6965823,6.980295,0.059855044
9587,1437154681920,-6.7199254,7.005434,-0.03232172
9588,1437154681936,-6.746262,7.043143,-0.11432313
9589,1437154681958,-6.977302,7.0209966,-0.092775315
9590,1437154681976,-7.5680714,6.6846113,0.30825347
9591,1437154681995,-7.53575,6.2740054,0.66738373
9592,1437154682017,-6.5259953,6.30932,-0.054468088
9593,1437154682036,-6.935404,6.4499793,-0.24600422
9594,1437154682059,-7.5124063,6.5864487,-0.18255788
9595,1437154682076,-7.3244615,6.725911,-0.61770403
9596,1437154682102,-7.015011,6.779182,-0.7457938
9597,1437154682118,-7.104195,6.8641763,-0.84934306
9598,1437154682139,-7.025785,6.953959,-1.073201
9599,1437154682155,-6.7947445,7.0287776,-1.1282675
9600,1437154682179,-6.501455,7.2939353,-1.2425907
9601,1437154682199,-6.2045736,7.5650787,-1.3694834
9602,1437154682219,-5.917868,7.8505874,-1.2605472
9603,1437154682239,-5.7281275,8.153454,-1.2150574
9604,1437154682258,-5.3755813,8.1720085,-1.1947067
9605,1437154682278,-5.1768627,8.329428,-1.055843
9606,1437154682300,-5.6569,8.400057,-0.84934306
9607,1437154682318,-5.613206,8.306085,-0.82480246
9608,1437154682338,-5.7724204,8.133701,-0.56563014
9609,1437154682361,-5.993884,8.009802,-0.3681085
9610,1437154682380,-6.0543375,7.8942814,-0.4369418
9611,1437154682399,-6.183026,7.6889787,-0.24959552
9612,1437154682419,-6.320094,7.504027,-0.10354923
9613,1437154682439,-6.35062,7.41185,-0.08140286
9614,1437154682458,-6.214749,7.267599,-0.093373865
9615,1437154682479,-6.1884127,7.16824,0.010175358
9616,1437154682500,-6.327875,7.2059484,0.038905777
9617,1437154682520,-6.3003416,7.2406645,-0.14664486
9618,1437154682540,-6.283582,7.261614,-0.21787235
9619,1437154682560,-6.172252,7.3047094,-0.3250129
9620,1437154682579,-6.10282,7.350199,-0.38067806
9621,1437154682660,-6.1010246,7.351396,-0.23702596
9622,1437154682661,-6.347627,7.4968443,-0.26755205
9623,1437154682662,-6.241085,7.5243773,-0.20171149
9624,1437154682663,-6.089652,7.5148005,-0.14425065
9625,1437154682679,-6.060323,7.44896,-0.11911154
9626,1437154682701,-6.187216,7.4525514,-0.13467385
9627,1437154682716,-6.3643866,7.483676,-0.15203181
9628,1437154682736,-6.2219315,7.5136037,-0.22804771
9629,1437154682771,-6.132149,7.4429746,-0.2621651
9630,1437154682777,-6.1967926,7.433996,-0.24600422
9631,1437154682797,-6.353613,7.429806,-0.23044191
9632,1437154682816,-6.223727,7.433398,-0.16819267
9633,1437154682842,-6.3003416,7.41185,-0.12150574
9634,1437154682859,-6.2422824,7.5692687,-0.14604631
9635,1437154682880,-6.2500634,7.5626845,-0.12509704
9636,1437154682899,-6.2392898,7.5363483,-0.14604631
9637,1437154682920,-6.3087215,7.4854717,-0.16819267
9638,1437154682939,-6.3230867,7.439383,-0.12569559
9639,1437154682959,-6.3153057,7.4016747,-0.034117375
9640,1437154682978,-6.3470287,7.302315,0.0700304
9641,1437154682999,-6.4541693,7.1167645,0.12330139
9642,1437154683020,-6.9126587,6.7468605,0.29747957
9643,1437154683038,-7.4687123,6.4511766,0.45549688
9644,1437154683058,-7.7703815,6.0124393,0.5141548
9645,1437154683078,-7.4896617,5.9202623,0.2753332
9646,1437154683097,-6.8384385,6.05733,-0.0023942017
9647,1437154683117,-6.393716,6.4487824,-0.2112883
9648,1437154683137,-5.876568,6.789956,-0.28311434
9649,1437154683162,-5.0080714,7.105392,-0.44711718
9650,1437154683183,-4.2850223,7.669825,-0.7368156
9651,1437154683196,-3.9211037,8.383297,-1.3557167
9652,1437154683219,-3.3704374,9.081207,-2.0177135
9653,1437154683237,-2.5683799,9.536105,-2.280477
9654,1437154683283,-1.7447745,9.807847,-2.232593
9655,1437154683284,-1.2521675,10.1382475,-2.380435
9656,1437154683385,-1.1665748,10.497976,-2.4875755
9657,1437154683386,-0.86490536,10.54586,-2.5845408
9658,1437154683387,-0.80684596,10.419566,-2.473809
9659,1437154683388,-0.9528923,10.065224,-2.3582888
9660,1437154683389,-1.091756,9.7719345,-2.272696
9661,1437154683421,-1.4885949,9.697714,-2.3948002
9662,1437154683422,-1.4993688,9.621099,-2.4797945
9663,1437154683437,-1.5622166,9.524733,-2.3349452
9664,1437154683457,-1.4317327,9.474455,-2.2098482
9665,1437154683477,-1.1923125,9.4696665,-2.0404584
9666,1437154683509,-0.90500826,9.552865,-1.9674352
9667,1437154683528,-0.74758947,9.627085,-2.0907366
9668,1437154683537,-0.6218939,9.728839,-2.0308816
9669,1437154683557,-0.47105917,9.723452,-2.022502
9670,1437154683577,-0.31184477,9.805453,-2.0135236
9671,1437154683597,-0.3184288,9.867104,-2.1535845
9672,1437154683617,-0.29927522,9.883265,-2.19249
9673,1437154683637,-0.33638534,9.89763,-2.183512
9674,1437154683657,-0.40462008,9.797073,-2.2559366
9675,1437154683678,-0.5931635,9.722853,-2.130241
9676,1437154683697,-0.6027403,9.617508,-2.1176715
9677,1437154683717,-0.62368953,9.612122,-2.1260512
9678,1437154683737,-0.6817489,9.6528225,-2.184709
9679,1437154683757,-0.6314707,9.685144,-2.248754
9680,1437154683780,-0.76434886,9.634268,-2.259528
9681,1437154683799,-0.78888947,9.624691,-2.2062569
9682,1437154683818,-0.88405895,9.540296,-2.0721815
9683,1437154683840,-0.65062433,9.494805,-2.0332758
9684,1437154683860,-0.6488287,9.565434,-2.0428526
9685,1437154683878,-0.5919664,9.667787,-2.1140802
9686,1437154683897,-0.54647654,9.575011,-2.0667946
9687,1437154683920,-0.59495914,9.565434,-1.8860323
9688,1437154683936,-0.57281274,9.636064,-1.9776106
9689,1437154683956,-0.3465607,9.706094,-2.0111294
9690,1437154683977,-0.22325931,9.812635,-1.9572599
9691,1437154683997,-0.08379706,9.902418,-2.042254
9692,1437154684020,0.15322891,10.035895,-2.0787656
9693,1437154684037,0.40162733,10.153211,-2.0488381
9694,1437154684056,0.6997054,10.381857,-2.1625626
9695,1437154684076,1.0929531,10.693104,-2.3145945
9696,1437154684096,1.3018472,10.66976,-2.2457612
9697,1437154684116,1.5340848,10.638636,-2.1511903
9698,1437154684139,1.3575124,10.885837,-2.48159
9699,1437154684158,1.027711,10.837953,-2.8401217
9700,1437154684178,0.6871359,10.515932,-2.7988217
9701,1437154684197,0.36870706,10.227431,-2.8904
9702,1437154684221,-0.28311434,9.751583,-3.1112652
9703,1437154684241,-0.91817635,9.446921,-3.0142999
9704,1437154684261,-1.3742718,9.1033535,-3.0873232
9705,1437154684281,-2.082357,8.890269,-3.032855
9706,1437154684301,-3.0202854,8.448539,-2.7503393
9707,1437154684320,-3.5033157,8.215105,-2.4881742
9708,1437154684341,-4.0282445,8.072051,-2.327164
9709,1437154684361,-4.71957,8.081029,-2.2122424
9710,1437154684382,-5.6000376,7.731476,-1.8369513
9711,1437154684398,-6.287772,7.551312,-1.3012487
9712,1437154684421,-6.891111,7.0593038,-0.65900403
9713,1437154684440,-6.4421983,6.5750766,0.15502456
9714,1437154684461,-5.9585695,6.9222355,0.23702596
9715,1437154684480,-5.943606,7.280169,-0.17298107
9716,1437154684502,-5.751471,7.6865845,-0.094570965
9717,1437154684521,-5.9639564,7.9750857,-0.18076223
9718,1437154684542,-5.394735,8.058285,-0.27353755
9719,1437154684562,-4.9398365,8.145673,-0.20829555
9720,1437154684581,-5.080496,8.130709,-0.2801216
9721,1437154684601,-5.5587378,8.103774,-0.25378537
9722,1437154684621,-5.5341973,8.114548,-0.044292733
9723,1437154684643,-5.493496,8.1319065,0.11192893
9724,1437154684713,-5.5138464,8.176797,0.27952304
9725,1437154684727,-5.29358,8.189367,0.17298107
9726,1437154684728,-5.309741,8.031948,0.061650693
9727,1437154684729,-5.427057,7.877522,0.074818805
9728,1437154684747,-5.4342394,7.8224554,-0.050876785
9729,1437154684759,-5.7041855,7.8930845,-0.06584055
9730,1437154684809,-5.9759274,7.9583263,-0.065242
9731,1437154684810,-5.86759,7.867347,-0.0023942017
9732,1437154684841,-5.9849057,7.8493905,0.02813187
9733,1437154684842,-6.0681043,7.8188643,0.050278235
9734,1437154684869,-6.0226145,7.6889787,0.10534488
9735,1437154684879,-5.917868,7.4190326,0.12629414
9736,1437154684902,-5.9519854,7.351396,0.21428105
9737,1437154684918,-6.1782374,7.3753386,0.078410104
9738,1437154684940,-6.4146647,7.356185,-0.05327099
9739,1437154684959,-6.4104753,7.325659,-0.061052144
9740,1437154684980,-6.375759,7.321469,-0.14185645
9741,1437154685001,-6.3500214,7.3148847,-0.17477672
9742,1437154685020,-6.43741,7.409456,-0.219668
9743,1437154685041,-6.569091,7.4681134,-0.26874915
9744,1437154685061,-6.5990186,7.341221,-0.22864626
9745,1437154685082,-6.607398,7.2059484,-0.15382746
9746,1437154685099,-6.777985,7.032369,-0.13108255
9747,1437154685120,-6.8127007,6.8366427,-0.10654198
9748,1437154685141,-6.767211,6.6744356,-0.075417355
9749,1437154685161,-6.6307416,6.63972,-0.18136078
9750,1437154685182,-6.7851677,6.742072,-0.28491
9751,1437154685202,-7.079654,6.75943,-0.362123
9752,1437154685218,-7.1490865,6.7564373,-0.4189853
9753,1437154685241,-7.0724716,6.8492126,-0.47764325
9754,1437154685262,-7.102998,6.897695,-0.6063316
9755,1437154685282,-6.9892735,6.825869,-0.5746084
9756,1437154685303,-7.181408,6.8761473,-0.50996494
9757,1437154685324,-7.4232225,6.906075,-0.4405331
9758,1437154685340,-7.2723875,6.879739,-0.34476504
9759,1437154685359,-7.015011,6.8198833,-0.260968
9760,1437154685440,-6.8144965,6.8264675,-0.22266077
9761,1437154685441,-6.8665705,6.8743515,-0.16340427
9762,1437154685442,-6.8581905,6.823475,-0.11552023
9763,1437154685443,-6.903082,6.8103065,-0.07062895
9764,1437154685460,-7.019799,6.8007298,-0.0077811554
9765,1437154685483,-7.0994067,6.7761893,-0.08080431
9766,1437154685499,-7.009624,6.7109475,-0.023343466
9767,1437154685527,-7.026982,6.691794,-0.062249243
9768,1437154685539,-6.9850836,6.640917,0.01616086
9769,1437154685561,-6.9611416,6.701969,0.0005985504
9770,1437154685587,-7.0365586,6.700772,0.044292733
9771,1437154685601,-6.884527,6.6271505,0.12210429
9772,1437154685623,-6.8982935,6.633136,0.1316811
9773,1437154685641,-6.9407907,6.5948286,0.05925649
9774,1437154685659,-6.959346,6.6391215,0.061650693
9775,1437154685682,-7.100005,6.7348895,-0.049081136
9776,1437154685702,-7.0347633,6.6534867,-0.1388637
9777,1437154685722,-6.915652,6.5505357,-0.088585466
9778,1437154685741,-7.113772,6.530185,-0.109534726
9779,1437154685762,-7.387908,6.576872,-0.11312603
9780,1437154685783,-7.313688,6.3063273,-0.08798691
9781,1437154685804,-6.8839283,6.0088477,-0.092176765
9782,1437154685819,-7.1580644,6.1040173,-0.08259996
9783,1437154685839,-7.5644803,6.403891,-0.13826515
9784,1437154685862,-7.5572977,6.455965,-0.15322891
9785,1437154685882,-7.032369,6.307524,-0.15562311
9786,1437154685903,-7.1287355,6.4739213,-0.18614918
9787,1437154685922,-7.5052238,6.683414,-0.23283611
9788,1437154685940,-7.361572,6.6870055,-0.2801216
9789,1437154685961,-6.933608,6.5403605,-0.16400282
9790,1437154685981,-6.9132576,6.612785,-0.25857377
9791,1437154686002,-7.326257,6.658275,-0.24480712
9792,1437154686023,-7.506421,6.6103907,-0.1364695
9793,1437154686044,-7.526173,6.4547677,-0.1376666
9794,1437154686060,-7.6410947,6.3985043,-0.1364695
9795,1437154686080,-7.629722,6.367379,-0.1921347
9796,1437154686152,-7.4950485,6.4140663,-0.23702596
9797,1437154686153,-7.4705076,6.3871317,-0.43035775
9798,1437154686154,-7.386112,6.4164605,-0.50637364
9799,1437154686161,-7.3807254,6.4386067,-0.533907
9800,1437154686191,-7.402273,6.533178,-0.51116204
9801,1437154686201,-7.303512,6.5720835,-0.4830302
9802,1437154686219,-7.199963,6.5864487,-0.4973954
9803,1437154686241,-7.2209125,6.6002154,-0.47884035
9804,1437154686260,-7.252037,6.5020533,-0.4357447
9805,1437154686282,-7.201759,6.3823433,-0.38187516
9806,1437154686301,-7.237672,6.325481,-0.3693056
9807,1437154686321,-7.1873937,6.232107,-0.39683893
9808,1437154686341,-7.36217,6.2752028,-0.39444473
9809,1437154686360,-7.5932107,6.3548098,-0.4381389
9810,1437154686383,-7.539341,6.3009405,-0.41718966
9811,1437154686403,-7.4070616,6.2823853,-0.4830302
9812,1437154686423,-7.3807254,6.26383,-0.52971715
9813,1437154686443,-7.2628107,6.405088,-0.5734113
9814,1437154686463,-7.361572,6.543353,-0.56802434
9815,1437154686483,-7.27957,6.5828576,-0.52373165
9816,1437154686503,-7.1466923,6.5547256,-0.4938041
9817,1437154686524,-7.00723,6.535572,-0.45789108
9818,1437154686544,-7.025785,6.5110316,-0.43514615
9819,1437154686561,-7.153875,6.5188127,-0.41240123
9820,1437154686583,-7.2227077,6.5218053,-0.40282443
9821,1437154686606,-7.243657,6.5577183,-0.3477578
9822,1437154686624,-7.1724296,6.542156,-0.33638534
9823,1437154686641,-7.101801,6.503849,-0.29867667
9824,1437154686660,-7.029376,6.419453,-0.3184288
9825,1437154686681,-7.0012445,6.3985043,-0.320823
9826,1437154686711,-7.289147,6.489484,-0.3573346
9827,1437154686752,-7.477092,6.499659,-0.4261679
9828,1437154686753,-7.4363904,6.389526,-0.39025488
9829,1437154686766,-7.3926964,6.319495,-0.35673606
9830,1437154687053,-7.4549456,6.361394,-0.40581718
9831,1437154687054,-7.4693108,6.4523735,-0.4429273
9832,1437154687055,-7.3950906,6.5720835,-0.54168814
9833,1437154687056,-7.2143283,6.570288,-0.52732295
9834,1437154687057,-7.114969,6.540959,-0.5117606
9835,1437154687058,-7.16405,6.6121864,-0.5033809
9836,1437154687059,-7.1993647,6.6187706,-0.48722005
9837,1437154687060,-7.1939774,6.6666546,-0.45908818
9838,1437154687061,-7.326257,6.7450647,-0.4345476
9839,1437154687062,-7.323863,6.728904,-0.34835634
9840,1437154687063,-7.1586633,6.671443,-0.3645172
9841,1437154687064,-7.119757,6.609194,-0.38307226
9842,1437154687065,-7.098808,6.5966244,-0.3824737
9843,1437154687066,-7.1646485,6.5523314,-0.39743748
9844,1437154687067,-7.2687964,6.5577183,-0.3812766
9845,1437154687101,-7.3645644,6.485294,-0.3321955
9846,1437154687102,-7.3669586,6.4068837,-0.272939
9847,1437154687120,-7.3418193,6.2913637,-0.22325931
9848,1437154687140,-7.398083,6.327875,-0.18195933
9849,1437154687163,-7.505822,6.333262,-0.15322891
9850,1437154687182,-7.608773,6.3703723,-0.11731588
9851,1437154687200,-7.551911,6.375759,-0.089184016
9852,1437154687221,-7.4310036,6.367978,-0.05626374
9853,1437154687242,-7.3484035,6.3787518,-0.03172317
9854,1437154687261,-7.0515227,6.2674217,-0.055066638
9855,1437154687282,-7.201759,6.3141084,-0.033518825
9856,1437154687300,-7.521983,6.4308257,-0.12868834
9857,1437154687320,-7.479486,6.425439,-0.08379706
9858,1437154687340,-7.3729444,6.3206925,0.025139118
9859,1437154687363,-7.3723454,6.38354,-0.007182605
9860,1437154687382,-7.45734,6.461352,-0.0053869537
9861,1437154687403,-7.390302,6.518214,-0.027533319
9862,1437154687423,-7.235876,6.4326215,0.010175358
9863,1437154687441,-7.291541,6.473323,0.037110128
9864,1437154687461,-7.3346367,6.5265937,0.047285482
9865,1437154687481,-7.173627,6.488885,0.08439561
9866,1437154687500,-7.098808,6.541558,0.061650693
9867,1437154687520,-7.2262993,6.585252,0.065242
9868,1437154687546,-7.165846,6.510433,0.11372458
9869,1437154687560,-7.1592617,6.493075,0.09995792
9870,1437154687580,-7.2646065,6.506243,0.10175357
9871,1437154687601,-7.3059063,6.4960675,0.12749124
9872,1437154687622,-7.1867948,6.4840965,0.10235212
9873,1437154687640,-7.1287355,6.4098763,0.11192893
9874,1437154687661,-7.1490865,6.4457893,0.11252748
9875,1437154687681,-7.241263,6.5140243,0.051475335
9876,1437154687704,-7.2191167,6.5684924,-0.032920275
9877,1437154687723,-7.1873937,6.534375,-0.0664391
9878,1437154687744,-7.1221514,6.545149,-0.08200141
9879,1437154687765,-7.0808516,6.59423,-0.12270284
9880,1437154687785,-7.1287355,6.6612678,-0.14425065
9881,1437154687804,-7.197569,6.673837,-0.14963761
9882,1437154687824,-7.228095,6.6708446,-0.12449849
9883,1437154687844,-7.086837,6.593033,-0.10414778
9884,1437154687864,-7.156269,6.6079965,-0.14784196
9885,1437154687884,-7.316082,6.645107,-0.17238252
9886,1437154687906,-7.211934,6.5110316,-0.11552023
9887,1437154687922,-7.0527196,6.3823433,-0.039504327
9888,1437154687944,-7.1059904,6.373365,-0.0676362
9889,1437154687962,-7.2550297,6.443395,-0.048482586
9890,1437154687981,-7.3406224,6.477513,-0.05865794
9891,1437154688002,-7.191583,6.5259953,-0.15442601
9892,1437154688024,-7.133524,6.5068417,-0.207697
9893,1437154688043,-7.0730705,6.55293,-0.2669535
9894,1437154688064,-7.123947,6.59423,-0.3573346
9895,1437154688083,-7.0826473,6.6085954,-0.39743748
9896,1437154688102,-7.143699,6.609194,-0.42317516
9897,1437154688123,-7.153276,6.541558,-0.415394
9898,1437154688143,-7.1586633,6.531382,-0.37110126
9899,1437154688163,-7.265804,6.5762734,-0.41359833
9900,1437154688185,-7.3633676,6.591836,-0.38067806
9901,1437154688264,-7.3885064,6.599617,-0.374094
9902,1437154688265,-7.3849154,6.6187706,-0.36750996
9903,1437154688266,-7.306505,6.564901,-0.32142156
9904,1437154688267,-7.265205,6.569091,-0.2705448
9905,1437154688282,-7.3005195,6.5750766,-0.19512744
9906,1437154688306,-7.2460513,6.5337763,-0.11252748
9907,1437154688322,-7.1903863,6.476914,-0.050278235
9908,1437154688342,-7.1365166,6.4218473,0.0035913025
9909,1437154688363,-7.005434,6.319495,-0.010773907
9910,1437154688384,-7.008427,6.266823,-0.076015905
9911,1437154688403,-7.1431007,6.2763996,-0.17178397
9912,1437154688422,-7.311892,6.302736,-0.25079262
9913,1437154688442,-7.480085,6.3793507,-0.29029694
9914,1437154688464,-7.6428905,6.457162,-0.3298013
9915,1437154688485,-7.5124063,6.4721255,-0.32022446
9916,1437154688505,-7.37055,6.4787097,-0.30226797
9917,1437154688522,-7.2951326,6.517616,-0.35254622
9918,1437154688544,-7.265804,6.5816603,-0.3345897
9919,1437154688565,-7.2687964,6.588843,-0.34715924
9920,1437154688585,-7.0622964,6.5744777,-0.34117374
9921,1437154688605,-6.9904704,6.6163764,-0.36750996
9922,1437154688625,-7.049727,6.706159,-0.39444473
9923,1437154688645,-7.045537,6.715137,-0.3878607
9924,1437154688665,-7.0144124,6.7043633,-0.39384618
9925,1437154688685,-7.033566,6.701969,-0.43155485
9926,1437154688706,-7.0485296,6.735488,-0.44891283
9927,1437154688726,-7.1347213,6.819285,-0.47105917
9928,1437154688743,-7.1526775,6.901885,-0.47225627
9929,1437154688764,-7.049727,6.89171,-0.40043023
9930,1437154688785,-6.971317,6.8162923,-0.3645172
9931,1437154688805,-6.8109055,6.671443,-0.33518824
9932,1437154688827,-6.827665,6.5271926,-0.23582886
9933,1437154688843,-7.009624,6.4990606,-0.26515785
9934,1437154688862,-7.347805,6.558317,-0.18136078
9935,1437154688884,-7.401076,6.5750766,-0.16639702
9936,1437154688902,-7.280169,6.5655,-0.15682021
9937,1437154688973,-7.1622543,6.6109896,-0.21308395
9938,1437154688975,-7.043143,6.6415157,-0.24061728
9939,1437154688976,-7.017405,6.6971807,-0.2908955
9940,1437154689031,-7.1023993,6.7342906,-0.33399114
9941,1437154689032,-7.073669,6.695385,-0.29508537
9942,1437154689033,-7.2227077,6.706159,-0.24600422
9943,1437154689084,-7.225701,6.658275,-0.24660277
9944,1437154689085,-7.2101383,6.5846534,-0.19393034
9945,1437154689086,-7.138911,6.531981,-0.18914193
9946,1437154689122,-7.1544733,6.543353,-0.22325931
9947,1437154689123,-7.217321,6.5846534,-0.2100912
9948,1437154689144,-7.2059484,6.5828576,-0.19812019
9949,1437154689162,-7.041347,6.5218053,-0.16639702
9950,1437154689197,-7.067085,6.4858923,-0.15981296
9951,1437154689202,-7.144298,6.5146227,-0.1340753
9952,1437154689224,-7.1233487,6.467936,-0.14604631
9953,1437154689245,-7.1425023,6.467337,-0.20171149
9954,1437154689263,-7.265205,6.4727244,-0.28491
9955,1437154689286,-7.2484455,6.497265,-0.3429694
9956,1437154689306,-7.244256,6.530185,-0.41240123
9957,1437154689326,-7.277176,6.5505357,-0.50637364
9958,1437154689347,-7.3071036,6.5361705,-0.48123455
9959,1437154689363,-7.213131,6.5307837,-0.4938041
9960,1437154689384,-7.1155677,6.5505357,-0.5141548
9961,1437154689406,-7.0904284,6.540959,-0.52612585
9962,1437154689426,-7.1544733,6.5631056,-0.5315128
9963,1437154689446,-7.2328835,6.5762734,-0.5117606
9964,1437154689467,-7.2610154,6.630143,-0.53211135
9965,1437154689486,-7.261614,6.611588,-0.57640404
9966,1437154689509,-7.192182,6.5349736,-0.54168814
9967,1437154689523,-7.1610575,6.5110316,-0.54527944
9968,1437154689550,-7.2125325,6.4900823,-0.54887074
9969,1437154689563,-7.2071457,6.4541693,-0.557849
9970,1437154689583,-7.181408,6.443395,-0.6404489
9971,1437154689603,-7.3747396,6.509236,-0.694917
9972,1437154689624,-7.3986816,6.5457473,-0.7272388
9973,1437154689651,-7.3298483,6.5188127,-0.7140707
9974,1437154689663,-7.2388687,6.481104,-0.6781576
9975,1437154689683,-7.285556,6.503849,-0.6691794
9976,1437154689704,-7.3071036,6.5265937,-0.6823475
9977,1437154689728,-7.2394676,6.551733,-0.7044938
9978,1437154689788,-7.140108,6.5379663,-0.7266402
9979,1437154689789,-7.0605006,6.5505357,-0.7332243
9980,1437154689790,-7.1861963,6.597223,-0.7541735
9981,1437154689807,-7.1425023,6.549339,-0.7356185
9982,1437154689823,-7.091027,6.4966664,-0.7110779
9983,1437154689845,-7.207744,6.539762,-0.7134721
9984,1437154689863,-7.299921,6.5523314,-0.6757634
9985,1437154689883,-7.2909427,6.528988,-0.7068881
9986,1437154689904,-7.213131,6.461352,-0.6961141
9987,1437154689924,-7.1963716,6.445191,-0.7553706
9988,1437154689944,-7.261614,6.503849,-0.79966336
9989,1437154689965,-7.3112936,6.5385647,-0.8170213
9990,1437154689985,-7.3442135,6.5589156,-0.87448215
9991,1437154690003,-7.2364745,6.52001,-0.90141696
9992,1437154690026,-7.199963,6.566098,-0.92057055
9993,1437154690044,-7.2322845,6.5906386,-0.9552865
9994,1437154690063,-7.281366,6.603807,-0.878672
9995,1437154690084,-7.2729864,6.5708866,-0.85293436
9996,1437154690104,-7.231686,6.5349736,-0.7350199
9997,1437154690126,-7.255628,6.5020533,-0.65541273
9998,1437154690144,-7.219715,6.4667387,-0.60333884
9999,1437154690166,-7.257424,6.485294,-0.5710171
10000,1437154690183,-7.289147,6.4978633,-0.55365914
10001,1437154690208,-7.2753806,6.4445925,-0.52253455
10002,1437154690227,-7.2101383,6.3781533,-0.4770447
10003,1437154690246,-7.2107368,6.4068837,-0.4782418
10004,1437154690269,-7.299921,6.3979053,-0.48961425
10005,1437154690286,-7.2514386,6.4098763,-0.5243302
10006,1437154690304,-7.1514807,6.4302273,-0.5434838
10007,1437154690324,-7.133524,6.4763155,-0.5506664
10008,1437154690344,-7.3310456,6.6067996,-0.56682724
10009,1437154690364,-7.3831196,6.6385226,-0.5590461
10010,1437154690387,-7.2963295,6.633136,-0.50996494
10011,1437154690403,-7.2873516,6.633136,-0.54647654
10012,1437154690423,-7.1808095,6.5816603,-0.5153519
10013,1437154690463,-7.0365586,6.5307837,-0.49081135
10014,1437154690464,-7.113772,6.5481415,-0.5069722
10015,1437154690489,-7.191583,6.518214,-0.46088383
10016,1437154690556,-7.2089415,6.4805055,-0.45549688
10017,1437154690557,-7.253234,6.4828997,-0.4369418
10018,1437154690603,-7.256227,6.47033,-0.46866497
10019,1437154690604,-7.269395,6.4481835,-0.44891283
10020,1437154690605,-7.28795,6.4457893,-0.4177882
10021,1437154690606,-7.319673,6.4068837,-0.38606504
10022,1437154690639,-7.3310456,6.4242415,-0.3842694
10023,1437154690645,-7.305308,6.4511766,-0.35075054
10024,1437154690673,-7.2628107,6.4882865,-0.3842694
10025,1437154690716,-7.2107368,6.498462,-0.43514615
10026,1437154690717,-7.074866,6.4846954,-0.44891283
10027,1437154690724,-7.162853,6.547543,-0.48003745
10028,1437154690744,-7.323863,6.5666966,-0.52612585
10029,1437154690777,-7.307702,6.55293,-0.50517654
10030,1437154690784,-7.267599,6.4721255,-0.44711718
10031,1437154690806,-7.2286935,6.4583592,-0.4249708
10032,1437154690824,-7.289746,6.4589577,-0.4345476
10033,1437154690847,-7.3430166,6.469133,-0.43275195
10034,1437154690863,-7.281366,6.435614,-0.46507367
10035,1437154690883,-7.2245035,6.4721255,-0.4938041
10036,1437154690904,-7.2867527,6.5026517,-0.4961983
10037,1437154690923,-7.289746,6.4960675,-0.49919105
10038,1437154690943,-7.12694,6.4463882,-0.4782418
10039,1437154690964,-7.2268977,6.4547677,-0.5351041
10040,1437154690983,-7.297527,6.485294,-0.52852005
10041,1437154691004,-7.2783732,6.483498,-0.53211135
10042,1437154691023,-7.32506,6.5020533,-0.5590461
10043,1437154691043,-7.3310456,6.493075,-0.51714754
10044,1437154691063,-7.2927384,6.4924765,-0.46926352
10045,1437154691083,-7.1987658,6.4906807,-0.46926352
10046,1437154691103,-7.1712327,6.4751186,-0.45549688
10047,1437154691123,-7.20535,6.513426,-0.46986207
10048,1437154691143,-7.189189,6.5565214,-0.5021838
10049,1437154691163,-7.197569,6.5750766,-0.4938041
10050,1437154691183,-7.203554,6.579266,-0.49559975
10051,1437154691203,-7.137714,6.5505357,-0.46806642
10052,1437154691223,-7.1472907,6.5259953,-0.46447513
10053,1437154691246,-7.165247,6.5188127,-0.46627077
10054,1437154691263,-7.1484876,6.5164185,-0.44592008
10055,1437154691283,-7.1963716,6.540959,-0.5189432
10056,1437154691303,-7.305308,6.5936313,-0.54408234
10057,1437154691328,-7.301717,6.621763,-0.58418524
10058,1437154691343,-7.2310877,6.5684924,-0.5494693
10059,1437154691363,-7.15567,6.555324,-0.5129577
10060,1437154691383,-7.1730285,6.5696893,-0.52852005
10061,1437154691403,-7.2185183,6.5696893,-0.504578
10062,1437154691423,-7.1395097,6.5337763,-0.54408234
10063,1437154691443,-7.1209545,6.5523314,-0.5650316
10064,1437154691463,-7.193379,6.569091,-0.57879823
10065,1437154691483,-7.2526355,6.564901,-0.6015432
10066,1437154691503,-7.1365166,6.52001,-0.61171854
10067,1437154691523,-7.273585,6.5906386,-0.6548142
10068,1437154691544,-7.2765775,6.567894,-0.6721721
10069,1437154691566,-7.2023573,6.499659,-0.5823896
10070,1437154691585,-7.265804,6.521207,-0.59376204
10071,1437154691608,-7.2670007,6.540959,-0.54647654
10072,1437154691628,-7.265804,6.5481415,-0.57879823
10073,1437154691646,-7.1622543,6.573281,-0.57520694
10074,1437154691666,-7.109582,6.543952,-0.5554548
10075,1437154691687,-7.103596,6.554127,-0.5847838
10076,1437154691708,-7.1688385,6.5786676,-0.53570265
10077,1437154691728,-7.253833,6.6085954,-0.5626374
10078,1437154691749,-7.2143283,6.6079965,-0.52971715
10079,1437154691768,-7.191583,6.615778,-0.5410896
10080,1437154691785,-7.1706343,6.655881,-0.51235914
10081,1437154691806,-7.149685,6.6415157,-0.4842273
10082,1437154691878,-7.1065893,6.6283474,-0.49081135
10083,1437154691879,-7.0874357,6.642114,-0.5021838
10084,1437154691891,-7.137714,6.6187706,-0.5177461
10085,1437154691892,-7.117363,6.6241574,-0.50038815
10086,1437154691905,-7.1688385,6.611588,-0.51954174
10087,1437154691926,-7.065888,6.637924,-0.51595044
10088,1437154691948,-7.105392,6.706159,-0.54767364
10089,1437154691965,-7.0832458,6.7043633,-0.5410896
10090,1437154691991,-7.04015,6.658275,-0.51954174
10091,1437154692006,-7.047333,6.707356,-0.55126494
10092,1437154692026,-7.037756,6.7492547,-0.54049104
10093,1437154692052,-7.053917,6.7845693,-0.5931635
10094,1437154692065,-6.940192,6.731298,-0.5895722
10095,1437154692085,-7.029975,6.7965403,-0.6183026
10096,1437154692109,-7.097611,6.8144965,-0.65062433
10097,1437154692125,-6.987478,6.7600284,-0.5650316
10098,1437154692148,-7.0168066,6.7648168,-0.55605334
10099,1437154692169,-7.03177,6.7588315,-0.50278234
10100,1437154692193,-6.9838862,6.7492547,-0.48602295
10101,1437154692208,-6.933608,6.737882,-0.4830302
10102,1437154692228,-6.8982935,6.7947445,-0.45729253
10103,1437154692248,-6.9222355,6.84203,-0.5093664
10104,1437154692273,-6.9108634,6.879739,-0.5530606
10105,1437154692287,-6.8444242,6.9120603,-0.5805939
10106,1437154692309,-6.8444242,6.9198413,-0.5781997
10107,1437154692330,-6.8426285,6.9288197,-0.57400984
10108,1437154692348,-6.847417,6.96593,-0.533907
10109,1437154692368,-6.915652,6.9623384,-0.51355624
10110,1437154692389,-6.795343,6.9186444,-0.49081135
10111,1437154692408,-6.8569937,6.9904704,-0.5470751
10112,1437154692429,-6.991069,7.006033,-0.60453594
10113,1437154692448,-6.896498,7.052121,-0.65660983
10114,1437154692469,-6.939594,7.004237,-0.676362
10115,1437154692491,-6.7863646,6.9784994,-0.53570265
10116,1437154692509,-6.8067155,6.9647326,-0.5494693
10117,1437154692528,-6.8210807,6.9348054,-0.42916065
10118,1437154692549,-6.7624226,6.9222355,-0.43873745
10119,1437154692603,-6.7522473,6.8611836,-0.36870706
10120,1437154692604,-6.6534867,6.7929487,-0.3250129
10121,1437154692605,-6.649895,6.8288617,-0.3226187
10122,1437154692626,-6.6367273,6.8641763,-0.38965634
10123,1437154692647,-6.7708025,6.9689226,-0.4973954
10124,1437154692668,-6.986879,6.9228344,-0.5518635
10125,1437154692686,-6.989872,6.867768,-0.59017074
10126,1437154692711,-7.1347213,6.89171,-0.6440403
10127,1437154692727,-7.2310877,6.893505,-0.6488287
10128,1437154692747,-7.149685,6.8863225,-0.6368576
10129,1437154692768,-6.9719152,6.809708,-0.5823896
10130,1437154692789,-6.918046,6.7318964,-0.4890157
10131,1437154692807,-6.9611416,6.7486563,-0.46806642
10132,1437154692829,-7.001843,6.7749925,-0.46567222
10133,1437154692849,-6.9006877,6.7887588,-0.480636
10134,1437154692869,-6.8067155,6.921637,-0.6374562
10135,1437154692889,-6.7654157,6.9808936,-0.6667852
10136,1437154692909,-6.941988,7.019799,-0.5883751
10137,1437154692929,-7.0395517,7.013814,-0.52852005
10138,1437154692947,-7.028179,6.963536,-0.46686932
10139,1437154692969,-7.026982,6.896498,-0.362123
10140,1437154692989,-6.989872,6.8468184,-0.27593175
10141,1437154693011,-6.884527,6.779781,-0.17357962
10142,1437154693026,-6.9767036,6.7845693,-0.08499416
10143,1437154693047,-6.9916677,6.697779,-0.048482586
10144,1437154693069,-6.9557543,6.575675,0.10055647
10145,1437154693089,-7.065888,6.8079123,-0.010175358
10146,1437154693110,-7.0467343,6.818088,0.025139118
10147,1437154693129,-6.8162923,6.911462,0.036511578
10148,1437154693149,-6.716933,6.8689647,0.0724246
10149,1437154693169,-6.6828156,6.863578,0.14185645
10150,1437154693190,-6.6367273,6.9318123,0.19991584
10151,1437154693210,-6.7229185,6.9623384,0.15322891
10152,1437154693230,-6.7067575,7.043741,0.15801731
10153,1437154693251,-6.741473,6.938995,0.13108255
10154,1437154693269,-6.7504516,6.891111,0.19692309
10155,1437154693292,-6.9006877,6.7767878,0.29029694
10156,1437154693368,-6.921637,6.7684083,0.18794483
10157,1437154693369,-6.6864066,6.747459,0.11192893
10158,1437154693370,-6.595427,6.9186444,-0.09636662
10159,1437154693371,-6.3242836,7.149685,-0.4261679
10160,1437154693390,-6.453571,7.306505,-0.5129577
10161,1437154693414,-6.543952,7.3083005,-0.55964464
10162,1437154693427,-6.5265937,7.03177,-0.5734113
10163,1437154693474,-6.4565635,6.963536,-0.670975
10164,1437154693475,-6.7905545,6.941389,-0.7553706
10165,1437154693488,-6.991069,6.939594,-0.770933
10166,1437154693519,-7.350199,6.8653736,-0.76554596
10167,1437154693526,-7.6452847,7.064092,-0.6278794
10168,1437154693555,-7.6249337,6.939594,-0.7266402
10169,1437154693566,-6.815694,6.3123126,-0.7140707
10170,1437154693586,-6.14831,5.73112,-0.5530606
10171,1437154693607,-6.986879,5.9807158,-0.30645782
10172,1437154693627,-8.2169,6.4416,-0.6099229
10173,1437154693647,-8.365341,6.8647747,-0.62129533
10174,1437154693667,-7.785944,6.8970966,-0.51595044
10175,1437154693687,-6.839037,7.177218,-0.6003461
10176,1437154693707,-6.623559,7.554305,-0.7380127
10177,1437154693727,-6.4416,7.9864583,-0.79966336
10178,1437154693747,-6.1489086,7.7787614,-0.866701
10179,1437154693767,-5.7724204,7.745841,-0.8690952
10180,1437154693787,-5.687426,7.6147585,-0.8900445
10181,1437154693807,-5.659294,7.4327993,-0.9091981
10182,1437154693827,-6.201581,7.365163,-0.83258367
10183,1437154693847,-6.5247984,7.258621,-0.81761986
10184,1437154693867,-6.509236,6.9970546,-0.7272388
10185,1437154693888,-6.7564373,7.117363,-0.38965634
10186,1437154693909,-6.703765,7.1622543,-0.5554548
10187,1437154693929,-6.2315083,7.1909847,-0.5141548
10188,1437154693950,-6.3177,7.277176,-0.46088383
10189,1437154693969,-6.306926,7.231686,-0.581791
10190,1437154694090,-6.31351,7.1431007,-0.5351041
10191,1437154694091,-6.56131,7.059902,-0.4890157
10192,1437154694092,-6.973711,7.0964136,-0.41120413
10193,1437154694093,-6.987478,7.059902,-0.41060558
10194,1437154694094,-6.67683,6.88333,-0.41299978
10195,1437154694095,-6.947375,7.050924,-0.32680854
10196,1437154694107,-7.2939353,7.2047515,-0.48123455
10197,1437154694126,-6.6283474,7.1251445,-0.56922144
10198,1437154694146,-6.663662,7.1347213,-0.53689975
10199,1437154694168,-6.3883286,7.0724716,-0.6679823
10200,1437154694188,-6.5720835,7.192182,-0.6398504
10201,1437154694207,-6.551733,7.177218,-0.7086837
10202,1437154694230,-6.6564794,7.08983,-0.6751649
10203,1437154694250,-6.6965823,6.9707184,-0.6865373
10204,1437154694271,-6.6720414,6.8210807,-0.6847417
10205,1437154694290,-6.9102645,6.783372,-0.60812724
10206,1437154694308,-7.1502833,6.905476,-0.60812724
10207,1437154694330,-6.697779,6.7330937,-0.6955156
10208,1437154694350,-6.202778,6.4272346,-0.729633
10209,1437154694370,-6.6612678,6.356007,-0.6727707
10210,1437154694390,-7.2167225,6.419453,-0.6655881
10211,1437154694410,-7.639898,6.4583592,-0.6631939
10212,1437154694428,-7.878121,6.488885,-0.6985083
10213,1437154694449,-7.817667,6.678027,-0.79726917
10214,1437154694470,-7.663241,6.7648168,-0.8912416
10215,1437154694511,-7.1945763,6.781576,-0.94211835
10216,1437154694512,-6.6762314,6.483498,-0.973243
10217,1437154694526,-6.70975,6.4140663,-0.8511387
10218,1437154694548,-7.323863,6.531382,-0.9475053
10219,1437154694569,-7.451953,6.5577183,-0.9498995
10220,1437154694591,-7.487866,6.491279,-0.85054016
10221,1437154694608,-7.418434,6.5128274,-0.83378077
10222,1437154694629,-7.391499,6.5924344,-0.736217
10223,1437154694648,-7.3460093,6.669647,-0.7128736
10224,1437154694668,-7.1131735,6.6870055,-0.736217
10225,1437154694689,-6.9132576,6.729502,-0.6955156
10226,1437154694752,-7.016208,6.845621,-0.66498953
10227,1437154694753,-7.055712,7.007828,-0.6889315
10228,1437154694754,-7.1568675,6.9767036,-0.59735334
10229,1437154694769,-6.9461775,6.8121023,-0.5446809
10230,1437154694789,-6.9467764,6.6361284,-0.48841715
10231,1437154694807,-7.211934,6.602011,-0.55126494
10232,1437154694828,-7.0874357,6.630143,-0.6739678
10233,1437154694849,-7.410054,6.7983356,-0.6961141
10234,1437154694868,-7.3549876,6.8366427,-0.8331822
10235,1437154694889,-6.5948286,6.2991447,-0.9271546
10236,1437154694910,-6.3230867,6.227917,-0.66858083
10237,1437154694932,-7.2262993,6.1243677,-0.8170213
10238,1437154694948,-6.9701195,6.5457473,-0.75596917
10239,1437154694971,-7.0634937,6.793547,-1.0654198
10240,1437154694992,-6.5487404,6.893505,-0.9600749
10241,1437154695012,-7.1903863,6.8683662,-1.0570401
10242,1437154695032,-7.055114,7.0850415,-0.94331545
10243,1437154695052,-7.1993647,7.16405,-0.94570965
10244,1437154695070,-6.697779,7.258621,-0.9696517
10245,1437154695091,-6.8007298,7.2711906,-0.76434886
10246,1437154695110,-6.5511346,7.0634937,-0.74399817
10247,1437154695131,-6.482301,6.9000893,-0.5422867
10248,1437154695151,-6.618172,6.815694,-0.55126494
10249,1437154695172,-6.779182,6.959346,-0.55126494
10250,1437154695191,-6.727707,6.909666,-0.61171854
10251,1437154695210,-6.7725983,6.8653736,-0.53211135
10252,1437154695230,-6.8402343,6.7929487,-0.51954174
10253,1437154695250,-6.3566055,6.6864066,-0.4973954
10254,1437154695272,-6.7809777,6.609194,-0.3597288
10255,1437154695291,-7.4525514,6.625355,-0.34237084
10256,1437154695308,-7.5525093,6.606201,-0.31304187
10257,1437154695331,-7.6045833,6.6720414,-0.23163901
10258,1437154695348,-7.313688,6.597821,-0.27353755
10259,1437154695378,-7.538144,6.7731967,-0.21428105
10260,1437154695440,-7.3418193,6.551733,-0.22146365
10261,1437154695441,-7.241263,6.3464303,-0.107140526
10262,1437154695453,-7.079654,6.30932,-0.17238252
10263,1437154695454,-7.215525,6.126762,-0.15562311
10264,1437154695470,-7.463325,6.229114,-0.061650693
10265,1437154695499,-7.8344264,6.250662,-0.15263036
10266,1437154695510,-7.5710645,6.108207,0.1376666
10267,1437154695528,-7.9289975,6.3607955,-0.060453594
10268,1437154695551,-7.9032598,6.3248825,-0.25677812
10269,1437154695570,-7.377134,6.2422824,0.16938977
10270,1437154695589,-7.629722,6.214749,0.08020575
10271,1437154695618,-7.753622,7.2107368,-0.17118542
10272,1437154695629,-6.9108634,6.1836243,0.0005985504
10273,1437154695650,-6.295553,6.7079544,0.4866215
10274,1437154695671,-7.1089835,6.8264675,-0.25318682
10275,1437154695692,-6.8528037,6.881534,0.05327099
10276,1437154695712,-6.70556,6.821679,-0.12389994
10277,1437154695732,-6.831256,7.062895,-0.2837129
10278,1437154695752,-7.0126166,7.1305313,-0.10115502
10279,1437154695770,-6.8563952,7.2670007,-0.24660277
10280,1437154695792,-6.727108,7.137714,-0.29029694
10281,1437154695810,-7.0784574,7.064092,-0.021547815
10282,1437154695834,-7.5561004,7.1969705,-0.2160767
10283,1437154695850,-7.8290396,7.792528,-0.29688102
10284,1437154695872,-6.935404,7.207744,-0.47884035
10285,1437154695892,-5.2678423,7.0593038,-0.32022446
10286,1437154695911,-5.398925,7.141305,-0.3866636
10287,1437154695930,-6.019622,7.52737,-0.5117606
10288,1437154695952,-5.7466826,7.4705076,-0.22445641
10289,1437154695970,-5.9477954,7.571663,-0.34835634
10290,1437154695989,-6.0381765,7.762002,-0.52073884
10291,1437154696009,-5.7400985,7.6309195,-0.47644615
10292,1437154696030,-5.6946087,7.450157,-0.4938041
10293,1437154696049,-6.099229,7.423821,-0.5434838
10294,1437154696069,-6.129755,7.1311297,-0.4770447
10295,1437154696091,-6.2434793,7.116166,-0.45549688
10296,1437154696109,-6.519411,7.2352777,-0.5793968
10297,1437154696137,-6.362591,7.3627687,-0.62847793
10298,1437154696166,-6.039374,7.404069,-0.7667431
10299,1437154696169,-6.364985,7.5231805,-0.84455466
10300,1437154696189,-6.5565214,7.487866,-0.93134445
10301,1437154696209,-6.477513,7.385514,-0.9283517
10302,1437154696237,-6.559514,7.4136457,-0.86729956
10303,1437154696249,-6.683414,7.49445,-0.83258367
10304,1437154696270,-6.7761893,7.0784574,-0.7374141
10305,1437154696295,-6.6415157,7.028179,-0.49320555
10306,1437154696309,-6.373365,7.225701,-0.7266402
10307,1437154696338,-6.505046,7.3268557,-0.6757634
10308,1437154696349,-5.7424927,7.301118,-0.5722142
10309,1437154696373,-6.0681043,7.2634096,-0.6536171
10310,1437154696393,-6.1890116,7.379528,-0.56084174
10311,1437154696413,-6.2752028,7.3430166,-0.59136784
10312,1437154696432,-6.3272767,7.233482,-0.5895722
10313,1437154696452,-6.6044054,7.192182,-0.5267244
10314,1437154696473,-6.7121444,7.08564,-0.6242881
10315,1437154696493,-6.8007298,7.1867948,-0.54168814
10316,1437154696513,-7.162853,7.4723034,-0.5446809
10317,1437154696533,-6.4936733,7.268198,-0.5470751
10318,1437154696564,-6.0944405,7.2969284,-0.36272156
10319,1437154696572,-6.3631897,7.5082164,-0.4794389
10320,1437154696590,-6.319495,7.6351094,-0.40521863
10321,1437154696612,-6.367978,7.6829934,-0.29328972
10322,1437154696631,-6.131551,7.53156,-0.29269117
10323,1437154696653,-5.969343,7.1730285,-0.092176765
10324,1437154696680,-6.0465565,6.909666,0.037708677
10325,1437154696964,-6.364985,6.8767457,0.08319851
10326,1437154696965,-6.669049,7.107786,-0.076614454
10327,1437154696966,-6.7121444,7.1766195,-0.15143326
10328,1437154696967,-6.4260373,7.018004,-0.06584055
10329,1437154696987,-6.71813,7.319673,-0.10654198
10330,1437154696988,-6.95755,7.53156,-0.2100912
10331,1437154696999,-6.4864907,7.6494746,-0.19871874
10332,1437154697000,-6.017826,7.2909427,-0.17238252
10333,1437154697001,-5.8478374,7.033566,-0.04249708
10334,1437154697002,-6.715736,7.0090256,-0.12330139
10335,1437154697003,-6.8324533,7.021595,-0.18794483
10336,1437154697004,-6.666056,6.7719994,-0.18974048
10337,1437154697005,-6.7965403,6.8091097,-0.25677812
10338,1437154697006,-7.033566,7.053318,-0.19273324
10339,1437154697007,-6.8557963,7.215525,-0.35434186
10340,1437154697008,-6.3578024,7.363966,-0.3824737
10341,1437154697040,-6.1686606,7.2867527,-0.3405752
10342,1437154697041,-6.308123,7.3268557,-0.29149407
10343,1437154697174,-6.6624646,7.4525514,-0.3298013
10344,1437154697175,-6.4960675,7.445369,-0.39743748
10345,1437154697176,-6.4547677,7.33344,-0.44232875
10346,1437154697177,-6.4463882,7.317279,-0.37469256
10347,1437154697178,-6.7648168,7.4908586,-0.36631286
10348,1437154697179,-6.567894,7.5668745,-0.48362875
10349,1437154697180,-6.381745,7.5028296,-0.4770447
10350,1437154697189,-6.510433,7.5327573,-0.43754035
10351,1437154697209,-6.5391636,7.4603324,-0.35793316
10352,1437154697229,-6.3045316,7.189788,-0.24480712
10353,1437154697249,-6.221333,6.9796963,-0.13347675
10354,1437154697269,-6.575675,6.893505,-0.12808979
10355,1437154697289,-6.693589,6.8348475,-0.20949265
10356,1437154697309,-6.89171,6.71394,-0.1592144
10357,1437154697329,-7.3190746,6.8731546,-0.130484
10358,1437154697349,-7.27957,6.771401,-0.1945289
10359,1437154697369,-7.0329676,6.8103065,-0.15682021
10360,1437154697389,-6.9725137,6.9599442,-0.17238252
10361,1437154697409,-6.703166,6.9222355,-0.08439561
10362,1437154697429,-6.602011,6.7929487,-0.089184016
10363,1437154697450,-6.8970966,6.694188,-0.008379706
10364,1437154697469,-7.225701,6.63134,-0.017956512
10365,1437154697489,-7.133524,6.5607114,-0.12808979
10366,1437154697510,-7.4848733,6.566098,-0.03232172
10367,1437154697530,-7.459734,6.473323,-0.088585466
10368,1437154697551,-7.3926964,6.5026517,-0.1400608
10369,1437154697594,-7.6608467,6.637924,-0.2088941
10370,1437154697595,-7.827842,6.4062853,-0.18076223
10371,1437154697610,-7.7949224,5.976526,0.02813187
10372,1437154697630,-8.207922,5.884948,-0.020350715
10373,1437154697650,-7.5962033,5.8388596,0.05327099
10374,1437154697670,-8.1163435,6.1884127,0.11192893
10375,1437154697691,-7.53156,6.2967505,-0.2160767
10376,1437154697710,-6.9479733,6.2626333,-0.14903906
10377,1437154697731,-7.0946183,6.154894,-0.13108255
10378,1437154697754,-7.3897038,6.187216,-0.09935937
10379,1437154697772,-7.415441,5.97892,0.011372458
10380,1437154697793,-7.7159133,6.239888,0.050876785
10381,1437154697811,-8.429385,6.497265,0.037110128
10382,1437154697834,-8.328231,6.51582,-0.05207389
10383,1437154697854,-7.65965,6.4667387,0.02932897
10384,1437154697873,-7.6452847,6.606201,-0.16340427
10385,1437154697893,-7.2765775,6.715137,-0.22266077
10386,1437154697914,-6.9012866,6.615778,-0.20051439
10387,1437154697934,-6.7654157,6.571485,-0.22266077
10388,1437154697951,-6.831256,6.555923,-0.13946225
10389,1437154697974,-7.041347,6.4242415,-0.093373865
10390,1437154697993,-7.061698,6.420052,-0.06344634
10391,1437154698013,-7.059902,6.498462,0.031124622
10392,1437154698034,-6.839636,6.6480994,-0.073023155
10393,1437154698052,-6.6187706,6.7600284,-0.06284779
10394,1437154698075,-6.570288,6.949769,-0.14065935
10395,1437154698094,-6.4858923,7.2628107,-0.25139117
10396,1437154698114,-6.3685765,7.3669586,-0.3441665
10397,1437154698137,-5.8921304,7.3549876,-0.47524905
10398,1437154698151,-6.041768,7.439383,-0.5093664
10399,1437154698171,-6.4086795,7.5549035,-0.57640404
10400,1437154698192,-6.4709287,7.7829514,-0.6242881
10401,1437154698211,-6.5744777,7.85358,-0.6715736
10402,1437154698231,-6.0770826,7.641693,-0.6206968
10403,1437154698299,-5.7802014,7.4962454,-0.5081693
10404,1437154698300,-6.033388,7.602189,-0.5201403
10405,1437154698301,-6.160281,7.6919713,-0.4405331
10406,1437154698322,-6.0639143,7.653664,-0.42197806
10407,1437154698331,-5.639542,7.6285253,-0.4225766
10408,1437154698357,-5.647323,7.5566993,-0.3800795
10409,1437154698372,-5.9609637,7.7350674,-0.3812766
10410,1437154698392,-5.911284,7.778163,-0.5093664
10411,1437154698413,-5.7466826,7.833828,-0.58418524
10412,1437154698433,-5.8723783,7.832032,-0.6889315
10413,1437154698453,-5.865794,7.8487916,-0.705691
10414,1437154698473,-5.8185086,7.7787614,-0.6991069
10415,1437154698492,-5.9609637,7.7667904,-0.7152678
10416,1437154698513,-6.1584854,7.827842,-0.60812724
10417,1437154698535,-6.0106435,7.5962033,-0.7134721
10418,1437154698555,-5.752668,7.289147,-0.6075287
10419,1437154698575,-6.1141925,7.103596,-0.5363012
10420,1437154698592,-6.362591,7.021595,-0.49081135
10421,1437154698614,-6.4966664,7.0784574,-0.44891283
10422,1437154698635,-6.5481415,7.326257,-0.56682724
10423,1437154698655,-6.1285577,7.3244615,-0.62488663
10424,1437154698675,-6.0399723,7.4848733,-0.61171854
10425,1437154698693,-6.1650696,7.801506,-0.7044938
10426,1437154698714,-6.072294,8.137892,-0.9379285
10427,1437154698735,-5.805341,8.10138,-0.9900024
10428,1437154698754,-5.7508726,8.071452,-0.93373865
10429,1437154698774,-5.893926,8.028955,-1.0295067
10430,1437154698794,-5.8813562,7.6410947,-0.8834604
10431,1437154698815,-5.579687,6.9677253,-0.7433996
10432,1437154698835,-5.8891377,6.697779,-0.5793968
10433,1437154698856,-6.968324,6.8653736,-0.65301853
10434,1437154698875,-7.337031,7.181408,-0.6254852
10435,1437154698895,-7.064092,7.21373,-0.62368953
10436,1437154698913,-6.6732388,7.4992385,-0.5722142
10437,1437154698933,-6.7324953,7.8613615,-0.64942724
10438,1437154698953,-6.0124393,8.000824,-0.6775591
10439,1437154699022,-5.6150017,7.8769236,-0.5638345
10440,1437154699023,-5.693412,7.5842323,-0.4866215
10441,1437154699024,-5.8963203,7.5495167,-0.46686932
10442,1437154699043,-6.1967926,7.5968018,-0.5494693
10443,1437154699052,-6.0980315,7.620744,-0.53450555
10444,1437154699072,-6.165668,7.575853,-0.57281274
10445,1437154699092,-5.917868,7.1993647,-0.4830302
10446,1437154699112,-6.2003837,7.0874357,-0.29448682
10447,1437154699133,-6.663662,7.229292,-0.35673606
10448,1437154699152,-6.737882,7.429208,-0.35254622
10449,1437154699173,-6.4781113,7.511808,-0.43155485
10450,1437154699201,-6.0926447,7.4723034,-0.55485624
10451,1437154699213,-6.1806316,7.744644,-0.56084174
10452,1437154699233,-6.265626,7.9128366,-0.6733692
10453,1437154699255,-5.846042,7.9607205,-0.6985083
10454,1437154699275,-5.6000376,7.7799582,-0.59136784
10455,1437154699295,-5.659294,7.6123643,-0.58897364
10456,1437154699313,-5.964555,7.52737,-0.52073884
10457,1437154699334,-6.126762,7.451953,-0.45789108
10458,1437154699355,-6.005256,7.394492,-0.5021838
10459,1437154699375,-5.896919,7.4603324,-0.5327099
10460,1437154699396,-6.0968347,7.6009917,-0.6266823
10461,1437154699413,-6.0124393,7.5082164,-0.6135142
10462,1437154699438,-5.9029045,7.471705,-0.5315128
10463,1437154699456,-6.1728506,7.557896,-0.5662287
10464,1437154699479,-6.296152,7.6614456,-0.4985925
10465,1437154699493,-6.3350577,7.753622,-0.45729253
10466,1437154699512,-6.2524576,7.7386584,-0.516549
10467,1437154699533,-6.3260794,7.8027034,-0.53929394
10468,1437154699552,-6.081871,7.691373,-0.6302736
10469,1437154699572,-6.103419,7.6213427,-0.58777654
10470,1437154699593,-6.247071,7.5231805,-0.623091
10471,1437154699614,-6.2901664,7.3873096,-0.5386954
10472,1437154699633,-6.381745,7.2298903,-0.45370123
10473,1437154699653,-6.27221,6.9288197,-0.4997896
10474,1437154699673,-6.5523314,6.9198413,-0.4213795
10475,1437154699699,-6.923433,6.987478,-0.45370123
10476,1437154699759,-7.0329676,7.0874357,-0.54288524
10477,1437154699760,-6.8282633,7.0144124,-0.5189432
10478,1437154699761,-6.6480994,6.9743094,-0.52732295
10479,1437154699782,-6.4523735,6.956353,-0.47465047
10480,1437154699793,-6.505046,7.0347633,-0.36152446
10481,1437154699822,-6.5619082,7.2023573,-0.39863458
10482,1437154699834,-6.393716,7.350199,-0.41838676
10483,1437154699854,-6.4499793,7.5590935,-0.427365
10484,1437154699874,-6.365584,7.6847887,-0.5907693
10485,1437154699893,-6.3165026,7.6045833,-0.59256494
10486,1437154699915,-6.285378,7.5602903,-0.6572084
10487,1437154699934,-6.3901243,7.36217,-0.6655881
10488,1437154699954,-6.5577183,7.1981673,-0.55605334
10489,1437154699973,-6.7163343,6.9916677,-0.45370123
10490,1437154699996,-6.7648168,6.944382,-0.4357447
10491,1437154700016,-6.843227,6.8348475,-0.40043023
10492,1437154700035,-6.830059,6.8450227,-0.41060558
10493,1437154700053,-6.8091097,6.8641763,-0.45370123
10494,1437154700076,-6.771401,6.9048777,-0.41240123
10495,1437154700096,-6.8103065,6.9611416,-0.5327099
10496,1437154700116,-6.622362,7.0245876,-0.6087258
10497,1437154700133,-6.642114,7.067085,-0.7302315
10498,1437154700156,-6.6349316,7.1604586,-0.7661445
10499,1437154700176,-6.6870055,7.157466,-0.7505822
10500,1437154700196,-6.805518,7.119757,-0.7278373
10501,1437154700216,-6.8324533,7.0467343,-0.6464345
10502,1437154700234,-6.8929067,6.940192,-0.58119243
10503,1437154700254,-6.9066734,6.962937,-0.5734113
10504,1437154700276,-6.8929067,6.9024835,-0.5919664
10505,1437154700296,-7.0407486,6.896498,-0.5746084
10506,1437154700316,-7.1963716,6.935404,-0.52133745
10507,1437154700335,-7.4806833,6.82946,-0.45310268
10508,1437154700354,-6.7402763,6.5026517,-0.5255273
10509,1437154700374,-6.187814,6.1943984,-0.44771573
10510,1437154700394,-6.889914,6.453571,-0.42796355
10511,1437154700427,-7.638102,6.9569516,-0.62728083
10512,1437154700480,-7.7584105,7.104195,-0.51116204
10513,1437154700481,-6.8581905,7.041347,-0.5602432
10514,1437154700482,-6.6247563,7.3938932,-0.61052144
10515,1437154700493,-6.7043633,7.5944076,-0.6691794
10516,1437154700514,-6.1782374,7.8050976,-0.66139823
10517,1437154700536,-5.979519,7.7907324,-0.7350199
10518,1437154700553,-5.873575,7.5824366,-0.6512229
10519,1437154700615,-5.7125654,7.321469,-0.57760113
10520,1437154700616,-6.1076083,6.967127,-0.39803603
10521,1437154700617,-6.6510925,6.939594,-0.38486794
10522,1437154700640,-6.8085113,6.9000893,-0.39983168
10523,1437154700655,-6.761824,7.016208,-0.23942018
10524,1437154700677,-6.545149,7.152079,-0.3705027
10525,1437154700695,-6.281787,7.4908586,-0.338181
10526,1437154700717,-6.2021794,7.8308353,-0.415394
10527,1437154700737,-5.8244944,8.227076,-0.4973954
10528,1437154700757,-5.5270147,8.090008,-0.50038815
10529,1437154700777,-5.33488,7.641693,-0.36391866
10530,1437154700797,-6.0561333,7.357382,-0.14604631
10531,1437154700816,-6.6163764,7.265804,-0.18255788
10532,1437154700837,-6.5840545,7.0168066,0.044292733
10533,1437154700854,-6.880337,7.0904284,0.09756372
10534,1437154700880,-6.6726403,7.2424603,-0.09636662
10535,1437154700897,-6.547543,7.4872675,-0.025737667
10536,1437154700920,-6.203975,7.790134,-0.25258827
10537,1437154700938,-5.781997,7.837419,-0.33638534
10538,1437154700958,-5.701193,7.587225,-0.12270284
10539,1437154700975,-6.317101,7.426215,-0.0053869537
10540,1437154700993,-6.469133,7.345411,-0.024540568
10541,1437154701014,-6.3871317,7.1790137,0.045489833
10542,1437154701034,-6.171055,7.025785,0.038307227
10543,1437154701060,-6.6187706,7.302315,0.06404489
10544,1437154701075,-6.691794,7.5644803,-0.21547815
10545,1437154701099,-5.816713,7.5016327,-0.3489549
10546,1437154701118,-5.9531827,7.941567,-0.40761283
10547,1437154701139,-6.042965,8.218696,-0.5955577
10548,1437154701222,-5.4102974,7.835025,-0.45549688
10549,1437154701223,-5.450999,7.3992805,-0.2633622
10550,1437154701224,-6.0704985,7.225701,-0.31423897
10551,1437154701225,-6.5828576,7.113772,-0.27353755
10552,1437154701234,-6.862979,7.2221093,-0.2801216
10553,1437154701266,-7.0012445,7.3507977,-0.3429694
10554,1437154701289,-6.506243,7.399879,-0.5033809
10555,1437154701319,-6.2327056,7.4812818,-0.4878186
10556,1437154701320,-6.260239,7.699753,-0.45908818
10557,1437154701339,-6.3123126,7.8463974,-0.40342298
10558,1437154701354,-5.889736,7.856573,-0.46208093
10559,1437154701375,-5.659893,7.8009076,-0.57640404
10560,1437154701396,-5.768829,7.839813,-0.6452374
10561,1437154701414,-5.885546,7.6961613,-0.6961141
10562,1437154701434,-6.019622,7.5686703,-0.6865373
10563,1437154701454,-6.4326215,7.4310036,-0.61770403
10564,1437154701474,-6.7827735,7.273585,-0.54049104
10565,1437154701496,-6.9120603,7.077859,-0.46686932
10566,1437154701518,-7.07726,7.1568675,-0.49081135
10567,1437154701536,-6.907272,7.1927805,-0.55006784
10568,1437154701558,-6.5601125,7.133524,-0.58897364
10569,1437154701596,-6.403891,7.2364745,-0.6847417
10570,1437154701597,-6.5720835,7.3322425,-0.7290344
10571,1437154701618,-6.510433,7.518392,-0.7811083
10572,1437154701635,-5.781399,7.33763,-0.7086837
10573,1437154701655,-6.1369376,7.380127,-0.5626374
10574,1437154701676,-6.2249246,7.318476,-0.6607997
10575,1437154701697,-6.155493,7.3083005,-0.60094464
10576,1437154701720,-6.56131,7.4387846,-0.62009823
10577,1437154701741,-6.579266,7.4507556,-0.59256494
10578,1437154701757,-6.4308257,7.338228,-0.38726214
10579,1437154701775,-6.2542534,7.3178773,-0.41958386
10580,1437154701794,-6.2219315,7.3633676,-0.30885202
10581,1437154701815,-6.31351,7.3071036,-0.3824737
10582,1437154701837,-5.9807158,7.2885485,-0.34237084
10583,1437154701855,-6.319495,7.2807674,-0.29987377
10584,1437154701911,-6.0184245,7.326257,-0.31004912
10585,1437154701912,-5.927445,7.5974007,-0.40641573
10586,1437154701916,-6.117185,7.764396,-0.6901286
10587,1437154701935,-5.732916,7.668628,-0.64823014
10588,1437154701957,-6.1501055,7.626131,-0.44651863
10589,1437154701975,-6.9916677,7.5106106,-0.58657944
10590,1437154701995,-5.8663926,7.363966,-0.43754035
10591,1437154702015,-6.445191,7.2789717,-0.25677812
10592,1437154702037,-6.4499793,7.7649946,-0.521936
10593,1437154702057,-6.18542,8.288128,-0.6733692
10594,1437154702077,-6.1261635,7.542334,-0.44951138
10595,1437154702096,-5.471948,7.129933,0.21428105
10596,1437154702121,-6.3985043,7.5231805,-0.13467385
10597,1437154702139,-6.0381765,7.417237,-0.38067806
10598,1437154702158,-5.8358665,7.270592,0.20290859
10599,1437154702178,-6.229713,7.5572977,-0.3866636
10600,1437154702198,-6.2380924,7.375937,-0.28550854
10601,1437154702219,-5.509058,7.2963295,-0.050278235
10602,1437154702239,-5.9968767,7.4351935,-0.2136825
10603,1437154702258,-6.935404,7.639898,-0.28072014
10604,1437154702278,-6.3260794,7.627328,-0.320823
10605,1437154702298,-6.1411276,7.4986396,-0.35673606
10606,1437154702317,-6.2626333,7.465121,-0.31603462
10607,1437154702339,-6.3907228,7.8888946,-0.4189853
10608,1437154702359,-6.2003837,7.74225,-0.5153519
10609,1437154702377,-6.0986304,7.1490865,-0.078410104
10610,1437154702396,-6.531981,7.227496,0.28550854
10611,1437154702416,-6.31351,7.056311,0.0023942017
10612,1437154702438,-5.7520695,7.235876,0.110731825
10613,1437154702459,-5.993884,7.53994,-0.27114335
10614,1437154702479,-6.187216,7.702147,-0.27952304
10615,1437154702500,-6.259042,7.6788034,-0.08080431
10616,1437154702515,-6.353613,7.731476,0.05327099
10617,1437154702538,-6.361394,7.8212585,0.092775315
10618,1437154702558,-6.069301,7.8667483,0.05686229
10619,1437154702588,-6.408081,8.051102,0.08020575
10620,1437154702665,-6.530185,8.002021,-0.095768064
10621,1437154702666,-6.0477533,7.81228,0.007182605
10622,1437154702667,-6.2339025,7.751228,0.09636662
10623,1437154702668,-6.125565,7.823054,-0.30645782
10624,1437154702676,-5.3474493,7.715315,-0.39863458
10625,1437154702706,-5.614403,7.6045833,-0.46267948
10626,1437154702716,-5.769428,7.357382,-0.75357497
10627,1437154702736,-5.4402246,7.2993226,-0.842759
10628,1437154702771,-5.41329,7.2628107,-1.0139444
10629,1437154702775,-5.463568,7.385514,-1.234211
10630,1437154702797,-5.529409,7.3208704,-1.4311341
10631,1437154702817,-5.6946087,7.504027,-1.5125369
10632,1437154702838,-6.269217,7.768586,-1.6310499
10633,1437154702855,-6.4218473,7.788338,-1.7890673
10634,1437154702879,-6.306926,7.9571295,-1.7202339
10635,1437154702898,-6.5631056,8.089409,-1.7238252
10636,1437154702918,-6.4416,8.197148,-1.7567455
10637,1437154702939,-6.06152,7.9529395,-1.4748282
10638,1437154702958,-6.05733,7.85777,-1.2653356
10639,1437154702976,-6.194997,7.8703394,-1.1785458
10640,1437154702999,-6.101623,7.7290816,-1.0941502
10641,1437154703021,-6.1387334,7.60997,-0.87567925
10642,1437154703035,-6.555923,7.378331,-0.88046765
10643,1437154703059,-5.5461683,7.2352777,-0.8170213
10644,1437154703076,-5.125387,7.2544312,-0.7266402
10645,1437154703097,-6.087258,7.5255747,-0.93732995
10646,1437154703116,-6.129755,7.5710645,-0.9427169
10647,1437154703139,-5.7748146,7.335834,-0.88286185
10648,1437154703159,-6.223727,7.4992385,-0.82719666
10649,1437154703179,-6.513426,7.5285673,-0.9780314
10650,1437154703199,-6.417658,7.471705,-0.79607207
10651,1437154703216,-6.3685765,7.3897038,-0.8888474
10652,1437154703237,-6.2554507,7.426215,-1.049259
10653,1437154703259,-6.4727244,7.447763,-1.0552444
10654,1437154703276,-6.606201,7.4746976,-1.1270704
10655,1437154703420,-6.479907,7.375937,-1.0564415
10656,1437154703421,-6.467337,7.1927805,-1.0259154
10657,1437154703422,-6.339846,7.0952168,-0.96785605
10658,1437154703423,-6.4338183,6.9342065,-0.88765025
10659,1437154703424,-6.795343,7.0706763,-0.8619126
10660,1437154703425,-6.8438253,6.9132576,-0.8110358
10661,1437154703426,-6.8545995,6.819285,-0.6691794
10662,1437154703447,-6.6391215,6.7223196,-0.6326678
10663,1437154703462,-6.797737,6.845621,-0.6793547
10664,1437154703502,-6.537368,7.001843,-0.736217
10665,1437154703503,-6.5445504,7.2927384,-0.6787562
10666,1437154703518,-6.3781533,7.606379,-0.86251116
10667,1437154703537,-5.9783216,7.7703815,-0.94810385
10668,1437154703558,-5.861006,8.009203,-1.0115502
10669,1437154703579,-5.804742,8.112753,-1.1390414
10670,1437154703602,-5.8634,8.150461,-1.0947487
10671,1437154703625,-5.775413,7.989451,-1.0324994
10672,1437154703651,-5.8574142,7.875128,-0.8834604
10673,1437154703657,-6.010045,7.753622,-0.83018947
10674,1437154703676,-6.0483522,7.6602483,-0.7224504
10675,1437154703696,-5.985504,7.587225,-0.7248446
10676,1437154703716,-5.741296,7.380127,-0.65242
10677,1437154703736,-6.019622,7.351995,-0.46746787
10678,1437154703756,-6.242881,7.36217,-0.50876784
10679,1437154703776,-6.109404,7.503428,-0.46806642
10680,1437154703796,-5.9130797,7.4645224,-0.46627077
10681,1437154703816,-5.673061,7.7069354,-0.4890157
10682,1437154703836,-5.8999114,8.024766,-0.61890113
10683,1437154703857,-5.939416,8.12592,-0.587178
10684,1437154703878,-5.8065376,8.11395,-0.5315128
10685,1437154703896,-5.701193,8.090606,-0.47465047
10686,1437154703918,-5.7281275,7.9307933,-0.43035775
10687,1437154703938,-5.5856724,7.890092,-0.3585317
10688,1437154703959,-5.9124813,7.793725,-0.32142156
10689,1437154703979,-5.9998693,7.6746135,-0.2184709
10690,1437154703999,-5.8903346,7.5549035,-0.15143326
10691,1437154704018,-5.7586536,7.491457,-0.15741876
10692,1437154704039,-5.9783216,7.536947,-0.20949265
10693,1437154704063,-6.0010667,7.4669166,-0.22685061
10694,1437154704078,-5.9920883,7.244256,-0.24899697
10695,1437154704098,-5.9609637,7.131728,-0.22864626
10696,1437154704118,-6.059126,7.1712327,-0.1592144
10697,1437154704136,-6.269217,7.417237,-0.24181437
10698,1437154704156,-6.4032927,7.8625584,-0.20949265
10699,1437154704178,-6.3685765,7.9427643,-0.33758244
10700,1437154704198,-6.227917,8.023568,-0.18854338
10701,1437154704217,-6.187216,8.024766,-0.23283611
10702,1437154704240,-6.011242,7.996035,-0.3238158
10703,1437154704260,-5.9244523,7.841609,-0.30765492
10704,1437154704276,-6.133945,7.699753,-0.2777274
10705,1437154704300,-6.3230867,7.5842323,-0.16879122
10706,1437154704320,-6.413468,7.399879,-0.18016368
10707,1437154704340,-6.4840965,7.247847,-0.065242
10708,1437154704360,-6.483498,7.223905,-0.011971008
10709,1437154704379,-6.4457893,7.241862,-0.08619126
10710,1437154704400,-6.362591,7.2568254,-0.12210429
10711,1437154704420,-6.2566476,7.374141,-0.23642741
10712,1437154704436,-6.1566896,7.29214,-0.23283611
10713,1437154704461,-6.1285577,7.3986816,-0.17537527
10714,1437154704479,-6.1489086,7.3968863,-0.29328972
10715,1437154704499,-6.355408,7.460931,-0.110731825
10716,1437154704519,-6.6588736,7.438186,-0.05267244
10717,1437154704540,-6.5619082,7.3603745,-0.031124622
10718,1437154704565,-6.649895,7.237672,0.050278235
10719,1437154704581,-6.675633,7.1227503,0.025737667
10720,1437154704598,-6.6989765,7.050924,0.11791443
10721,1437154704619,-6.597223,7.2191167,0.050278235
10722,1437154704639,-6.3889275,7.055114,-0.07062895
10723,1437154704658,-6.3566055,7.1365166,0.11492168
10724,1437154704679,-6.4936733,7.241263,-0.0700304
10725,1437154704751,-6.451775,7.2819643,-0.076614454
10726,1437154704752,-6.4763155,7.2885485,-0.107739076
10727,1437154704753,-6.3925185,7.379528,-0.12090719
10728,1437154704760,-6.3685765,7.392098,-0.19812019
10729,1437154704780,-6.2889695,7.427412,-0.10654198
10730,1437154704798,-6.4104753,7.40347,-0.22565351
10731,1437154704839,-6.239888,7.375937,-0.19033903
10732,1437154704840,-6.308123,7.4429746,-0.26276365
10733,1437154704859,-6.4697313,7.478289,-0.25857377
10734,1437154704879,-6.459556,7.3083005,-0.19093758
10735,1437154704899,-6.907272,7.393295,-0.23283611
10736,1437154704920,-6.700772,7.2592196,-0.24779987
10737,1437154704941,-6.704962,7.0964136,-0.1933318
10738,1437154704958,-6.5391636,7.138911,-0.2741361
10739,1437154704979,-6.261436,7.2568254,-0.32441434
10740,1437154705001,-6.208165,7.2819643,-0.33399114
10741,1437154705021,-6.235698,7.358579,-0.3716998
10742,1437154705041,-6.1141925,7.3244615,-0.3549404
10743,1437154705061,-5.8747725,7.3968863,-0.3854665
10744,1437154705079,-6.0728927,7.4327993,-0.4237737
10745,1437154705101,-6.073491,7.404069,-0.44711718
10746,1437154705120,-6.1758432,7.550115,-0.50158525
10747,1437154705141,-6.4248405,7.538144,-0.5386954
10748,1437154705161,-6.432023,7.502231,-0.40641573
10749,1437154705179,-6.3153057,7.7039423,-0.6386533
10750,1437154705199,-5.8203044,7.6614456,-0.6955156
10751,1437154705219,-5.783194,7.709928,-0.53689975
10752,1437154705242,-6.0866594,7.8248496,-0.664391
10753,1437154705262,-6.117185,7.7470384,-0.59017074
10754,1437154705284,-6.0980315,7.6105685,-0.5374983
10755,1437154705301,-5.811326,7.5507135,-0.5943606
10756,1437154705320,-6.169858,7.630321,-0.6464345
10757,1437154705339,-6.2769985,7.455544,-0.6344634
10758,1437154705359,-6.3512187,7.5004354,-0.5770026
10759,1437154705378,-6.3464303,7.339425,-0.6769605
10760,1437154705398,-6.187814,7.4124484,-0.60094464
10761,1437154705442,-6.1465144,7.44896,-0.6374562
10762,1437154705443,-5.8215013,7.36217,-0.6979098
10763,1437154705460,-6.308123,7.4711065,-0.4830302
10764,1437154705478,-6.3392477,7.510012,-0.4973954
10765,1437154705498,-6.0848637,7.81647,-0.86610246
10766,1437154705523,-6.5565214,7.5926123,-0.7793127
10767,1437154705603,-5.386954,7.6189485,-0.65780693
10768,1437154705604,-5.8909335,7.6949644,-0.7212533
10769,1437154705605,-6.4858923,7.7799582,-0.8822633
10770,1437154705607,-6.118981,7.6572556,-0.6266823
10771,1437154705630,-6.2871737,7.6231384,-0.7314286
10772,1437154705639,-6.0968347,7.5710645,-0.7026982
10773,1437154705659,-6.3380504,7.3938932,-0.5530606
10774,1437154705679,-6.3524156,7.518392,-0.55126494
10775,1437154705699,-6.277597,7.415441,-0.6727707
10776,1437154705719,-6.1507044,7.4070616,-0.5057751
10777,1437154705738,-6.3380504,7.2969284,-0.5554548
10778,1437154705758,-6.3607955,7.201759,-0.374094
10779,1437154705778,-6.1758432,7.2963295,-0.47046062
10780,1437154705798,-6.3129115,7.389105,-0.5542577
10781,1437154705820,-5.9807158,7.521983,-0.56084174
10782,1437154705839,-5.675455,7.7889366,-0.7386112
10783,1437154705860,-6.1004257,7.762002,-0.7529764
10784,1437154705882,-6.2913637,7.814076,-0.70509243
10785,1437154705902,-6.154894,8.1797905,-0.9259575
10786,1437154705920,-5.817312,7.445369,-0.6512229
10787,1437154705942,-5.635352,7.5465236,-0.41838676
10788,1437154705961,-6.2728086,7.757812,-0.7781156
10789,1437154705980,-5.920861,7.693767,-0.57161564
10790,1437154706022,-5.768829,7.743447,-0.50996494
10791,1437154706023,-6.1088057,7.674015,-0.92535895
10792,1437154706039,-5.9226565,7.5231805,-0.47405192
10793,1437154706060,-6.130952,7.502231,-0.51834464
10794,1437154706080,-5.9651537,7.72968,-0.62009823
10795,1437154706102,-5.7418942,7.5866265,-0.62009823
10796,1437154706136,-5.6401405,7.48188,-0.492607
10797,1437154706144,-6.2183404,7.5285673,-0.55844754
10798,1437154706159,-6.742072,7.6985555,-0.7906851
10799,1437154706179,-6.415862,7.641693,-0.80325466
10800,1437154706200,-5.9477954,7.8062944,-0.78290397
10801,1437154706220,-5.9142766,7.4812818,-0.9624691
10802,1437154706238,-5.8681884,7.7093296,-0.61291564
10803,1437154706262,-6.2512608,7.765593,-0.7553706
10804,1437154706279,-5.964555,7.631518,-0.7026982
10805,1437154706303,-5.683835,7.663241,-0.41838676
10806,1437154706321,-6.333262,7.6404963,-0.6715736
10807,1437154706342,-6.1770406,7.5213847,-0.5518635
10808,1437154706363,-5.9920883,7.4226236,-0.51116204
10809,1437154706383,-6.3272767,7.422025,-0.6027403
10810,1437154706403,-6.3967085,7.7230964,-0.6703765
10811,1437154706422,-6.591836,7.57286,-0.8870517
10812,1437154706443,-6.4368114,7.265205,-0.7236475
10813,1437154706463,-6.4260373,7.2981253,-0.736217
10814,1437154706479,-6.192004,7.40766,-0.91338795
10815,1437154706503,-5.967548,7.4148426,-0.7667431
10816,1437154706521,-6.0884547,7.515998,-0.66379243
10817,1437154706538,-6.1836243,7.5549035,-0.7104794
10818,1437154706559,-6.097433,7.5495167,-0.59615624
10819,1437154706580,-5.9268465,7.53156,-0.6739678
10820,1437154706598,-5.9597664,7.491457,-0.6919243
10821,1437154706625,-6.10282,7.4711065,-0.65900403
10822,1437154706639,-6.2315083,7.441777,-0.6452374
10823,1437154706659,-6.2362967,7.450157,-0.66259533
10824,1437154706679,-6.2339025,7.457938,-0.6895301
10825,1437154706699,-6.2985463,7.5106106,-0.6955156
10826,1437154706802,-6.2746043,7.487866,-0.7009025
10827,1437154706803,-6.1285577,7.371747,-0.6733692
10828,1437154706804,-6.2225304,7.4190326,-0.59136784
10829,1437154706805,-6.3991027,7.428011,-0.52073884
10830,1437154706806,-6.3643866,7.439982,-0.4830302
10831,1437154706863,-6.5098343,7.451354,-0.38307226
10832,1437154706864,-6.519411,7.466318,-0.3286042
10833,1437154706865,-6.439804,7.3340383,-0.13946225
10834,1437154706890,-6.2512608,7.2729864,-0.020350715
10835,1437154706921,-6.31351,7.227496,0.025139118
10836,1437154706922,-6.3153057,7.2298903,0.074818805
10837,1437154706941,-6.295553,7.2843585,0.0017956513
10838,1437154706977,-6.1782374,7.4351935,-0.16699557
10839,1437154706979,-6.0758853,7.504027,-0.24899697
10840,1437154707001,-6.1022215,7.515998,-0.24959552
10841,1437154707022,-6.3045316,7.5291657,-0.23403321
10842,1437154707040,-6.4152637,7.4345946,-0.1400608
10843,1437154707061,-6.455965,7.3657618,-0.05925649
10844,1437154707081,-6.4709287,7.3352356,-0.09756372
10845,1437154707100,-6.5259953,7.313089,-0.073023155
10846,1437154707121,-6.523601,7.2670007,-0.11252748
10847,1437154707140,-6.4589577,7.1903863,-0.076015905
10848,1437154707160,-6.6187706,7.2233067,-0.04369418
10849,1437154707181,-6.741473,7.24665,-0.13587095
10850,1437154707200,-6.645107,7.280169,-0.18734628
10851,1437154707221,-6.5601125,7.318476,-0.25318682
10852,1437154707241,-6.47033,7.4058642,-0.30885202
10853,1437154707261,-6.3524156,7.478289,-0.3681085
10854,1437154707279,-6.3392477,7.4896617,-0.39324763
10855,1437154707301,-6.359598,7.382521,-0.31902736
10856,1437154707321,-6.381745,7.3340383,-0.31304187
10857,1437154707340,-6.497265,7.302315,-0.29807812
10858,1437154707363,-6.3967085,7.2233067,-0.2088941
10859,1437154707382,-6.5086374,7.20535,-0.23403321
10860,1437154707401,-6.5403605,7.2382703,-0.23343466
10861,1437154707419,-6.554127,7.1867948,-0.19033903
10862,1437154707441,-6.606201,7.216124,-0.17238252
10863,1437154707461,-6.6864066,7.177218,-0.12569559
10864,1437154707480,-6.63134,7.1251445,-0.08678981
10865,1437154707500,-6.631939,7.095815,-0.047884032
10866,1437154707520,-6.59004,7.055712,-0.025737667
10867,1437154707540,-6.6492968,7.129933,0.01436521
10868,1437154707560,-6.743868,7.1407065,-0.0676362
10869,1437154707579,-6.7851677,7.2209125,-0.04070143
10870,1437154707600,-6.8282633,7.216124,-0.06703765
10871,1437154707620,-6.773795,7.1832037,-0.03232172
10872,1437154707640,-6.7163343,7.100005,-0.0005985504
10873,1437154707660,-6.6732388,7.0904284,0.054468088
10874,1437154707684,-6.6762314,7.079056,0.107140526
10875,1437154707704,-6.628946,7.0545154,0.18136078
10876,1437154707724,-6.7318964,7.053917,0.23223756
10877,1437154707742,-6.781576,7.0383544,0.23702596
10878,1437154707761,-6.5547256,7.0569096,0.2908955
10879,1437154707784,-6.2512608,7.1646485,0.3465607
10880,1437154707804,-5.7263317,7.2687964,0.2693477
10881,1437154707821,-5.0254292,7.4028716,0.29269117
10882,1437154707841,-4.8722005,7.989451,0.32920274
10883,1437154707863,-6.045958,8.323442,-0.09876082
10884,1437154707881,-6.3392477,8.254609,-0.25498247
10885,1437154707904,-6.503849,7.9325886,-0.06404489
10886,1437154707924,-6.630143,7.675212,-0.21667525
10887,1437154707941,-6.669049,7.550115,-0.26994625
10888,1437154707963,-6.740875,7.331644,-0.18555063
10889,1437154707984,-6.7079544,7.0329676,-0.092176765
10890,1437154708003,-6.601413,6.7749925,0.030526072
10891,1437154708024,-6.619968,6.667253,0.16699557
10892,1437154708045,-6.4128695,6.7091517,0.059855044
10893,1437154708063,-6.351817,6.8462195,-0.02813187
10894,1437154708082,-6.4110737,6.9958572,-0.054468088
10895,1437154708103,-6.3769565,7.193379,-0.16759412
10896,1437154708122,-6.4547677,7.441777,-0.29388827
10897,1437154708141,-6.419453,7.5800424,-0.37828386
10898,1437154708304,-6.341043,7.6009917,-0.3716998
10899,1437154708305,-6.3326635,7.6919713,-0.480636
10900,1437154708306,-6.294955,7.728483,-0.5847838
10901,1437154708307,-6.353014,7.666234,-0.5057751
10902,1437154708308,-6.4541693,7.547721,-0.415394
10903,1437154708309,-6.399701,7.3340383,-0.29388827
10904,1437154708310,-6.5110316,7.195773,-0.14664486
10905,1437154708311,-6.6947865,7.0862384,-0.13108255
10906,1437154708346,-6.6971807,6.9767036,-0.035913024
10907,1437154708347,-6.6923923,6.903681,0.026934769
10908,1437154708361,-6.7229185,6.921637,0.008978256
10909,1437154708390,-6.649895,6.9545574,-0.019153614
10910,1437154708402,-6.657078,7.0527196,-0.08080431
10911,1437154708422,-6.554127,7.0587053,-0.15741876
10912,1437154708442,-6.5984197,7.1646485,-0.2088941
10913,1437154708463,-6.63553,7.2310877,-0.31244332
10914,1437154708484,-6.5026517,7.2430587,-0.3441665
10915,1437154708504,-6.587646,7.2394676,-0.3561375
10916,1437154708524,-6.55712,7.2867527,-0.36990416
10917,1437154708544,-6.553529,7.177817,-0.3333926
10918,1437154708562,-6.55712,7.1460934,-0.2777274
10919,1437154708583,-6.6870055,7.125743,-0.23702596
10920,1437154708604,-6.7845693,7.107786,-0.21308395
10921,1437154708624,-6.8342485,7.107786,-0.17717093
10922,1437154708644,-6.7743936,7.057508,-0.2160767
10923,1437154708664,-6.7187285,7.0168066,-0.1933318
10924,1437154708685,-6.6864066,7.017405,-0.20410569
10925,1437154708705,-6.711546,7.0168066,-0.2088941
10926,1437154708725,-6.729502,7.023391,-0.20051439
10927,1437154708742,-6.7606273,7.0126166,-0.20350714
10928,1437154708764,-6.7684083,7.0006456,-0.20590134
10929,1437154708783,-6.712743,7.0347633,-0.20829555
10930,1437154708806,-6.757634,7.064092,-0.19871874
10931,1437154708826,-6.735488,7.053318,-0.2160767
10932,1437154708846,-6.730101,7.0766616,-0.23044191
10933,1437154708866,-6.7283053,7.0587053,-0.24899697
10934,1437154708882,-6.7253127,7.056311,-0.25677812
10935,1437154708902,-6.6391215,7.0527196,-0.20410569
10936,1437154708921,-6.4978633,7.065289,-0.22445641
10937,1437154708943,-6.3548098,7.152079,-0.23044191
10938,1437154709012,-6.345233,7.28795,-0.24181437
10939,1437154709016,-6.5068417,7.3148847,-0.3184288
10940,1437154709017,-6.521207,7.3083005,-0.28790274
10941,1437154709033,-6.6744356,7.2610154,-0.2621651
10942,1437154709041,-6.6564794,7.162853,-0.24420857
10943,1437154709062,-6.730101,7.138911,-0.1921347
10944,1437154709084,-6.782175,7.1329255,-0.24061728
10945,1437154709102,-6.645107,7.0766616,-0.16460137
10946,1437154709122,-6.542156,7.1251445,-0.21667525
10947,1437154709143,-6.4140663,7.16405,-0.24121583
10948,1437154709164,-6.301539,7.1993647,-0.23223756
10949,1437154709184,-6.2781954,7.29214,-0.28670564
10950,1437154709203,-6.193201,7.337031,-0.28072014
10951,1437154709223,-6.3248825,7.380127,-0.27473465
10952,1437154709245,-6.2967505,7.451354,-0.29328972
10953,1437154709265,-6.341642,7.5004354,-0.34955344
10954,1437154709285,-6.329072,7.5387425,-0.39564183
10955,1437154709304,-6.3709707,7.543531,-0.4261679
10956,1437154709325,-6.467936,7.471705,-0.41359833
10957,1437154709345,-6.4900823,7.4226236,-0.37588966
10958,1437154709365,-6.4805055,7.3340383,-0.31483752
10959,1437154709386,-6.3643866,7.3106947,-0.29987377
10960,1437154709403,-6.519411,7.265205,-0.28491
10961,1437154709424,-6.563704,7.2262993,-0.22385786
10962,1437154709445,-6.6600704,7.1353197,-0.20709845
10963,1437154709465,-6.6504936,7.0724716,-0.20410569
10964,1437154709487,-6.7133417,6.9970546,-0.23163901
10965,1437154709503,-6.688801,6.9623384,-0.2100912
10966,1437154709525,-6.7690067,7.067085,-0.27353755
10967,1437154709545,-6.409278,7.253234,-0.39624038
10968,1437154709565,-5.945401,7.4441714,-0.4225766
10969,1437154709585,-5.6628857,7.7105265,-0.44831428
10970,1437154709603,-5.3624134,8.015787,-0.5141548
10971,1437154709626,-5.321113,8.255207,-0.6596026
10972,1437154709643,-5.337274,8.349778,-0.8002619
10973,1437154709663,-5.5647235,8.301894,-0.7858967
10974,1437154709684,-5.8532248,8.35337,-0.8888474
10975,1437154709752,-5.8185086,8.291121,-0.9403227
10976,1437154709753,-5.901707,8.037933,-0.8451532
10977,1437154709756,-6.093243,7.8062944,-0.80684596
10978,1437154709771,-6.247071,7.6470804,-0.6721721
10979,1437154709782,-6.4062853,7.4016747,-0.56443304
10980,1437154709809,-6.5427547,7.363966,-0.39863458
10981,1437154709823,-6.667852,7.0952168,-0.3309984
10982,1437154709844,-6.683414,6.992266,-0.12689269
10983,1437154709864,-6.6852098,6.867169,-0.02813187
10984,1437154709884,-6.4763155,6.849811,0.15682021
10985,1437154709904,-6.3182983,7.029376,0.12689269
10986,1437154709924,-6.153697,7.2310877,0.19692309
10987,1437154709946,-6.1369376,7.510012,0.22864626
10988,1437154709963,-6.0968347,7.793725,0.21188685
10989,1437154709986,-5.839458,7.904457,0.17896658
10990,1437154710004,-5.5988407,7.996035,0.27234045
10991,1437154710023,-5.6407394,8.094796,0.20829555
10992,1437154710046,-5.6018333,8.135497,0.20051439
10993,1437154710063,-5.749077,8.004415,0.20231004
10994,1437154710084,-5.768829,7.905654,0.23403321
10995,1437154710106,-5.8891377,7.6907744,0.3405752
10996,1437154710123,-6.0106435,7.633912,0.4177882
10997,1437154710145,-5.952584,7.5812397,0.40402153
10998,1437154710166,-5.7670336,7.5650787,0.50038815
10999,1437154710186,-5.761048,7.6243353,0.4189853
11000,1437154710210,-5.7544637,7.727286,0.39085343
11001,1437154710223,-5.886145,7.6668324,0.41000703
11002,1437154710246,-5.792771,7.693767,0.40402153
11003,1437154710264,-5.7706246,7.690176,0.42078096
11004,1437154710284,-5.7664347,7.7027454,0.45908818
11005,1437154710304,-5.8400564,7.665635,0.3669114
11006,1437154710323,-5.9082913,7.717709,0.29328972
11007,1437154710346,-6.009446,7.6602483,0.24600422
11008,1437154710363,-6.10701,7.6811976,0.14963761
11009,1437154710385,-6.0387754,7.65546,0.15143326
11010,1437154710414,-6.1507044,7.6722193,0.18136078
11011,1437154710471,-6.123171,7.6243353,0.14604631
11012,1437154710472,-6.105214,7.5830355,0.26036942
11013,1437154710473,-6.2315083,7.53994,0.2873042
11014,1437154710484,-6.1303535,7.538144,0.31483752
11015,1437154710503,-6.1327477,7.4806833,0.3429694
11016,1437154710523,-6.3003416,7.4693108,0.3429694
11017,1437154710544,-6.407482,7.459734,0.34237084
11018,1437154710563,-6.3488245,7.5028296,0.37948096
11019,1437154710627,-6.3129115,7.5016327,0.33997664
11020,1437154710628,-6.353613,7.5016327,0.39384618
11021,1437154710632,-6.3224883,7.4345946,0.39923313
11022,1437154710644,-6.3685765,7.377134,0.48003745
11023,1437154710666,-6.287772,7.3687544,0.533907
11024,1437154710683,-6.296152,7.3083005,0.5835867
11025,1437154710706,-6.247669,7.252037,0.64583594
11026,1437154710725,-6.1644707,7.2741833,0.62129533
11027,1437154710744,-6.3045316,7.3525934,0.55006784
11028,1437154710767,-6.249465,7.340024,0.52253455
11029,1437154710784,-6.193201,7.361572,0.40462008
11030,1437154710820,-6.247669,7.3537903,0.3800795
11031,1437154710823,-6.190807,7.2963295,0.34955344
11032,1437154710844,-6.2368956,7.373543,0.32800564
11033,1437154710865,-6.2865753,7.349601,0.27832595
11034,1437154710884,-6.3021374,7.351396,0.2908955
11035,1437154710907,-6.3685765,7.393295,0.25438392
11036,1437154710924,-6.3787518,7.4106526,0.20231004
11037,1437154710944,-6.326678,7.451354,0.2124854
11038,1437154710967,-6.259042,7.4812818,0.1604115
11039,1437154710988,-6.1489086,7.4932528,0.16519992
11040,1437154711004,-6.1519012,7.569867,0.17896658
11041,1437154711025,-6.1524997,7.5626845,0.17178397
11042,1437154711044,-6.0561333,7.587824,0.16519992
11043,1437154711063,-6.095039,7.602189,0.11492168
11044,1437154711084,-6.0920463,7.6506715,0.11372458
11045,1437154711106,-6.2219315,7.6488757,0.09756372
11046,1437154711133,-6.2464724,7.571663,0.12030864
11047,1437154711157,-6.1824274,7.4968443,0.08140286
11048,1437154711189,-6.0507464,7.472902,0.08738836
11049,1437154711190,-5.973533,7.5812397,0.008978256
11050,1437154711209,-5.831078,7.715315,-0.034117375
11051,1437154711224,-5.7005944,7.801506,-0.108337626
11052,1437154711246,-5.671864,7.9301944,-0.18195933
11053,1437154711264,-5.6108117,7.873931,-0.24061728
11054,1437154711284,-5.6569,7.945757,-0.27952304
11055,1437154711304,-5.7748146,7.9086466,-0.37229836
11056,1437154711323,-5.777807,7.8757267,-0.3393781
11057,1437154711343,-5.7496753,7.8332295,-0.34596214
11058,1437154711363,-5.8651958,7.81647,-0.37828386
11059,1437154711383,-5.971139,7.7967176,-0.3369839
11060,1437154711403,-6.0226145,7.7183075,-0.3226187
11061,1437154711423,-6.0561333,7.6171527,-0.28191724
11062,1437154711443,-6.072294,7.5405383,-0.25917232
11063,1437154711463,-6.125565,7.4908586,-0.27952304
11064,1437154711483,-6.253655,7.4812818,-0.2705448
11065,1437154711507,-6.345233,7.4848733,-0.2837129
11066,1437154711528,-6.3685765,7.463325,-0.30825347
11067,1437154711546,-6.3224883,7.4256167,-0.29628247
11068,1437154711565,-6.299743,7.40766,-0.28431144
11069,1437154711586,-6.375759,7.3849154,-0.3196259
11070,1437154711606,-6.4140663,7.417237,-0.27234045
11071,1437154711626,-6.6241574,7.4603324,-0.18435353
11072,1437154711644,-6.7851677,7.353192,-0.0712275
11073,1437154711665,-6.655881,7.2209125,0.05925649
11074,1437154711688,-6.5457473,7.1071877,0.11611878
11075,1437154711708,-6.335656,7.086837,0.05207389
11076,1437154711727,-6.2195373,7.2227077,-0.076614454
11077,1437154711745,-6.2362967,7.4711065,-0.15682021
11078,1437154711764,-6.047155,7.617751,-0.320823
11079,1437154711785,-5.8837504,7.712322,-0.338181
11080,1437154711805,-5.823297,7.7494326,-0.38726214
11081,1437154711827,-5.851429,7.7506294,-0.4189853
11082,1437154711845,-5.971139,7.764396,-0.38367084
11083,1437154711896,-6.113594,7.760206,-0.40342298
11084,1437154711897,-6.2524576,7.704541,-0.41299978
11085,1437154711904,-6.275801,7.5842323,-0.38067806
11086,1437154711924,-6.2392898,7.5584946,-0.34356794
11087,1437154711944,-6.247669,7.503428,-0.2885013
11088,1437154711964,-6.2315083,7.4124484,-0.1945289
11089,1437154711986,-6.154894,7.28376,-0.12030864
11090,1437154712004,-6.2021794,7.237672,-0.055066638
11091,1437154712026,-6.2315083,7.2867527,-0.05686229
11092,1437154712047,-6.2368956,7.4441714,-0.18195933
11093,1437154712067,-6.393117,7.589619,-0.33758244
11094,1437154712087,-6.0926447,7.501034,-0.3298013
11095,1437154712108,-6.117185,7.499837,-0.3800795
11096,1437154712128,-6.25964,7.5944076,-0.46447513
11097,1437154712144,-6.2704144,7.53994,-0.41359833
11098,1437154712167,-6.2392898,7.541735,-0.37828386
11099,1437154712188,-6.4338183,7.5189905,-0.41000703
11100,1437154712204,-6.269217,7.386112,-0.48243165
11101,1437154712225,-6.1770406,7.413047,-0.4878186
11102,1437154712244,-6.367379,7.48188,-0.5422867
11103,1437154712267,-6.5259953,7.526173,-0.581791
11104,1437154712284,-6.393716,7.259818,-0.5081693
11105,1437154712304,-6.498462,7.1885905,-0.3333926
11106,1437154712324,-6.6469026,7.3777328,-0.46208093
11107,1437154712351,-6.205771,7.1808095,-0.42676646
11108,1437154712366,-6.519411,7.3627687,-0.4201824
11109,1437154712392,-6.425439,7.3992805,-0.5386954
11110,1437154712408,-6.4781113,7.4148426,-0.42556936
11111,1437154712425,-6.395511,7.3986816,-0.5638345
11112,1437154712445,-6.353613,7.3849154,-0.45250413
11113,1437154712467,-6.4284315,7.413047,-0.4830302
11114,1437154712489,-6.2327056,7.2987237,-0.45010993
11115,1437154712509,-6.3991027,7.3268557,-0.30166942
11116,1437154712567,-6.583456,7.3059063,-0.40581718
11117,1437154712568,-6.4098763,7.171831,-0.29867667
11118,1437154712569,-6.2985463,7.1580644,-0.15562311
11119,1437154712590,-6.455366,7.417237,-0.40222588
11120,1437154712605,-6.543952,7.3448124,-0.41060558
11121,1437154712625,-5.865794,7.504027,-0.2705448
11122,1437154712645,-6.353613,7.5644803,-0.57999533
11123,1437154712665,-6.2165446,7.577648,-0.4417302
11124,1437154712688,-6.345233,7.5243773,-0.33997664
11125,1437154712706,-6.3003416,7.4322004,-0.46327803
11126,1437154712728,-6.1860185,7.603985,-0.3184288
11127,1437154712746,-6.367978,7.6823945,-0.4189853
11128,1437154712767,-5.7083755,7.5848308,-0.52073884
11129,1437154712786,-6.035184,7.6590514,-0.272939
11130,1437154712809,-6.3542113,7.5908165,-0.47105917
11131,1437154712828,-6.1207767,7.3322425,-0.22385786
11132,1437154712849,-6.3685765,7.345411,-0.21188685
11133,1437154712869,-6.3889275,7.303512,-0.22146365
11134,1437154712888,-6.247071,7.3525934,-0.22924481
11135,1437154712909,-6.4667387,7.2406645,-0.2861071
11136,1437154712929,-6.279991,7.3843164,-0.29149407
11137,1437154712949,-6.0519433,7.428011,-0.38187516
11138,1437154712966,-6.2225304,7.435792,-0.3393781
11139,1437154712990,-6.31351,7.553706,-0.3752911
11140,1437154713009,-6.4248405,7.4148426,-0.3465607
11141,1437154713028,-6.2674217,7.6231384,-0.30107087
11142,1437154713049,-6.329072,7.521983,-0.36870706
11143,1437154713067,-6.5265937,7.7811556,-0.2112883
11144,1437154713088,-6.1626754,7.502231,-0.42437226
11145,1437154713108,-5.8903346,7.40347,-0.110731825
11146,1437154713129,-6.3362546,7.4058642,-0.207697
11147,1437154713149,-6.2889695,7.3867106,-0.21308395
11148,1437154713169,-6.4386067,7.368156,-0.002992752
11149,1437154713189,-6.363788,7.4004774,-0.14425065
11150,1437154713209,-6.2740054,7.313089,-0.10115502
11151,1437154713226,-6.081272,7.3388267,-0.10534488
11152,1437154713255,-6.1046157,7.392098,-0.15263036
11153,1437154713408,-6.1740475,7.373543,-0.076614454
11154,1437154713409,-6.283582,7.477092,-0.022744916
11155,1437154713410,-6.491279,7.5309615,-0.11372458
11156,1437154713411,-6.129755,7.4375877,-0.059855044
11157,1437154713412,-6.0836663,7.439383,-0.0676362
11158,1437154713413,-6.159084,7.5327573,-0.1400608
11159,1437154713414,-6.293758,7.543531,-0.18195933
11160,1437154713415,-6.2674217,7.657854,-0.090979666
11161,1437154713427,-6.010045,7.4830775,-0.25797522
11162,1437154713460,-6.205771,7.5824366,-0.23702596
11163,1437154713466,-6.133346,7.441777,-0.30885202
11164,1437154713486,-6.295553,7.3579803,-0.28909984
11165,1437154713506,-6.540959,7.397485,-0.29508537
11166,1437154713529,-6.6109896,7.345411,-0.36272156
11167,1437154713547,-6.661866,7.3202715,-0.29688102
11168,1437154713567,-6.567894,7.3148847,-0.25378537
11169,1437154713591,-6.5367694,7.301717,-0.2669535
11170,1437154713616,-6.5445504,7.3286514,-0.23762453
11171,1437154713649,-6.4086795,7.3579803,-0.24420857
11172,1437154713650,-6.3045316,7.3124905,-0.2160767
11173,1437154713666,-6.3446345,7.36217,-0.20051439
11174,1437154713686,-6.341043,7.3525934,-0.18734628
11175,1437154713706,-6.3087215,7.256227,-0.13347675
11176,1437154713726,-6.409278,7.3071036,-0.12449849
11177,1437154713746,-6.471527,7.3083005,-0.16101007
11178,1437154713766,-6.483498,7.2322845,-0.089184016
11179,1437154713786,-6.3667808,7.2340803,-0.13706805
11180,1437154713806,-6.4607534,7.29214,-0.107739076
11181,1437154713826,-6.5349736,7.3723454,-0.14065935
11182,1437154713845,-6.467337,7.3885064,-0.15263036
11183,1437154713865,-6.4445925,7.377134,-0.107140526
11184,1437154713885,-6.425439,7.377134,-0.11671733
11185,1437154713907,-6.4110737,7.3729444,-0.08678981
11186,1437154713929,-6.3751607,7.378331,-0.11731588
11187,1437154713949,-6.3601966,7.357382,-0.076015905
11188,1437154713969,-6.393716,7.351396,-0.11432313
11189,1437154713989,-6.3985043,7.3723454,-0.061650693
11190,1437154714007,-6.3667808,7.3627687,-0.05327099
11191,1437154714027,-6.3284736,7.392098,-0.048482586
11192,1437154714051,-6.3045316,7.4884644,-0.02873042
11193,1437154714078,-6.229114,7.581838,-0.022744916
11194,1437154714086,-6.1327477,7.639898,-0.04249708
11195,1437154714106,-6.084265,7.671621,-0.02633622
11196,1437154714125,-6.045359,7.615956,-0.01316811
11197,1437154714148,-6.194997,7.5333557,0.037110128
11198,1437154714167,-6.299743,7.40766,0.0676362
11199,1437154714187,-6.4230447,7.2765775,0.11971009
11200,1437154714206,-6.5481415,7.1353197,0.21068975
11201,1437154714229,-6.476914,7.067683,0.2633622
11202,1437154714249,-6.485294,7.120356,0.26156655
11203,1437154714270,-6.4463882,7.277775,0.23223756
11204,1437154714286,-6.341642,7.3777328,0.18674773
11205,1437154714308,-6.2345014,7.4681134,0.1933318
11206,1437154714329,-6.169858,7.529764,0.14724341
11207,1437154714351,-6.0525417,7.5584946,0.10654198
11208,1437154714371,-5.995081,7.543531,0.13108255
11209,1437154714391,-6.078878,7.5531077,0.08439561
11210,1437154714406,-6.177639,7.506421,0.10474633
11211,1437154714428,-6.257246,7.4166384,0.14724341
11212,1437154714449,-6.237494,7.4058642,0.15382746
11213,1437154714471,-6.2925606,7.4591355,0.18614918
11214,1437154714487,-6.285378,7.451953,0.17178397
11215,1437154714507,-6.3350577,7.4764934,0.1933318
11216,1437154714529,-6.30513,7.506421,0.15562311
11217,1437154714552,-6.1704564,7.431602,0.15083471
11218,1437154714573,-6.25964,7.4591355,0.16699557
11219,1437154714593,-6.2925606,7.4483614,0.107739076
11220,1437154714610,-6.273407,7.459734,0.12509704
11221,1437154714629,-6.30513,7.5405383,0.025139118
11222,1437154714646,-6.1943984,7.514202,0.0035913025
11223,1437154714668,-6.099229,7.577648,-0.046088383
11224,1437154714688,-6.078878,7.6201453,-0.11372458
11225,1437154714711,-6.108207,7.6470804,-0.076015905
11226,1437154714757,-6.1890116,7.602189,-0.090979666
11227,1437154714760,-6.2847795,7.5453267,-0.011372458
11228,1437154714767,-6.363788,7.419631,-0.0023942017
11229,1437154714788,-6.4763155,7.365163,0.05327099
11230,1437154714811,-6.559514,7.2909427,-0.005985504
11231,1437154714828,-6.533178,7.2352777,-0.013766659
11232,1437154714851,-6.499659,7.1472907,0.02633622
11233,1437154714868,-6.489484,7.189788,0.034715924
11234,1437154714888,-6.5152216,7.2382703,-0.0053869537
11235,1437154714910,-6.432023,7.24665,-0.019752163
11236,1437154714931,-6.373365,7.2382703,-0.017357962
11237,1437154714952,-6.338649,7.335834,-0.073023155
11238,1437154714971,-6.4008985,7.387908,-0.02932897
11239,1437154714991,-6.3685765,7.3807254,-0.014963761
11240,1437154715011,-6.2674217,7.374141,-0.076614454
11241,1437154715030,-6.393716,7.3992805,-0.14544775
11242,1437154715051,-6.2620344,7.3669586,-0.18255788
11243,1437154715069,-6.1285577,7.351995,-0.17776948
11244,1437154715090,-6.329671,7.314286,-0.21308395
11245,1437154715112,-6.3703723,7.2885485,-0.19093758
11246,1437154715128,-6.4577603,7.2544312,-0.219668
11247,1437154715150,-6.4218473,7.264008,-0.20470424
11248,1437154715168,-6.4900823,7.3190746,-0.23642741
11249,1437154715188,-6.491279,7.435792,-0.29448682
11250,1437154715208,-6.337452,7.547721,-0.34117374
11251,1437154715229,-6.145916,7.574057,-0.43275195
11252,1437154715253,-6.0824695,7.603386,-0.39983168
11253,1437154715274,-6.059126,7.6506715,-0.41838676
11254,1437154715291,-6.0411696,7.6949644,-0.39145198
11255,1437154715309,-5.98311,7.7488337,-0.4297592
11256,1437154715328,-5.9250507,7.69257,-0.40880993
11257,1437154715349,-5.943606,7.632715,-0.3645172
11258,1437154715370,-6.0357823,7.6135616,-0.3645172
11259,1437154715394,-6.093243,7.6015906,-0.34356794
11260,1437154715472,-6.205771,7.6321163,-0.33279404
11261,1437154715473,-6.1141925,7.623737,-0.3513491
11262,1437154715474,-6.0740895,7.6135616,-0.30585927
11263,1437154715475,-5.9962783,7.5704656,-0.31124622
11264,1437154715492,-6.0363812,7.611766,-0.31663316
11265,1437154715514,-6.083068,7.620744,-0.33638534
11266,1437154715529,-6.045359,7.615357,-0.35553896
11267,1437154715560,-6.132149,7.5692687,-0.36152446
11268,1437154715571,-6.125565,7.5884223,-0.39504328
11269,1437154715591,-6.1806316,7.6003933,-0.41599256
11270,1437154715619,-6.1584854,7.5734587,-0.40641573
11271,1437154715630,-6.1477113,7.6201453,-0.4141969
11272,1437154715654,-6.183026,7.6452847,-0.46686932
11273,1437154715670,-6.157887,7.6572556,-0.44532153
11274,1437154715688,-6.1507044,7.6572556,-0.46208093
11275,1437154715711,-6.075287,7.5944076,-0.44771573
11276,1437154715731,-6.0130377,7.5806413,-0.3842694
11277,1437154715751,-5.97892,7.583634,-0.34237084
11278,1437154715771,-5.993285,7.66384,-0.34835634
11279,1437154715791,-6.0046577,7.6428905,-0.32022446
11280,1437154715811,-5.9621606,7.621941,-0.3172317
11281,1437154715831,-5.981913,7.6770077,-0.31663316
11282,1437154715849,-6.0321913,7.6847887,-0.362123
11283,1437154715871,-5.9825115,7.695563,-0.3800795
11284,1437154715888,-5.9878983,7.7009497,-0.38067806
11285,1437154715911,-5.93762,7.678205,-0.34237084
11286,1437154715928,-5.929839,7.6111674,-0.2896984
11287,1437154715949,-5.9729347,7.5824366,-0.25797522
11288,1437154715974,-5.997475,7.6009917,-0.27712885
11289,1437154715994,-5.9717374,7.644686,-0.30107087
11290,1437154716011,-6.017826,7.6907744,-0.37588966
11291,1437154716029,-6.0160303,7.727286,-0.4213795
11292,1437154716050,-6.055535,7.705738,-0.4141969
11293,1437154716068,-6.0280013,7.675811,-0.36750996
11294,1437154716091,-5.9980736,7.6865845,-0.39025488
11295,1437154716109,-6.0704985,7.7637978,-0.40701428
11296,1437154716182,-5.9501896,7.7679873,-0.45370123
11297,1437154716183,-5.919065,7.7649946,-0.44951138
11298,1437154716184,-5.909488,7.756615,-0.5009867
11299,1437154716191,-5.959168,7.7679873,-0.46028528
11300,1437154716210,-6.011242,7.680599,-0.41958386
11301,1437154716231,-6.0423665,7.7063365,-0.39683893
11302,1437154716249,-6.1219735,7.7626004,-0.49200845
11303,1437154716274,-6.0716953,7.726089,-0.47644615
11304,1437154716289,-5.9519854,7.6931686,-0.47345337
11305,1437154716309,-5.8987145,7.705738,-0.45010993
11306,1437154716332,-5.910087,7.732673,-0.3788824
11307,1437154716351,-5.9382186,7.721899,-0.3274071
11308,1437154716374,-5.9052987,7.6650367,-0.24241292
11309,1437154716390,-6.0208187,7.6614456,-0.15382746
11310,1437154716411,-6.083068,7.639898,-0.12389994
11311,1437154716430,-6.1626754,7.5285673,0.06584055
11312,1437154716450,-6.357204,7.3202715,0.36511576
11313,1437154716473,-6.4248405,7.1460934,0.5105635
11314,1437154716492,-6.593033,6.7761893,0.70509243
11315,1437154716512,-6.547543,6.3703723,1.2204443
11316,1437154716532,-6.4368114,6.4858923,0.7308301
11317,1437154716552,-6.385336,6.889914,-0.13826515
11318,1437154716570,-6.2524576,7.318476,-0.46746787
11319,1437154716592,-6.2913637,7.6387005,-0.78769237
11320,1437154716612,-6.213552,7.989451,-0.99419224
11321,1437154716632,-5.901707,8.236053,-1.2653356
11322,1437154716652,-5.7203465,8.367735,-1.2605472
11323,1437154716671,-5.6203885,8.295909,-1.1474211
11324,1437154716690,-5.42167,8.081029,-0.8810662
11325,1437154716710,-5.603629,8.031948,-0.6512229
11326,1437154716730,-5.762245,7.9702973,-0.6793547
11327,1437154716755,-5.515642,7.903858,-0.62129533
11328,1437154716770,-5.6820393,7.873931,-0.5823896
11329,1437154716796,-5.8149176,7.993641,-0.7469909
11330,1437154716811,-5.5347958,7.9667063,-0.85532856
11331,1437154716830,-5.5120506,8.127118,-0.83378077
11332,1437154716883,-5.5270147,8.172607,-0.9343372
11333,1437154716884,-5.5509567,8.2169,-0.75716627
11334,1437154716895,-5.439028,8.217499,-0.8391677
11335,1437154716909,-5.4863133,8.225879,-0.830788
11336,1437154716929,-5.5300074,8.08881,-0.7368156
11337,1437154716953,-5.5521536,7.937377,-0.6380547
11338,1437154716970,-5.6658783,7.884106,-0.58777654
11339,1437154716991,-5.799355,7.854179,-0.5602432
11340,1437154717011,-5.8885393,7.785944,-0.5626374
11341,1437154717030,-5.9890957,7.709928,-0.4165911
11342,1437154717051,-6.0597243,7.666234,-0.45190558
11343,1437154717071,-6.0483522,7.714118,-0.5129577
11344,1437154717091,-5.94181,7.7087307,-0.5494693
11345,1437154717110,-5.8292828,7.8092875,-0.53929394
11346,1437154717133,-5.789778,7.787141,-0.6051345
11347,1437154717153,-5.7945666,7.7470384,-0.57161564
11348,1437154717173,-5.7203465,7.6704235,-0.5201403
11349,1437154717193,-5.762245,7.704541,-0.4914099
11350,1437154717213,-5.976526,7.6847887,-0.51116204
11351,1437154717233,-5.9651537,7.681796,-0.49081135
11352,1437154717253,-6.0118403,7.6865845,-0.48243165
11353,1437154717273,-5.878962,7.6452847,-0.4830302
11354,1437154717295,-5.9082913,7.7069354,-0.45250413
11355,1437154717311,-5.9873,7.730279,-0.44532153
11356,1437154717334,-5.8400564,7.829638,-0.5105635
11357,1437154717350,-5.6790466,7.8463974,-0.557849
11358,1437154717372,-5.3396683,7.9266033,-0.57520694
11359,1437154717391,-5.1038394,8.109759,-0.5770026
11360,1437154717410,-4.820725,8.294712,-0.6727707
11361,1437154717430,-4.6561236,8.294113,-0.6979098
11362,1437154717454,-4.5741224,8.408437,-0.78649527
11363,1437154717474,-4.6980224,8.370728,-0.98700964
11364,1437154717491,-4.68246,8.082227,-1.0247183
11365,1437154717510,-4.803367,7.8446016,-0.95349085
11366,1437154717530,-5.120599,7.7308774,-1.0953473
11367,1437154717550,-5.120599,7.4842744,-1.2066777
11368,1437154717621,-5.069722,7.921815,-1.2306197
11369,1437154717622,-4.8943467,8.376115,-2.0320787
11370,1437154717623,-3.9402575,8.801085,-2.3971944
11371,1437154717640,-3.5697548,9.41041,-2.7222073
11372,1437154717658,-3.915717,10.284892,-3.1094694
11373,1437154717670,-4.6483426,10.33517,-2.932897
11374,1437154717696,-3.9983168,9.8994255,-2.581548
11375,1437154717710,-3.3446999,9.446322,-2.2888567
11376,1437154717732,-3.3842041,9.337985,-2.1517887
11377,1437154717750,-3.5805287,9.030331,-2.1709423
11378,1437154717772,-3.8301241,8.876503,-1.6639702
11379,1437154717794,-3.578733,8.196549,-1.1402385
11380,1437154717811,-4.2742486,8.387487,-0.95468795
11381,1437154717832,-4.3622355,8.005013,-1.1994951
11382,1437154717852,-4.0934863,7.8386164,-0.8607155
11383,1437154717870,-4.074931,7.7063365,-1.1204864
11384,1437154717893,-3.8361096,7.8062944,-1.228824
11385,1437154717913,-4.1138372,7.967903,-1.1139023
11386,1437154717934,-4.3664255,8.462306,-1.3551182
11387,1437154717954,-4.1341877,8.765771,-1.6376339
11388,1437154717973,-2.641403,8.7849245,-1.7112557
11389,1437154717993,-1.4550761,9.196728,-1.6130934
11390,1437154718013,-1.252766,9.728839,-1.9536686
11391,1437154718030,-1.2485762,10.301651,-2.1033063
11392,1437154718054,-0.9379285,10.317214,-2.1212628
11393,1437154718073,-0.52373165,10.274118,-2.0506337
11394,1437154718092,-0.57760113,10.342353,-2.1350293
11395,1437154718112,-0.7529764,10.29387,-2.2720973
11396,1437154718132,-0.78769237,10.164583,-2.179322
11397,1437154718153,-0.8571242,9.9712515,-2.2122424
11398,1437154718173,-1.0761937,9.961076,-2.344522
11399,1437154718193,-0.93373865,9.701904,-2.2200236
11400,1437154718210,-0.90500826,9.603742,-2.1499932
11401,1437154718230,-0.9103952,9.558251,-2.1918917
11402,1437154718252,-0.9828198,9.501988,-2.132635
11403,1437154718272,-1.0372878,9.457097,-2.0841527
11404,1437154718290,-0.93493575,9.506178,-2.055422
11405,1437154718312,-0.8170213,9.493608,-2.0069396
11406,1437154718343,-0.6063316,9.61272,-1.9973627
11407,1437154718364,-0.65660983,9.5809965,-2.098518
11408,1437154718372,-0.99538934,9.741408,-2.055422
11409,1437154718391,-0.96905315,9.643845,-2.0458453
11410,1437154718412,-0.6751649,9.760562,-1.851915
11411,1437154718436,-0.5943606,9.746197,-1.9877859
11412,1437154718451,-0.581791,9.511565,-1.8183962
11413,1437154718482,-0.9588778,9.630676,-1.8303672
11414,1437154718491,-0.93972415,9.586384,-2.03148
11415,1437154718512,-0.7380127,9.496002,-1.8926164
11416,1437154718533,-0.64583594,9.528324,-1.9063832
11417,1437154718554,-0.6027403,9.731832,-2.0428526
11418,1437154718571,-0.6027403,9.774328,-1.905186
11419,1437154718591,-0.8924387,9.844358,-2.0009542
11420,1437154718615,-0.8062474,9.595961,-1.9590555
11421,1437154718631,-0.80325466,9.7402115,-1.857302
11422,1437154718653,-0.74758947,9.590573,-1.9093759
11423,1437154718673,-0.8948329,9.44752,-1.7250223
11424,1437154718694,-1.1139023,9.649231,-1.9207484
11425,1437154718714,-0.8074445,9.533711,-1.8896236
11426,1437154718734,-0.85413146,9.5798,-1.7968484
11427,1437154718754,-0.9451111,9.727043,-1.9829975
11428,1437154718772,-0.7206547,9.587581,-1.8788497
11429,1437154718793,-0.94092125,9.677961,-1.9488802
11430,1437154718815,-0.8571242,9.76535,-2.203264
11431,1437154718832,-0.84694886,9.56304,-1.9997569
11432,1437154718853,-0.9983821,9.560047,-2.0057425
11433,1437154718874,-1.0390835,9.534908,-2.0362685
11434,1437154718894,-0.8391677,9.441534,-1.9560628
11435,1437154718914,-0.61112,9.485827,-1.9752164
11436,1437154718934,-0.78888947,9.432556,-1.9494787
11437,1437154718954,-0.88046765,9.59177,-1.9590555
11438,1437154718974,-0.65541273,9.655217,-2.1386206
11439,1437154718993,-0.36152446,9.60853,-2.094328
11440,1437154719013,-0.3752911,9.662399,-2.160767
11441,1437154719040,-0.46028528,9.701305,-2.2092497
11442,1437154719113,-0.5446809,9.817424,-2.2960393
11443,1437154719114,-0.12928689,9.792884,-2.3523033
11444,1437154719115,-0.12928689,10.092757,-2.3307555
11445,1437154719116,0.3477578,10.515932,-2.5246856
11446,1437154719132,0.85652566,10.666168,-2.4169466
11447,1437154719159,0.27353755,10.495582,-2.3762453
11448,1437154719173,-0.3369839,10.193314,-2.618658
11449,1437154719193,-0.74399817,9.887454,-2.6683378
11450,1437154719213,-1.1109096,9.783905,-2.5953147
11451,1437154719233,-1.6657659,9.667787,-2.666542
11452,1437154719254,-2.0284874,9.452309,-2.4546554
11453,1437154719272,-2.2080526,9.298481,-2.3253684
11454,1437154719292,-2.658761,9.131485,-2.2463598
11455,1437154719315,-3.0226796,8.852561,-2.1152773
11456,1437154719331,-3.365649,8.707113,-1.9045875
11457,1437154719354,-3.6290112,8.53892,-1.7753005
11458,1437154719375,-3.912724,8.441956,-1.6017209
11459,1437154719395,-4.1419687,8.304289,-1.4167689
11460,1437154719415,-4.2945995,8.226477,-1.3587095
11461,1437154719435,-4.5807066,8.126519,-1.2138603
11462,1437154719453,-4.979341,8.160038,-1.0354922
11463,1437154719475,-5.079299,8.169615,-1.0139444
11464,1437154719494,-5.1062336,8.193557,-0.91099375
11465,1437154719513,-5.28939,8.210915,-0.93613285
11466,1437154719535,-5.2157683,8.124723,-0.8846575
11467,1437154719554,-5.1636944,8.100183,-0.76434886
11468,1437154719573,-5.317522,8.10138,-0.7990648
11469,1437154719598,-5.456984,8.184579,-0.79726917
11470,1437154719615,-5.4701524,8.173206,-0.86490536
11471,1437154719643,-5.222951,8.1480665,-0.85532856
11472,1437154719655,-5.3558292,8.096592,-0.9211691
11473,1437154719695,-5.504868,8.042722,-0.95109665
11474,1437154719696,-5.5539494,7.992444,-0.93972415
11475,1437154719822,-5.5820813,7.9732904,-0.9708488
11476,1437154719823,-5.5419784,7.958925,-0.9923966
11477,1437154719824,-5.6102133,7.911041,-1.0109516
11478,1437154719825,-5.6359506,7.832032,-0.99060094
11479,1437154719826,-5.571307,7.851186,-1.0540473
11480,1437154719827,-5.6910176,7.7410526,-1.0319009
11481,1437154719853,-5.783194,7.602189,-0.9696517
11482,1437154719854,-5.9477954,7.551312,-0.9828198
11483,1437154719872,-6.0447607,7.53575,-0.94570965
11484,1437154719892,-5.917868,7.5267715,-1.0271125
11485,1437154719912,-5.943606,7.517793,-1.0043676
11486,1437154719932,-6.049549,7.5165963,-1.0319009
11487,1437154719952,-6.139332,7.513005,-1.0271125
11488,1437154719973,-6.141726,7.5106106,-1.0378864
11489,1437154719992,-6.1477113,7.5584946,-1.0564415
11490,1437154720012,-6.1836243,7.4962454,-1.050456
11491,1437154720035,-6.2285156,7.40766,-0.9660604
11492,1437154720052,-6.242881,7.419631,-0.9504981
11493,1437154720074,-6.172252,7.4387846,-0.91458505
11494,1437154720092,-6.1770406,7.4735007,-0.93852705
11495,1437154720112,-6.251859,7.5112095,-0.9804256
11496,1437154720133,-6.137536,7.4926543,-0.91458505
11497,1437154720153,-6.2087636,7.480085,-0.8834604
11498,1437154720173,-6.2566476,7.5213847,-0.87807345
11499,1437154720193,-6.282984,7.566276,-0.8750807
11500,1437154720215,-6.1955953,7.5285673,-0.85173726
11501,1437154720235,-6.097433,7.489063,-0.8762778
11502,1437154720254,-6.1405287,7.483676,-0.84694886
11503,1437154720274,-6.2446766,7.4375877,-0.86131406
11504,1437154720295,-6.281188,7.361572,-0.8110358
11505,1437154720314,-6.4098763,7.3472066,-0.81163436
11506,1437154720333,-6.5523314,7.289147,-0.7703344
11507,1437154720353,-6.489484,7.249643,-0.7350199
11508,1437154720373,-6.447585,7.257424,-0.7224504
11509,1437154720393,-6.559514,7.265205,-0.7062895
11510,1437154720414,-6.551733,7.2508397,-0.6703765
11511,1437154720434,-6.5457473,7.2993226,-0.5979519
11512,1437154720455,-6.488885,7.32506,-0.61411273
11513,1437154720474,-6.397307,7.3968863,-0.59256494
11514,1437154720495,-6.3601966,7.431602,-0.5955577
11515,1437154720624,-6.2769985,7.478289,-0.6422446
11516,1437154720625,-6.218939,7.5052238,-0.6817489
11517,1437154720626,-6.2488666,7.5028296,-0.6973112
11518,1437154720627,-6.323685,7.435792,-0.712275
11519,1437154720628,-6.289568,7.369353,-0.61411273
11520,1437154720629,-6.323685,7.319673,-0.62129533
11521,1437154720701,-6.256049,7.2628107,-0.6159084
11522,1437154720702,-6.3745623,7.241263,-0.56682724
11523,1437154720703,-6.459556,7.2634096,-0.52133745
11524,1437154720704,-6.5259953,7.2209125,-0.53211135
11525,1437154720715,-6.4936733,7.223905,-0.56982
11526,1437154720733,-6.4302273,7.3100963,-0.6123171
11527,1437154720753,-6.3548098,7.299921,-0.6979098
11528,1437154720793,-6.345233,7.3627687,-0.7410054
11529,1437154720794,-6.3500214,7.341221,-0.8062474
11530,1437154720819,-6.2883706,7.3711486,-0.8379706
11531,1437154720834,-6.3805475,7.398083,-0.91937345
11532,1437154720853,-6.3739634,7.369353,-0.9983821
11533,1437154720874,-6.4224463,7.374141,-0.9840169
11534,1437154720895,-6.5990186,7.36636,-0.9876082
11535,1437154720914,-6.7013707,7.3765354,-0.9911995
11536,1437154720933,-6.6840124,7.3328414,-1.0001777
11537,1437154720954,-6.634333,7.241862,-0.931943
11538,1437154720975,-6.7690067,7.1341224,-0.83258367
11539,1437154720995,-6.8282633,7.043143,-0.7691373
11540,1437154721014,-6.813898,6.872556,-0.6799533
11541,1437154721034,-6.839037,6.794146,-0.64823014
11542,1437154721059,-6.8342485,6.681618,-0.62249243
11543,1437154721074,-6.8881183,6.6067996,-0.5823896
11544,1437154721093,-6.897695,6.603807,-0.6051345
11545,1437154721114,-7.0066314,6.642114,-0.60214174
11546,1437154721134,-7.073669,6.661866,-0.5626374
11547,1437154721154,-7.050924,6.6774287,-0.5847838
11548,1437154721174,-7.0874357,6.736685,-0.58657944
11549,1437154721194,-7.005434,6.771401,-0.6266823
11550,1437154721214,-6.9707184,6.7761893,-0.6410475
11551,1437154721237,-6.9904704,6.7827735,-0.6206968
11552,1437154721254,-7.008427,6.773795,-0.6488287
11553,1437154721274,-7.033566,6.787562,-0.60453594
11554,1437154721294,-6.917447,6.813898,-0.6015432
11555,1437154721315,-6.8653736,6.8168907,-0.58119243
11556,1437154721342,-6.8198833,6.7959414,-0.533907
11557,1437154721355,-6.8743515,6.8348475,-0.4973954
11558,1437154721373,-6.9288197,6.8761473,-0.48602295
11559,1437154721394,-6.84203,6.8719573,-0.50876784
11560,1437154721417,-6.8091097,6.935404,-0.5033809
11561,1437154721434,-6.7606273,6.9360023,-0.52852005
11562,1437154721454,-6.839636,7.001843,-0.55365914
11563,1437154721477,-6.8468184,7.0186024,-0.60094464
11564,1437154721497,-6.8426285,7.033566,-0.581791
11565,1437154721514,-6.8306575,7.057508,-0.6428431
11566,1437154721538,-6.8001313,7.03177,-0.65301853
11567,1437154721554,-6.785766,6.9892735,-0.6560113
11568,1437154721582,-6.7989345,6.9246297,-0.6362591
11569,1437154721596,-6.8827314,6.867169,-0.6003461
11570,1437154721616,-6.9599442,6.8007298,-0.5650316
11571,1437154721638,-7.021595,6.752846,-0.51834464
11572,1437154721656,-7.097611,6.717531,-0.47884035
11573,1437154721677,-7.1167645,6.712743,-0.40940848
11574,1437154721697,-7.0964136,6.693589,-0.3693056
11575,1437154721716,-7.076063,6.7001734,-0.36032736
11576,1437154721736,-7.013814,6.7223196,-0.3681085
11577,1437154721754,-7.035362,6.741473,-0.36631286
11578,1437154721776,-6.9330096,6.758233,-0.38726214
11579,1437154721798,-6.9048777,6.7731967,-0.40342298
11580,1437154721814,-7.00723,6.8127007,-0.41000703
11581,1437154721835,-7.053917,6.799533,-0.4165911
11582,1437154721855,-7.009624,6.7630215,-0.34596214
11583,1437154721876,-6.988076,6.8001313,-0.3477578
11584,1437154721902,-7.0186024,6.8665705,-0.39145198
11585,1437154721916,-6.9342065,6.8743515,-0.40162733
11586,1437154721935,-6.8522053,6.871359,-0.46627077
11587,1437154721955,-6.8366427,6.853402,-0.44113165
11588,1437154721974,-6.908469,6.8563952,-0.4213795
11589,1437154721996,-6.959346,6.817489,-0.3693056
11590,1437154722027,-6.899491,6.7827735,-0.33758244
11591,1437154722088,-6.980295,6.8186865,-0.3854665
11592,1437154722103,-7.0036387,6.813898,-0.40521863
11593,1437154722104,-6.927623,6.8091097,-0.3465607
11594,1437154722105,-6.96174,6.8210807,-0.3866636
11595,1437154722116,-6.96174,6.823475,-0.34715924
11596,1437154722138,-6.9449806,6.905476,-0.39205053
11597,1437154722154,-6.885724,6.9228344,-0.40940848
11598,1437154722174,-6.825869,6.927623,-0.43275195
11599,1437154722196,-6.7731967,6.9306154,-0.45130703
11600,1437154722214,-6.7881603,6.9796963,-0.49919105
11601,1437154722236,-6.8492126,7.019799,-0.51116204
11602,1437154722262,-6.8611836,7.007828,-0.53929394
11603,1437154722275,-6.8480153,6.9623384,-0.5069722
11604,1437154722295,-6.8785415,6.938995,-0.50397944
11605,1437154722318,-6.8988924,6.905476,-0.39025488
11606,1437154722335,-6.9383965,6.8665705,-0.33877954
11607,1437154722357,-6.8809357,6.845621,-0.29688102
11608,1437154722378,-6.9623384,6.8384385,-0.30945057
11609,1437154722397,-6.9581485,6.9012866,-0.31124622
11610,1437154722417,-6.9449806,6.9012866,-0.30645782
11611,1437154722435,-6.8109055,6.861782,-0.2645593
11612,1437154722457,-6.795343,6.8641763,-0.2825158
11613,1437154722479,-6.83784,6.8665705,-0.25617957
11614,1437154722495,-6.849811,6.8958993,-0.25498247
11615,1437154722518,-6.8282633,6.8599863,-0.25258827
11616,1437154722540,-6.782175,6.8707604,-0.29867667
11617,1437154722557,-6.871359,6.91625,-0.28311434
11618,1437154722578,-6.8623805,6.889914,-0.31603462
11619,1437154722599,-6.8342485,6.899491,-0.32142156
11620,1437154722618,-6.941389,6.892308,-0.4213795
11621,1437154722638,-7.0102224,6.917447,-0.42676646
11622,1437154722658,-6.992266,6.9252286,-0.44472298
11623,1437154722679,-6.9599442,6.9360023,-0.42796355
11624,1437154722699,-6.9006877,6.931214,-0.415394
11625,1437154722719,-6.8707604,6.9222355,-0.44472298
11626,1437154722738,-6.7731967,6.8947024,-0.44232875
11627,1437154722759,-6.743269,6.8887167,-0.439336
11628,1437154722812,-6.704962,6.851008,-0.43754035
11629,1437154722813,-6.75943,6.869563,-0.4165911
11630,1437154722816,-6.8384385,6.9210386,-0.43035775
11631,1437154722838,-6.861782,6.9000893,-0.40581718
11632,1437154722857,-6.8893156,6.8743515,-0.4165911
11633,1437154722877,-6.905476,6.882133,-0.4213795
11634,1437154722895,-6.8970966,6.849811,-0.4249708
11635,1437154722915,-6.9066734,6.8988924,-0.44831428
11636,1437154722937,-6.807314,6.9318123,-0.53450555
11637,1437154722957,-6.877943,6.9647326,-0.5883751
11638,1437154722976,-6.8408327,6.8947024,-0.6135142
11639,1437154722995,-6.923433,6.9102645,-0.59735334
11640,1437154723021,-7.0156097,6.8486137,-0.5626374
11641,1437154723038,-7.0048356,6.819285,-0.5398925
11642,1437154723058,-7.0832458,6.825869,-0.51475334
11643,1437154723078,-7.092224,6.789956,-0.4914099
11644,1437154723099,-7.055712,6.76781,-0.45429978
11645,1437154723119,-7.0036387,6.76362,-0.4794389
11646,1437154723138,-6.964134,6.82946,-0.48602295
11647,1437154723156,-6.881534,6.8557963,-0.50876784
11648,1437154723178,-6.7612257,6.8749504,-0.4842273
11649,1437154723199,-6.8168907,6.9371996,-0.5117606
11650,1437154723221,-6.8204823,6.932411,-0.5189432
11651,1437154723242,-6.7690067,6.9186444,-0.4830302
11652,1437154723255,-6.831256,6.975507,-0.5494693
11653,1437154723278,-6.8569937,6.95336,-0.5033809
11654,1437154723298,-6.911462,6.9946604,-0.5710171
11655,1437154723319,-6.953959,6.9725137,-0.5710171
11656,1437154723348,-6.987478,6.8881183,-0.55485624
11657,1437154723356,-6.9820905,6.8587894,-0.5710171
11658,1437154723375,-7.035362,6.818088,-0.5770026
11659,1437154723396,-7.0634937,6.7211227,-0.53450555
11660,1437154723419,-7.015011,6.5882444,-0.4854244
11661,1437154723439,-7.083844,6.4978633,-0.45489833
11662,1437154723459,-7.140108,6.373365,-0.39803603
11663,1437154723477,-7.2047515,6.157887,-0.26874915
11664,1437154723507,-7.153276,5.8903346,-0.0077811554
11665,1437154723566,-7.0886326,5.9118824,-0.08200141
11666,1437154723567,-7.2185183,6.692991,-0.2088941
11667,1437154723568,-6.827066,7.253234,-0.84216046
11668,1437154723577,-5.685032,7.763199,-1.1324574
11669,1437154723596,-5.119402,8.350976,-1.5699978
11670,1437154723619,-5.0158525,9.0237465,-1.7980455
11671,1437154723636,-4.71957,9.332,-1.8393455
11672,1437154723656,-4.4783545,9.264962,-1.5945383
11673,1437154723676,-4.6022544,9.162011,-1.620276
11674,1437154723696,-4.694431,8.94773,-1.4496891
11675,1437154723718,-4.8243165,8.653842,-1.2503718
11676,1437154723739,-5.0182467,8.428188,-1.1540052
11677,1437154723758,-5.185242,8.244433,-1.0199299
11678,1437154723776,-5.4162827,8.127118,-0.94810385
11679,1437154723845,-5.5701103,7.948151,-0.90620536
11680,1437154723846,-5.614403,7.781754,-0.7990648
11681,1437154723847,-5.650316,7.699753,-0.7529764
11682,1437154723855,-5.9226565,7.647679,-0.6901286
11683,1437154723875,-6.0878563,7.4848733,-0.66379243
11684,1437154723895,-6.1967926,7.383718,-0.59256494
11685,1437154723915,-6.4128695,7.343615,-0.6147113
11686,1437154723935,-6.4900823,7.3047094,-0.61052144
11687,1437154723955,-6.4828997,7.3472066,-0.6123171
11688,1437154723975,-6.4427967,7.466318,-0.6745663
11689,1437154723995,-6.381745,7.305308,-0.6835446
11690,1437154724020,-6.3302693,7.1550717,-0.5931635
11691,1437154724040,-6.575675,7.0287776,-0.5327099
11692,1437154724059,-6.7803793,6.895301,-0.4249708
11693,1437154724078,-6.929418,6.8522053,-0.35793316
11694,1437154724097,-6.932411,6.882133,-0.3465607
11695,1437154724117,-6.827665,6.8851256,-0.36272156
11696,1437154724137,-6.6445084,6.9132576,-0.36032736
11697,1437154724161,-6.689998,6.938995,-0.37588966
11698,1437154724181,-6.6367273,6.950966,-0.35075054
11699,1437154724200,-6.743269,6.944382,-0.32022446
11700,1437154724216,-6.8462195,6.9844847,-0.2633622
11701,1437154724246,-6.901885,7.0156097,-0.25977087
11702,1437154724258,-6.9144545,7.029975,-0.30406362
11703,1437154724279,-6.7851677,6.9527617,-0.2693477
11704,1437154724297,-6.7588315,6.909666,-0.2813187
11705,1437154724316,-6.782175,6.89171,-0.19812019
11706,1437154724335,-6.880337,6.907272,-0.19153613
11707,1437154724358,-6.867768,6.8749504,-0.17597382
11708,1437154724376,-6.827066,6.8893156,-0.1388637
11709,1437154724399,-6.8683662,6.849811,-0.12808979
11710,1437154724418,-6.9132576,6.83365,-0.08200141
11711,1437154724439,-6.9252286,6.793547,-0.037708677
11712,1437154724456,-7.000047,6.817489,-0.027533319
11713,1437154724480,-6.989872,6.8528037,0.008379706
11714,1437154724500,-6.941988,6.839037,0.0035913025
11715,1437154724520,-6.8103065,6.8025255,-0.05566519
11716,1437154724540,-6.8210807,6.8653736,-0.049679685
11717,1437154724560,-6.819285,6.884527,-0.090979666
11718,1437154724580,-6.8198833,6.92044,-0.08619126
11719,1437154724597,-6.8743515,6.9383965,-0.110731825
11720,1437154724620,-6.8988924,6.8958993,-0.13347675
11721,1437154724640,-6.901885,6.839037,-0.1376666
11722,1437154724657,-7.019799,6.8450227,-0.12629414
11723,1437154724676,-7.1089835,6.7803793,-0.1340753
11724,1437154724698,-7.133524,6.730101,-0.1436521
11725,1437154724721,-7.0581064,6.671443,-0.12090719
11726,1437154724742,-7.0126166,6.563704,-0.12330139
11727,1437154724762,-6.8863225,6.489484,-0.10295067
11728,1437154724780,-6.96593,6.5547256,-0.08798691
11729,1437154724796,-7.152079,6.63134,-0.0724246
11730,1437154724816,-7.1748238,6.613384,-0.06943185
11731,1437154724837,-6.9246297,6.645705,-0.06464344
11732,1437154724859,-6.7654157,6.7588315,-0.15502456
11733,1437154724881,-6.8007298,6.88333,-0.13706805
11734,1437154724934,-6.9850836,6.931214,-0.14065935
11735,1437154724947,-7.0503254,6.88333,-0.12868834
11736,1437154724948,-7.1131735,6.779182,-0.11731588
11737,1437154724959,-7.267599,6.6612678,-0.14065935
11738,1437154724985,-7.2149267,6.551733,-0.18435353
11739,1437154724999,-7.2364745,6.4128695,-0.13706805
11740,1437154725032,-7.397485,6.353613,-0.110133275
11741,1437154725041,-7.5136037,6.169858,-0.0023942017
11742,1437154725062,-7.645883,6.0824695,0.14425065
11743,1437154725079,-7.739257,5.967548,0.16699557
11744,1437154725097,-7.703344,5.8244944,0.27114335
11745,1437154725120,-7.800309,5.808932,0.32022446
11746,1437154725137,-7.8613615,5.737106,0.37828386
11747,1437154725160,-7.852383,5.7041855,0.44472298
11748,1437154725180,-7.9212165,5.6628857,0.44951138
11749,1437154725200,-8.110957,5.7119665,0.5189432
11750,1437154725218,-8.221688,5.737106,0.5662287
11751,1437154725240,-8.161834,5.803545,0.54408234
11752,1437154725261,-7.964312,5.798158,0.52253455
11753,1437154725281,-7.6135616,5.792771,0.5351041
11754,1437154725298,-7.5028296,5.781997,0.49799395
11755,1437154725323,-7.365163,5.6868277,0.5422867
11756,1437154725339,-7.367557,5.6616883,0.56563014
11757,1437154725361,-7.5549035,5.710171,0.5141548
11758,1437154725379,-7.623737,5.7784057,0.557849
11759,1437154725398,-7.8637557,5.792771,0.58298814
11760,1437154725418,-7.849989,5.768829,0.64703304
11761,1437154725443,-7.9313917,5.7149596,0.7170634
11762,1437154725463,-8.054693,5.734113,0.83856916
11763,1437154725484,-8.117541,5.7544637,0.8702923
11764,1437154725498,-8.08462,5.7706246,0.90261406
11765,1437154725529,-8.09719,5.791574,0.96665895
11766,1437154725570,-7.9206176,5.81372,0.9756372
11767,1437154725575,-7.7889366,5.916671,0.9415198
11768,1437154725694,-7.5351515,5.9867015,0.79607207
11769,1437154725698,-7.3322425,6.168062,0.6823475
11770,1437154725699,-7.0928226,6.18961,0.6302736
11771,1437154725700,-7.1604586,6.3326635,0.57640404
11772,1437154725701,-7.15567,6.397307,0.5177461
11773,1437154725702,-7.093421,6.409278,0.57760113
11774,1437154725703,-7.2047515,6.4547677,0.56922144
11775,1437154725735,-7.3029137,6.50744,0.6075287
11776,1437154725738,-7.3460093,6.5218053,0.6631939
11777,1437154725759,-7.2460513,6.5128274,0.6961141
11778,1437154725778,-7.1526775,6.541558,0.6823475
11779,1437154725810,-7.0946183,6.566098,0.7026982
11780,1437154725818,-7.102998,6.518214,0.7290344
11781,1437154725838,-7.1047935,6.4577603,0.79726917
11782,1437154725862,-7.149685,6.367379,0.9259575
11783,1437154725878,-7.080253,6.265626,0.90620536
11784,1437154725897,-6.909666,6.522404,0.8038532
11785,1437154725917,-6.987478,6.7187285,0.5542577
11786,1437154725937,-7.0012445,6.8408327,0.5189432
11787,1437154725958,-7.1167645,6.9707184,0.5201403
11788,1437154725981,-7.095815,7.032369,0.4985925
11789,1437154726001,-6.918046,7.00723,0.5231331
11790,1437154726021,-6.7839704,6.959346,0.55365914
11791,1437154726039,-6.6828156,6.965331,0.57640404
11792,1437154726062,-6.727108,6.9527617,0.54647654
11793,1437154726081,-6.7522473,6.9012866,0.59615624
11794,1437154726098,-6.767211,6.8468184,0.6254852
11795,1437154726122,-6.7654157,6.859388,0.6512229
11796,1437154726137,-6.8958993,6.861782,0.6619968
11797,1437154726159,-6.903082,6.89171,0.712275
11798,1437154726179,-6.9264255,6.872556,0.6769605
11799,1437154726201,-6.7163343,6.9246297,0.6775591
11800,1437154726222,-6.773795,6.895301,0.66379243
11801,1437154726238,-6.612785,6.8761473,0.6955156
11802,1437154726262,-6.757634,7.073669,0.7272388
11803,1437154726280,-6.7863646,7.2304893,0.6464345
11804,1437154726300,-6.5804634,7.216124,0.74399817
11805,1437154726320,-6.3721676,7.2322845,0.7697359
11806,1437154726340,-6.3206925,7.2604165,0.79726917
11807,1437154726395,-6.347627,7.241862,0.8265981
11808,1437154726409,-6.247669,7.20116,0.8391677
11809,1437154726410,-6.329671,7.189189,0.85054016
11810,1437154726420,-6.3105173,7.1395097,0.8451532
11811,1437154726440,-6.367379,7.1083846,0.8750807
11812,1437154726461,-6.4858923,7.1646485,0.82899237
11813,1437154726478,-6.579865,7.1233487,0.79846627
11814,1437154726501,-6.5283895,7.1107793,0.75118077
11815,1437154726519,-6.55712,6.9892735,0.7086837
11816,1437154726547,-6.4864907,7.041946,0.6781576
11817,1437154726562,-6.8569937,7.1766195,0.54049104
11818,1437154726580,-6.6492968,7.1712327,0.52073884
11819,1437154726601,-6.1387334,7.103596,0.5243302
11820,1437154726620,-6.5858502,7.1730285,0.5686229
11821,1437154726641,-7.052121,7.3112936,0.533907
11822,1437154726659,-6.7869635,7.243657,0.55365914
11823,1437154726681,-6.739678,7.1724296,0.65660983
11824,1437154726702,-6.602011,6.9479733,0.62009823
11825,1437154726727,-6.7773867,7.1514807,0.74998367
11826,1437154726739,-6.731298,6.9826894,0.57760113
11827,1437154726759,-6.4906807,6.950966,0.6919243
11828,1437154726779,-6.527791,6.8132997,0.66498953
11829,1437154726855,-6.8210807,6.941988,0.587178
11830,1437154726856,-6.4326215,6.7283053,0.6398504
11831,1437154726857,-6.6085954,6.7684083,0.7338228
11832,1437154726859,-6.7522473,6.950966,0.51355624
11833,1437154726879,-7.0347633,7.2113357,0.41359833
11834,1437154726899,-6.3177,7.086837,0.39145198
11835,1437154726918,-6.5786676,7.433398,0.34715924
11836,1437154726938,-6.4990606,7.6231384,0.025737667
11837,1437154726960,-6.1519012,7.61416,0.30765492
11838,1437154726980,-6.227917,7.587824,0.1945289
11839,1437154727004,-6.1902084,7.690176,0.17118542
11840,1437154727022,-6.1345434,7.4681134,0.18315643
11841,1437154727041,-6.2219315,7.4471645,0.32561144
11842,1437154727074,-6.531382,7.345411,0.15861586
11843,1437154727080,-6.443395,7.392098,0.24301147
11844,1437154727100,-6.637326,7.1586633,0.15801731
11845,1437154727119,-6.689998,7.2723875,0.20231004
11846,1437154727139,-6.541558,7.1514807,0.12988544
11847,1437154727160,-6.326678,7.1329255,0.1436521
11848,1437154727179,-6.3883286,7.204153,0.044891283
11849,1437154727199,-6.379949,7.216124,0.008379706
11850,1437154727220,-6.203975,7.2526355,-0.044292733
11851,1437154727243,-6.187814,7.0982094,-0.110731825
11852,1437154727259,-6.3631897,7.2867527,-0.11492168
11853,1437154727282,-6.6247563,7.3992805,-0.34835634
11854,1437154727303,-6.3153057,7.4028716,-0.2717419
11855,1437154727323,-6.2644286,7.2023573,-0.20530279
11856,1437154727343,-6.579266,7.406463,-0.27952304
11857,1437154727360,-6.5265937,7.328053,-0.30047232
11858,1437154727382,-6.5230026,7.313688,-0.18734628
11859,1437154727402,-6.5625067,7.2867527,-0.338181
11860,1437154727424,-6.6415157,7.355586,-0.2741361
11861,1437154727440,-6.6403184,7.306505,-0.32321724
11862,1437154727462,-6.483498,7.2227077,-0.1945289
11863,1437154727480,-6.583456,7.1867948,-0.16639702
11864,1437154727499,-6.5391636,7.107786,-0.12150574
11865,1437154727520,-6.5044475,7.0784574,-0.08379706
11866,1437154727545,-6.491878,7.062895,-0.1364695
11867,1437154727565,-6.4619503,7.074866,-0.109534726
11868,1437154727585,-6.5002575,7.008427,-0.12210429
11869,1437154727603,-6.4541693,6.9569516,-0.14844051
11870,1437154727619,-6.3823433,6.985682,-0.16639702
11871,1437154727640,-6.464943,7.0754647,-0.17896658
11872,1437154727660,-6.4924765,7.269395,-0.22685061
11873,1437154727681,-6.399701,7.3909006,-0.24181437
11874,1437154727754,-6.323685,7.5291657,-0.25677812
11875,1437154727769,-6.2482677,7.6608467,-0.30885202
11876,1437154727770,-6.1967926,7.7973166,-0.3226187
11877,1437154727771,-6.126762,7.9206176,-0.39624038
11878,1437154727780,-6.071097,7.9475527,-0.4213795
11879,1437154727800,-6.0106435,7.9248075,-0.4357447
11880,1437154727821,-5.9849057,7.838018,-0.45609543
11881,1437154727840,-6.045359,7.711125,-0.415394
11882,1437154727865,-6.1979895,7.5812397,-0.4261679
11883,1437154727881,-6.3177,7.455544,-0.3800795
11884,1437154727901,-6.3943143,7.267599,-0.31603462
11885,1437154727921,-6.4463882,7.211934,-0.2908955
11886,1437154727941,-6.56131,7.1646485,-0.2837129
11887,1437154727961,-6.661866,7.137714,-0.2705448
11888,1437154727982,-6.5505357,7.1305313,-0.28191724
11889,1437154728003,-6.5367694,7.203554,-0.31304187
11890,1437154728023,-6.591237,7.267599,-0.35553896
11891,1437154728043,-6.510433,7.2143283,-0.38845924
11892,1437154728064,-6.4751186,7.234679,-0.36152446
11893,1437154728082,-6.657078,7.2059484,-0.40462008
11894,1437154728103,-6.6403184,7.153875,-0.32441434
11895,1437154728123,-6.5750766,7.0664864,-0.29269117
11896,1437154728143,-6.6852098,7.0844426,-0.25617957
11897,1437154728161,-6.7785835,7.143699,-0.24480712
11898,1437154728181,-6.703765,7.15567,-0.24301147
11899,1437154728204,-6.670246,7.157466,-0.20231004
11900,1437154728222,-6.6067996,7.135918,-0.23702596
11901,1437154728242,-6.487688,7.141904,-0.20530279
11902,1437154728262,-6.5696893,7.216124,-0.24480712
11903,1437154728280,-6.5750766,7.2352777,-0.24061728
11904,1437154728300,-6.633136,7.225701,-0.22685061
11905,1437154728320,-6.6726403,7.137714,-0.2088941
11906,1437154728340,-6.7480574,7.0724716,-0.12210429
11907,1437154728360,-6.7564373,7.0365586,-0.08200141
11908,1437154728382,-6.8402343,7.0024414,-0.045489833
11909,1437154728404,-6.815694,7.008427,-0.046686932
11910,1437154728421,-6.8707604,7.0605006,-0.08379706
11911,1437154728446,-6.903681,7.0754647,-0.11312603
11912,1437154728522,-6.805518,7.038953,-0.11252748
11913,1437154728523,-6.7187285,6.9946604,-0.03232172
11914,1437154728524,-6.6187706,7.01142,0.005985504
11915,1437154728525,-6.637326,7.0449386,-0.009576807
11916,1437154728549,-6.5445504,6.9623384,-0.0035913025
11917,1437154728583,-6.537368,6.9240313,0.022744916
11918,1437154728584,-6.542156,6.870162,-0.04070143
11919,1437154728643,-6.6187706,6.84203,0.02932897
11920,1437154728644,-6.877943,6.91625,-0.033518825
11921,1437154728645,-6.7606273,6.857592,-0.006584055
11922,1437154728661,-6.855198,6.8851256,0.02813187
11923,1437154728681,-6.9108634,6.985682,-0.10295067
11924,1437154728701,-6.857592,6.964134,-0.05626374
11925,1437154728721,-6.7642183,6.986879,-0.10055647
11926,1437154728744,-6.7444663,6.983288,-0.11252748
11927,1437154728763,-6.7079544,7.0126166,-0.08499416
11928,1437154728784,-6.751649,7.08564,-0.11252748
11929,1437154728801,-6.7001734,7.0874357,-0.092176765
11930,1437154728824,-6.647501,7.057508,-0.050876785
11931,1437154728844,-6.76362,7.116166,-0.032920275
11932,1437154728864,-6.88333,7.0706763,-0.035913024
11933,1437154728884,-6.8665705,7.0347633,0.0077811554
11934,1437154728902,-6.9102645,7.0610995,0.049081136
11935,1437154728924,-6.88333,7.138911,0.019153614
11936,1437154728947,-6.7851677,7.1245456,-0.0047884034
11937,1437154728966,-6.6044054,7.103596,-0.020949265
11938,1437154728986,-6.599617,7.0156097,-0.016759412
11939,1437154729002,-6.503849,6.897695,-0.016759412
11940,1437154729022,-6.68102,6.8372416,0.021547815
11941,1437154729042,-6.897695,6.8970966,0.02932897
11942,1437154729062,-7.080253,6.923433,0.06284779
11943,1437154729088,-6.974908,6.9348054,0.08379706
11944,1437154729103,-6.8839283,6.9108634,0.11133038
11945,1437154729127,-6.870162,7.0036387,0.0712275
11946,1437154729142,-6.8127007,7.047931,0.045489833
11947,1437154729169,-6.7253127,7.0503254,-0.0077811554
11948,1437154729236,-6.6480994,7.0808516,-0.08319851
11949,1437154729237,-6.537368,7.053318,-0.12270284
11950,1437154729250,-6.4469867,6.993463,-0.1604115
11951,1437154729251,-6.4978633,6.921637,-0.14425065
11952,1437154729261,-6.7773867,6.9707184,-0.18255788
11953,1437154729289,-6.881534,7.0108213,-0.2100912
11954,1437154729302,-6.8504095,7.0754647,-0.23104046
11955,1437154729323,-6.783372,7.153276,-0.25617957
11956,1437154729343,-6.8079123,7.2179193,-0.26276365
11957,1437154729362,-6.7384806,7.2765775,-0.31902736
11958,1437154729386,-6.625953,7.2993226,-0.30047232
11959,1437154729406,-6.351817,7.1365166,-0.24660277
11960,1437154729422,-6.241085,7.0724716,-0.17836803
11961,1437154729443,-6.5098343,7.240066,-0.22864626
11962,1437154729465,-6.5164185,7.181408,-0.29209262
11963,1437154729485,-6.381745,7.1670427,-0.16101007
11964,1437154729505,-6.51582,7.140108,-0.23642741
11965,1437154729524,-6.3967085,7.1472907,-0.2124854
11966,1437154729545,-6.539762,7.2227077,-0.26156655
11967,1437154729565,-6.50744,7.3244615,-0.29987377
11968,1437154729585,-6.4242415,7.3244615,-0.29688102
11969,1437154729605,-6.332065,7.3029137,-0.3321955
11970,1437154729623,-6.8288617,7.689577,-0.2112883
11971,1437154729643,-6.4230447,7.233482,-0.4165911
11972,1437154729665,-6.2261214,7.4591355,-0.16819267
11973,1437154729685,-6.443395,7.3549876,-0.39923313
11974,1437154729705,-6.2769985,7.513005,-0.20111294
11975,1437154729723,-6.615778,7.439383,-0.20051439
11976,1437154729744,-6.393716,7.3992805,-0.29029694
11977,1437154729764,-6.291962,7.1514807,-0.130484
11978,1437154729785,-6.5666966,7.1550717,-0.19512744
11979,1437154729805,-6.8049197,7.203554,-0.107739076
11980,1437154729822,-6.6744356,7.1903863,-0.15741876
11981,1437154729845,-6.5206084,7.1371155,-0.13826515
11982,1437154729863,-6.6828156,7.1245456,-0.1364695
11983,1437154729882,-6.6762314,7.049727,-0.074818805
11984,1437154729904,-6.55293,6.965331,-0.02873042
11985,1437154729969,-6.8252707,7.0275807,-0.025737667
11986,1437154729970,-6.7025676,7.023989,-0.16998832
11987,1437154729971,-6.6175733,7.1083846,-0.09995792
11988,1437154729991,-6.6989765,7.068282,-0.18974048
11989,1437154730002,-6.7348895,7.16824,-0.13587095
11990,1437154730024,-6.6564794,7.103596,-0.1436521
11991,1437154730043,-6.75943,7.1006036,-0.0724246
11992,1437154730062,-6.577471,7.0383544,-0.1412579
11993,1437154730082,-6.721721,7.1431007,-0.09995792
11994,1437154730103,-6.5666966,7.1425023,-0.16400282
11995,1437154730125,-6.5511346,7.157466,-0.05327099
11996,1437154730145,-6.5152216,7.2113357,-0.17896658
11997,1437154730163,-6.4828997,7.1748238,-0.1604115
11998,1437154730183,-6.687604,7.277775,-0.13706805
11999,1437154730204,-6.6265516,7.2568254,-0.23702596
12000,1437154730226,-6.545149,7.1484876,-0.0700304
12001,1437154730243,-6.573281,7.132327,0.008978256
12002,1437154730265,-6.6367273,7.1945763,-0.08678981
12003,1437154730285,-6.494272,7.2430587,-0.11611878
12004,1437154730306,-6.534375,7.3885064,-0.22146365
12005,1437154730326,-6.333262,7.2741833,-0.26036942
12006,1437154730344,-6.306926,7.3232646,-0.18495208
12007,1437154730366,-6.539762,7.33344,-0.27234045
12008,1437154730384,-6.4404025,7.304111,-0.2184709
12009,1437154730403,-6.4745197,7.3071036,-0.20470424
12010,1437154730426,-6.5631056,7.3202715,-0.27593175
12011,1437154730444,-6.5283895,7.3005195,-0.22924481
12012,1437154730464,-6.4469867,7.1700354,-0.17836803
12013,1437154730483,-6.578069,7.247847,-0.16400282
12014,1437154730506,-6.573281,7.1784153,-0.19033903
12015,1437154730526,-6.4338183,7.189788,-0.13826515
12016,1437154730545,-6.5511346,7.2472486,-0.16759412
12017,1437154730564,-6.471527,7.2526355,-0.20290859
12018,1437154730583,-6.467337,7.2765775,-0.17717093
12019,1437154730634,-6.4667387,7.2484455,-0.2160767
12020,1437154730635,-6.5367694,7.29214,-0.21906945
12021,1437154730655,-6.525397,7.271789,-0.2088941
12022,1437154730726,-6.4978633,7.264008,-0.19871874
12023,1437154730727,-6.5002575,7.3005195,-0.20829555
12024,1437154730728,-6.503849,7.285556,-0.2208651
12025,1437154730729,-6.4805055,7.24665,-0.2112883
12026,1437154730743,-6.4625487,7.240066,-0.20470424
12027,1437154730766,-6.5110316,7.2233067,-0.24600422
12028,1437154730785,-6.558317,7.20116,-0.219668
12029,1437154730805,-6.609194,7.1592617,-0.16938977
12030,1437154730825,-6.585252,7.117363,-0.15981296
12031,1437154730844,-6.658275,7.197569,-0.15322891
12032,1437154730865,-6.6469026,7.1849995,-0.18016368
12033,1437154730884,-6.581062,7.204153,-0.19153613
12034,1437154730906,-6.4643445,7.129334,-0.19931729
12035,1437154730923,-6.517017,7.1844006,-0.22685061
12036,1437154730945,-6.546346,7.199963,-0.27114335
12037,1437154730963,-6.503849,7.15986,-0.23283611
12038,1437154730984,-6.5990186,7.1969705,-0.2813187
12039,1437154731006,-6.6492968,7.1688385,-0.29448682
12040,1437154731032,-6.63972,7.129334,-0.2813187
12041,1437154731043,-6.5858502,7.1425023,-0.30107087
12042,1437154731063,-6.657676,7.1472907,-0.2777274
12043,1437154731083,-6.7486563,7.2424603,-0.28191724
12044,1437154731103,-6.661866,7.2113357,-0.26515785
12045,1437154731123,-6.5864487,7.2304893,-0.25438392
12046,1437154731143,-6.5738792,7.265804,-0.25857377
12047,1437154731164,-6.5146227,7.2664022,-0.24540567
12048,1437154731183,-6.413468,7.176021,-0.26515785
12049,1437154731203,-6.465542,7.153875,-0.2100912
12050,1437154731223,-6.554127,7.16405,-0.2124854
12051,1437154731243,-6.6445084,7.1263413,-0.22505496
12052,1437154731263,-6.6205664,7.162853,-0.22505496
12053,1437154731283,-6.59423,7.1407065,-0.24480712
12054,1437154731303,-6.505046,7.1311297,-0.24241292
12055,1437154731323,-6.5655,7.1472907,-0.25737667
12056,1437154731343,-6.5924344,7.20954,-0.2837129
12057,1437154731373,-6.585252,7.2286935,-0.29508537
12058,1437154731426,-6.5259953,7.1951747,-0.23283611
12059,1437154731427,-6.482301,7.2580223,-0.25737667
12060,1437154731428,-6.457162,7.3124905,-0.23762453
12061,1437154731442,-6.4565635,7.3466077,-0.26156655
12062,1437154731463,-6.409278,7.3430166,-0.28431144
12063,1437154731485,-6.3488245,7.325659,-0.31663316
12064,1437154731503,-6.389526,7.3699512,-0.31603462
12065,1437154731526,-6.451775,7.379528,-0.31603462
12066,1437154731543,-6.417658,7.402273,-0.29448682
12067,1437154731564,-6.469133,7.395689,-0.3345897
12068,1437154731585,-6.4416,7.4058642,-0.32561144
12069,1437154731607,-6.4392056,7.3849154,-0.30705637
12070,1437154731627,-6.4062853,7.394492,-0.31902736
12071,1437154731644,-6.443994,7.380127,-0.2885013
12072,1437154731664,-6.3218894,7.311892,-0.3250129
12073,1437154731684,-6.3823433,7.289147,-0.28431144
12074,1437154731704,-6.481104,7.3124905,-0.28790274
12075,1437154731727,-6.527791,7.2843585,-0.24061728
12076,1437154731745,-6.518214,7.2149267,-0.24660277
12077,1437154731764,-6.5086374,7.1742253,-0.219668
12078,1437154731783,-6.508039,7.189189,-0.1933318
12079,1437154731806,-6.5505357,7.180211,-0.2112883
12080,1437154731827,-6.50744,7.1550717,-0.15801731
12081,1437154731846,-6.640917,7.2029557,-0.15562311
12082,1437154731867,-6.5206084,7.1622543,-0.15143326
12083,1437154731885,-6.530185,7.221511,-0.15442601
12084,1437154731903,-6.4709287,7.2065473,-0.16938977
12085,1437154731925,-6.5164185,7.258621,-0.19153613
12086,1437154731945,-6.5511346,7.265205,-0.16160862
12087,1437154731964,-6.5427547,7.2628107,-0.18614918
12088,1437154731985,-6.547543,7.273585,-0.1945289
12089,1437154732011,-6.5247984,7.225102,-0.23463176
12090,1437154732025,-6.445191,7.1592617,-0.24301147
12091,1437154732053,-6.5152216,7.1191587,-0.22625206
12092,1437154732113,-6.661866,7.1107793,-0.2088941
12093,1437154732114,-6.667852,7.117962,-0.19632454
12094,1437154732115,-6.367978,7.244256,-0.17238252
12095,1437154732132,-6.0884547,7.514202,-0.2136825
12096,1437154732144,-5.7616463,7.7703815,-0.3453636
12097,1437154732166,-5.9250507,7.5962033,-0.25079262
12098,1437154732184,-6.3123126,7.398083,-0.10115502
12099,1437154732204,-6.649895,7.2029557,-0.14903906
12100,1437154732229,-6.9318123,6.980295,-0.10295067
12101,1437154732245,-6.95336,6.777985,-0.18674773
12102,1437154732264,-7.215525,6.645107,-0.16519992
12103,1437154732291,-7.3059063,6.476914,-0.18974048
12104,1437154732305,-7.338228,6.4128695,-0.18076223
12105,1437154732324,-7.4256167,6.4020953,-0.19572599
12106,1437154732346,-7.351995,6.30513,-0.17896658
12107,1437154732369,-7.253833,6.314707,-0.09756372
12108,1437154732385,-7.245453,6.3206925,-0.15981296
12109,1437154732408,-7.399879,6.469133,-0.060453594
12110,1437154732428,-7.5267715,6.5152216,-0.17657238
12111,1437154732446,-7.195773,6.605004,-0.1364695
12112,1437154732468,-7.2179193,6.595427,-0.18914193
12113,1437154732486,-7.309498,6.503849,-0.092775315
12114,1437154732507,-7.421427,6.337452,0.0005985504
12115,1437154732529,-7.4429746,6.2626333,0.055066638
12116,1437154732547,-7.538144,6.155493,0.12808979
12117,1437154732572,-7.5770497,6.002862,0.17896658
12118,1437154732589,-7.4471645,5.861006,0.22924481
12119,1437154732609,-7.4812818,5.7323174,0.2645593
12120,1437154732628,-7.7254906,5.6066217,0.3489549
12121,1437154732644,-7.6770077,5.498883,0.39085343
12122,1437154732664,-7.4627266,5.2720323,0.50876784
12123,1437154732685,-8.041525,5.433042,0.54887074
12124,1437154732710,-8.22947,5.3157263,0.41479546
12125,1437154732732,-8.043321,5.191228,0.54767364
12126,1437154732751,-8.214506,5.1200004,0.60453594
12127,1437154732766,-8.360553,5.185841,0.5093664
12128,1437154732792,-8.39886,4.9123034,0.51595044
12129,1437154732867,-8.369531,4.6016555,0.717662
12130,1437154732868,-8.573636,4.5166616,0.83737206
12131,1437154732869,-8.869919,4.4538136,0.7733272
12132,1437154732870,-9.070433,4.2251673,0.93254155
12133,1437154732885,-9.020754,4.0402155,1.0684125
12134,1437154732914,-9.010578,3.8714242,1.1408371
12135,1437154732928,-8.944139,3.7594953,1.1617863
12136,1437154732945,-8.9363575,3.7403417,1.1264719
12137,1437154732968,-9.046491,3.757101,1.0546459
12138,1437154732988,-9.053674,3.8061821,1.0133458
12139,1437154733011,-8.974067,3.8061821,0.9624691
12140,1437154733030,-8.831013,3.7588966,0.9792285
12141,1437154733046,-8.861539,3.8576574,0.9840169
12142,1437154733068,-8.969876,3.8935704,1.0097545
12143,1437154733086,-8.871116,3.8672342,1.0815806
12144,1437154733108,-8.796896,3.8863878,1.1013328
12145,1437154733128,-8.876503,3.930082,1.0480618
12146,1437154733149,-8.79929,3.9576154,1.079785
12147,1437154733168,-8.768764,4.012682,1.1324574
12148,1437154733189,-8.734048,4.0096893,1.0642227
12149,1437154733207,-8.664018,4.0581717,1.0594343
12150,1437154733229,-8.515577,4.103063,1.0073603
12151,1437154733250,-8.610147,4.204817,0.9427169
12152,1437154733265,-8.602965,4.2640734,0.9451111
12153,1437154733289,-8.674192,4.2981906,0.95588505
12154,1437154733308,-8.623915,4.345476,0.9648633
12155,1437154733329,-8.624513,4.23654,0.9768343
12156,1437154733349,-8.590396,4.2383356,1.0313023
12157,1437154733376,-8.654441,4.2185836,0.98700964
12158,1437154733385,-8.564059,4.2622776,0.99060094
12159,1437154733405,-8.655638,4.301782,0.97264445
12160,1437154733425,-8.766968,4.3041763,0.9816227
12161,1437154733449,-8.711902,4.2437224,1.0247183
12162,1437154733469,-8.707113,4.256891,1.0636241
12163,1437154733489,-8.48146,4.2904096,1.0971429
12164,1437154733508,-8.447941,4.2024226,1.0821792
12165,1437154733528,-8.839393,4.408922,1.1330559
12166,1437154733586,-8.693346,4.349067,1.0139444
12167,1437154733587,-8.595184,4.469376,1.0181342
12168,1437154733588,-8.72507,4.4687777,1.0175357
12169,1437154733605,-8.641273,4.466982,1.0205284
12170,1437154733626,-8.582615,4.486734,1.0468647
12171,1437154733646,-8.5143795,4.486734,1.0295067
12172,1437154733666,-8.467693,4.540005,0.9864111
12173,1437154733692,-8.584411,4.607641,0.94211835
12174,1437154733706,-8.496424,4.71119,0.8619126
12175,1437154733727,-8.374918,4.747103,0.8206126
12176,1437154733746,-8.292916,4.824915,0.7918822
12177,1437154733766,-8.380903,4.923077,0.7374141
12178,1437154733789,-8.224083,4.947019,0.6799533
12179,1437154733806,-8.176797,5.04997,0.65900403
12180,1437154733829,-8.298303,5.161899,0.6171055
12181,1437154733850,-8.255207,5.227141,0.5494693
12182,1437154733869,-8.128315,5.2810106,0.5141548
12183,1437154733889,-8.067862,5.317522,0.44352585
12184,1437154733909,-8.10138,5.379771,0.49559975
12185,1437154733929,-8.07265,5.4408236,0.4890157
12186,1437154733949,-8.015787,5.498883,0.46267948
12187,1437154733969,-7.934983,5.5150437,0.46986207
12188,1437154733988,-7.8691425,5.5401826,0.4854244
12189,1437154734009,-7.864354,5.6461263,0.4189853
12190,1437154734028,-7.8607626,5.758055,0.3196259
12191,1437154734049,-7.7201033,5.8424506,0.21667525
12192,1437154734069,-7.602189,5.8771667,0.12808979
12193,1437154734089,-7.5920134,5.9130797,0.08619126
12194,1437154734110,-7.517793,5.9531827,0.06284779
12195,1437154734130,-7.5626845,6.0088477,-0.014963761
12196,1437154734149,-7.567473,6.0663085,-0.05805939
12197,1437154734169,-7.615956,6.1303535,-0.076614454
12198,1437154734189,-7.7183075,6.202778,-0.08259996
12199,1437154734212,-7.6147585,6.257845,-0.110731825
12200,1437154734226,-7.5321584,6.2763996,-0.16879122
12201,1437154734246,-7.5351515,6.3703723,-0.20171149
12202,1437154734266,-7.4896617,6.4272346,-0.19991584
12203,1437154734298,-7.301717,6.4463882,-0.18375498
12204,1437154734316,-7.257424,6.5110316,-0.20231004
12205,1437154734333,-7.0587053,6.420052,-0.20231004
12206,1437154734346,-6.9360023,6.384139,-0.18974048
12207,1437154734366,-7.1191587,6.3512187,-0.18555063
12208,1437154734387,-7.1622543,6.393716,-0.16998832
12209,1437154734406,-7.183802,6.4338183,-0.18854338
12210,1437154734426,-7.291541,6.4846954,-0.20051439
12211,1437154734466,-7.2670007,6.5188127,-0.28191724
12212,1437154734467,-7.28795,6.491878,-0.20649989
12213,1437154734490,-7.2723875,6.5230026,-0.15023616
12214,1437154734506,-7.2262993,6.7199254,-0.15143326
12215,1437154734527,-7.03177,6.773795,-0.26396075
12216,1437154734546,-6.9569516,6.7504516,-0.19991584
12217,1437154734566,-6.880337,6.754043,-0.11133038
12218,1437154734586,-6.8893156,6.839037,-0.08798691
12219,1437154734606,-6.8228765,6.9425864,-0.09876082
12220,1437154734627,-6.8264675,6.963536,-0.049679685
12221,1437154734647,-6.805518,6.9844847,-0.010773907
12222,1437154734667,-6.5966244,6.8569937,0.0077811554
12223,1437154734687,-6.6103907,6.9066734,0.06703765
12224,1437154734707,-6.7654157,7.005434,-0.04070143
12225,1437154734727,-6.919243,7.1227503,0.039504327
12226,1437154734752,-6.8773446,7.1502833,-0.019752163
12227,1437154734766,-6.7654157,7.068282,-0.010773907
12228,1437154734787,-6.564901,6.9587474,0.06284779
12229,1437154734807,-6.4828997,6.979098,0.06464344
12230,1437154734827,-6.716933,7.04434,0.0700304
12231,1437154734847,-6.783372,7.095815,0.10654198
12232,1437154734867,-6.782175,7.138911,0.16460137
12233,1437154734887,-6.633734,7.129334,0.08798691
12234,1437154734907,-6.4128695,7.116166,0.10474633
12235,1437154734927,-6.55293,7.211934,0.062249243
12236,1437154734947,-6.7486563,7.1724296,0.06703765
12237,1437154734967,-6.7504516,7.052121,0.18854338
12238,1437154734986,-6.835446,6.941389,0.28311434
12239,1437154735005,-6.819285,6.9252286,0.3890578
12240,1437154735028,-6.8264675,6.8689647,0.47644615
12241,1437154735046,-6.913856,6.870162,0.58418524
12242,1437154735069,-6.872556,6.8144965,0.5967548
12243,1437154735085,-6.794146,6.8587894,0.6027403
12244,1437154735105,-6.6588736,6.9048777,0.53211135
12245,1437154735125,-6.6085954,6.985682,0.48961425
12246,1437154735145,-6.7103486,6.9862804,0.56563014
12247,1437154735165,-6.59004,6.963536,0.5979519
12248,1437154735185,-6.4924765,7.0126166,0.52253455
12249,1437154735205,-6.3739634,7.0712748,0.51355624
12250,1437154735225,-6.364985,7.1742253,0.4770447
12251,1437154735245,-6.3368535,7.1221514,0.39444473
12252,1437154735265,-6.3727665,7.1568675,0.39983168
12253,1437154735285,-6.6983776,7.2059484,0.38965634
12254,1437154735305,-6.7426705,7.162853,0.47225627
12255,1437154735325,-6.7881603,7.091625,0.47285482
12256,1437154735346,-6.655282,7.077859,0.54408234
12257,1437154735366,-6.6642604,7.128137,0.55844754
12258,1437154735386,-6.736685,7.04015,0.6967127
12259,1437154735407,-6.706159,6.8653736,0.85293436
12260,1437154735426,-6.7211227,6.8210807,0.91458505
12261,1437154735451,-6.8067155,6.8348475,0.90500826
12262,1437154735466,-6.643311,6.8731546,0.8415619
12263,1437154735489,-6.769605,6.728904,0.81343
12264,1437154735510,-6.944382,6.693589,0.83737206
12265,1437154735529,-6.9916677,6.4182563,0.7846996
12266,1437154735551,-7.019201,6.4463882,0.736217
12267,1437154735569,-7.244256,6.4966664,0.44651863
12268,1437154735591,-7.261614,6.539762,0.3633201
12269,1437154735656,-7.3083005,6.489484,0.18974048
12270,1437154735659,-7.1867948,6.4601545,0.050876785
12271,1437154735660,-7.2711906,6.679823,-0.062249243
12272,1437154735671,-7.3268557,6.781576,-0.23702596
12273,1437154735688,-7.185598,6.8372416,-0.20829555
12274,1437154735710,-7.2227077,6.827066,-0.16699557
12275,1437154735732,-7.1167645,6.8683662,-0.14425065
12276,1437154735747,-6.9611416,6.821679,-0.1388637
12277,1437154735768,-6.9186444,6.8468184,-0.09636662
12278,1437154735791,-6.869563,6.8210807,-0.039504327
12279,1437154735809,-6.8360443,6.88333,-0.0053869537
12280,1437154735831,-6.7666125,6.95336,-0.12569559
12281,1437154735856,-6.711546,7.0610995,-0.130484
12282,1437154735867,-6.681618,7.1131735,-0.23343466
12283,1437154735891,-6.6959834,7.074866,-0.2657564
12284,1437154735911,-6.7450647,7.1371155,-0.32321724
12285,1437154735931,-6.729502,7.119757,-0.4165911
12286,1437154735951,-6.63134,7.0587053,-0.39624038
12287,1437154735970,-6.613982,7.031172,-0.4141969
12288,1437154735991,-6.6666546,6.9569516,-0.39145198
12289,1437154736012,-6.795343,6.9407907,-0.36750996
12290,1437154736028,-6.82946,6.96593,-0.4309563
12291,1437154736051,-6.929418,7.023989,-0.41120413
12292,1437154736071,-6.892308,7.033566,-0.41180268
12293,1437154736091,-6.867169,7.043741,-0.3465607
12294,1437154736111,-6.827066,7.1311297,-0.33997664
12295,1437154736131,-6.849811,7.1167645,-0.30406362
12296,1437154736151,-6.7642183,7.038953,-0.19632454
12297,1437154736170,-6.8264675,7.0994067,-0.22924481
12298,1437154736191,-6.770204,7.0850415,-0.219668
12299,1437154736212,-6.68102,7.0820484,-0.25737667
12300,1437154736232,-6.5936313,7.053917,-0.31483752
12301,1437154736252,-6.471527,6.9904704,-0.29269117
12302,1437154736270,-6.6534867,7.0245876,-0.29867667
12303,1437154736292,-6.7719994,7.1311297,-0.41359833
12304,1437154736355,-6.7749925,7.0826473,-0.42676646
12305,1437154736356,-6.8210807,7.0784574,-0.43035775
12306,1437154736357,-6.815694,7.0245876,-0.38367084
12307,1437154736369,-6.895301,6.997653,-0.34476504
12308,1437154736398,-7.0132155,6.933608,-0.26755205
12309,1437154736410,-7.005434,6.8653736,-0.21787235
12310,1437154736428,-6.986879,6.815694,-0.14844051
12311,1437154736451,-6.992266,6.8689647,-0.107140526
12312,1437154736470,-6.8545995,6.8569937,-0.13587095
12313,1437154736491,-6.803723,6.8168907,-0.11133038
12314,1437154736510,-6.831256,6.8144965,-0.08499416
12315,1437154736530,-6.9485717,6.823475,-0.08020575
12316,1437154736551,-6.96593,6.801927,-0.010175358
12317,1437154736571,-7.012018,6.8827314,-0.051475335
12318,1437154736589,-7.0622964,6.9467764,0.0023942017
12319,1437154736616,-6.8827314,6.9246297,0.089184016
12320,1437154736629,-6.716933,6.777985,0.17776948
12321,1437154736650,-6.928221,6.8067155,0.28311434
12322,1437154736668,-7.1700354,6.791752,0.24061728
12323,1437154736692,-7.1832037,6.7324953,0.3357868
12324,1437154736712,-7.047333,6.7444663,0.3357868
12325,1437154736730,-7.047333,6.7719994,0.3274071
12326,1437154736754,-6.909666,6.669647,0.35194764
12327,1437154736772,-6.8881183,6.671443,0.3441665
12328,1437154736793,-6.7983356,6.655282,0.2825158
12329,1437154736812,-6.7971387,6.6947865,0.23044191
12330,1437154736832,-6.9904704,6.803124,0.17956513
12331,1437154736852,-7.225102,6.8809357,0.14664486
12332,1437154736871,-7.128137,6.8132997,0.2100912
12333,1437154736892,-6.8773446,6.783372,0.2220622
12334,1437154736912,-6.8893156,6.8438253,0.19093758
12335,1437154736932,-6.9240313,6.8929067,0.18076223
12336,1437154736952,-6.9467764,6.9240313,0.1604115
12337,1437154736972,-6.9144545,6.9126587,0.11133038
12338,1437154736990,-6.935404,6.9126587,0.130484
12339,1437154737017,-6.964134,6.905476,0.108936176
12340,1437154737094,-6.845621,6.821679,0.14844051
12341,1437154737095,-6.7145386,6.7767878,0.16400282
12342,1437154737096,-6.783372,6.8468184,0.108936176
12343,1437154737097,-6.8091097,6.9000893,0.030526072
12344,1437154737109,-6.8647747,6.877943,0.019752163
12345,1437154737139,-6.785766,6.971317,-0.06943185
12346,1437154737150,-6.9491706,7.0305734,-0.11372458
12347,1437154737169,-6.8103065,6.9318123,-0.062249243
12348,1437154737191,-6.6744356,6.863578,-0.05865794
12349,1437154737210,-6.8809357,6.879739,-0.035913024
12350,1437154737231,-6.9820905,6.9360023,-0.053869538
12351,1437154737250,-6.8162923,6.955156,-0.092176765
12352,1437154737272,-6.651691,6.9850836,-0.15263036
12353,1437154737289,-6.573281,7.0168066,-0.17597382
12354,1437154737312,-6.5846534,7.111976,-0.23523031
12355,1437154737332,-6.576872,7.1951747,-0.2669535
12356,1437154737352,-6.625355,7.3112936,-0.23163901
12357,1437154737372,-6.543952,7.1909847,-0.142455
12358,1437154737390,-6.451775,7.147889,-0.004189853
12359,1437154737413,-6.4128695,7.223905,-0.12150574
12360,1437154737432,-6.47033,7.317279,-0.12509704
12361,1437154737452,-6.419453,7.371747,-0.21428105
12362,1437154737473,-6.4960675,7.4124484,-0.22685061
12363,1437154737490,-6.3865333,7.2484455,-0.2801216
12364,1437154737513,-6.294955,7.187992,-0.24241292
12365,1437154737531,-6.4044895,7.2029557,-0.37229836
12366,1437154737550,-6.547543,7.2580223,-0.4201824
12367,1437154737575,-6.5265937,7.2699933,-0.47524905
12368,1437154737595,-6.513426,7.318476,-0.45669398
12369,1437154737618,-6.5325794,7.2993226,-0.40940848
12370,1437154737632,-6.5619082,7.2310877,-0.31603462
12371,1437154737650,-6.5948286,7.157466,-0.23044191
12372,1437154737670,-6.5643024,7.1131735,-0.18854338
12373,1437154737702,-6.5086374,7.1706343,-0.17836803
12374,1437154737711,-6.5271926,7.261614,-0.2184709
12375,1437154738006,-6.5601125,7.314286,-0.22984336
12376,1437154738007,-6.405687,7.280169,-0.19273324
12377,1437154738008,-6.545149,7.3472066,-0.18854338
12378,1437154738009,-6.6325374,7.3406224,-0.12330139
12379,1437154738010,-6.695385,7.3472066,-0.050278235
12380,1437154738011,-6.5870476,7.2687964,0.009576807
12381,1437154738012,-6.4260373,7.2113357,0.08559271
12382,1437154738013,-6.4284315,7.2262993,0.06284779
12383,1437154738014,-6.4284315,7.156269,0.027533319
12384,1437154738015,-6.4499793,6.999449,0.010175358
12385,1437154738016,-6.3787518,6.9437833,-0.076614454
12386,1437154738017,-6.542156,6.889914,-0.19931729
12387,1437154738018,-6.88752,7.0275807,-0.31603462
12388,1437154738019,-7.1113777,7.050924,-0.46327803
12389,1437154738020,-7.1849995,6.988076,-0.46208093
12390,1437154738033,-7.3699512,6.964134,-0.46327803
12391,1437154738049,-7.681796,6.795343,-0.27234045
12392,1437154738070,-8.10557,6.491878,0.047884032
12393,1437154738090,-8.358158,6.1088057,0.36152446
12394,1437154738113,-8.261193,5.695207,0.55725044
12395,1437154738132,-7.796119,5.595848,0.3309984
12396,1437154738153,-7.4896617,5.823297,-0.2172738
12397,1437154738171,-7.367557,6.2261214,-0.83378077
12398,1437154738190,-7.2819643,6.4858923,-0.97384155
12399,1437154738210,-7.37055,6.727108,-0.8122329
12400,1437154738231,-7.111976,7.1083846,-1.0833763
12401,1437154738253,-6.953959,7.132327,-1.0073603
12402,1437154738273,-6.925827,7.4070616,-0.5793968
12403,1437154738293,-6.4457893,7.4926543,-0.7565677
12404,1437154738311,-6.1345434,7.442376,-0.581791
12405,1437154738329,-5.8741736,7.3166804,-0.34835634
12406,1437154738350,-5.5060654,7.2580223,-0.30645782
12407,1437154738369,-5.707777,7.5525093,-0.3728969
12408,1437154738389,-5.981314,7.839813,-0.47285482
12409,1437154738412,-5.7843914,7.677606,-0.26874915
12410,1437154738433,-5.8029466,7.6614456,-0.0712275
12411,1437154738453,-5.8215013,7.4405804,0.108337626
12412,1437154738473,-5.5324016,7.4405804,0.15682021
12413,1437154738496,-5.9890957,7.5764513,0.26156655
12414,1437154738571,-6.3619924,7.7877398,-0.008379706
12415,1437154738572,-6.153697,7.638102,-0.053869538
12416,1437154738573,-6.317101,7.550115,0.09756372
12417,1437154738574,-6.3344593,7.595605,0.15801731
12418,1437154738591,-6.0447607,7.3364325,0.12749124
12419,1437154738615,-6.0172276,7.3406224,0.3465607
12420,1437154738630,-7.0263834,7.756615,0.43754035
12421,1437154738650,-6.0022635,7.3310456,0.045489833
12422,1437154738676,-5.8717794,7.330447,0.46327803
12423,1437154738691,-6.645705,7.3232646,0.5057751
12424,1437154738711,-6.7929487,7.413047,0.33758244
12425,1437154738731,-6.1728506,7.1885905,0.5201403
12426,1437154738753,-6.0561333,7.4046674,0.56084174
12427,1437154738773,-5.9507885,7.7626004,0.23283611
12428,1437154738794,-5.8221,8.24563,0.21188685
12429,1437154738814,-5.4085016,8.201338,0.16400282
12430,1437154738832,-4.5441947,8.139688,0.46148238
12431,1437154738854,-5.273229,8.330027,0.57041854
12432,1437154738874,-5.5509567,8.22528,0.56922144
12433,1437154738894,-5.4007206,7.957728,0.85473
12434,1437154738914,-5.9861026,7.841609,0.95708215
12435,1437154738932,-5.861006,7.562086,0.8900445
12436,1437154738952,-5.935226,7.427412,1.0313023
12437,1437154738974,-6.3589997,7.2664022,0.95827925
12438,1437154738994,-6.303933,7.4058642,0.8690952
12439,1437154739014,-5.9867015,7.249643,0.7086837
12440,1437154739032,-5.9052987,7.4615297,0.64823014
12441,1437154739053,-6.2674217,7.6644382,0.47524905
12442,1437154739072,-5.9124813,7.7727757,0.31423897
12443,1437154739093,-5.717354,7.7889366,0.25318682
12444,1437154739114,-5.391144,7.9331875,0.23104046
12445,1437154739133,-5.619191,7.973889,0.12330139
12446,1437154739153,-5.81791,8.265383,0.17956513
12447,1437154739173,-5.0463786,7.937377,0.0664391
12448,1437154739192,-5.480926,8.090008,0.338181
12449,1437154739211,-5.7305217,8.1720085,0.09995792
12450,1437154739297,-5.209783,7.9870567,0.11611878
12451,1437154739298,-5.604826,7.9912467,0.22266077
12452,1437154739299,-5.6784477,8.034941,-0.049679685
12453,1437154739300,-5.7299232,7.8386164,0.022744916
12454,1437154739311,-6.3003416,8.144476,0.27353755
12455,1437154739340,-5.931635,7.7248917,-0.2172738
12456,1437154739351,-5.7825956,7.6345105,0.3286042
12457,1437154739372,-6.483498,7.5052238,0.2220622
12458,1437154739392,-6.2823853,7.541735,0.219668
12459,1437154739412,-6.139332,7.4561424,0.25019407
12460,1437154739433,-6.2207346,7.6410947,0.15801731
12461,1437154739453,-6.257845,7.5590935,0.107140526
12462,1437154739474,-5.9783216,7.419631,0.24121583
12463,1437154739494,-6.1890116,7.487866,0.46507367
12464,1437154739515,-6.1662664,7.394492,0.415394
12465,1437154739533,-5.8987145,7.529764,0.5033809
12466,1437154739553,-6.0399723,7.819463,0.59974754
12467,1437154739574,-5.9878983,7.781754,0.014963761
12468,1437154739595,-5.21936,7.6410947,0.46866497
12469,1437154739615,-6.0166287,7.845799,0.47644615
12470,1437154739635,-5.519832,7.8727336,0.16819267
12471,1437154739653,-5.2205567,7.7745714,0.44592008
12472,1437154739673,-5.3528366,7.923012,0.26156655
12473,1437154739695,-5.1247888,8.309077,0.14185645
12474,1437154739718,-4.6160207,8.008006,-0.01616086
12475,1437154739733,-4.9506106,8.179192,0.035913024
12476,1437154739752,-5.397129,8.358158,-0.12210429
12477,1437154739775,-4.7375264,8.284536,-0.19273324
12478,1437154739791,-4.274847,8.404845,-0.32022446
12479,1437154739812,-4.8973393,9.025542,-0.7882909
12480,1437154739832,-4.743512,8.918402,-1.1270704
12481,1437154739852,-4.4484267,8.741829,-0.7978677
12482,1437154739874,-5.5886655,8.730456,-0.6907272
12483,1437154739893,-5.3648076,8.774749,-0.8379706
12484,1437154739913,-4.894945,8.726267,-0.6841431
12485,1437154739941,-4.976947,8.652046,-0.9983821
12486,1437154740012,-5.1642933,8.893262,-1.0576386
12487,1437154740013,-5.2462945,8.48146,-0.973243
12488,1437154740014,-4.908712,8.2593975,-0.47165772
12489,1437154740033,-5.331289,8.2354555,-0.48602295
12490,1437154740034,-5.7149596,8.061277,-0.46028528
12491,1437154740056,-6.3751607,7.838018,-0.033518825
12492,1437154740073,-5.451597,7.111976,0.079008654
12493,1437154740092,-5.7137623,7.074866,0.30526072
12494,1437154740114,-6.6415157,7.4567413,-0.038905777
12495,1437154740147,-6.627749,7.578247,-0.1921347
12496,1437154740166,-6.1764417,7.2849574,0.015562311
12497,1437154740173,-5.895722,7.1873937,0.23942018
12498,1437154740192,-6.546346,7.5441294,0.08559271
12499,1437154740213,-6.508039,7.5842323,0.011971008
12500,1437154740232,-6.14412,7.491457,0.24540567
12501,1437154740254,-6.1806316,7.5626845,0.038307227
12502,1437154740272,-6.063316,7.422025,-0.10235212
12503,1437154740294,-6.105214,7.5447283,0.08439561
12504,1437154740315,-6.197391,7.349601,0.0077811554
12505,1437154740335,-6.314707,7.2382703,0.15382746
12506,1437154740355,-6.735488,7.5345526,0.27473465
12507,1437154740372,-6.244078,7.379528,0.14963761
12508,1437154740393,-6.4206505,7.391499,0.28491
12509,1437154740415,-6.38354,7.3124905,0.14305355
12510,1437154740435,-6.3584013,7.341221,0.23343466
12511,1437154740453,-6.659472,7.4327993,0.23463176
12512,1437154740475,-6.4248405,7.385514,0.29747957
12513,1437154740493,-6.349423,7.227496,0.37828386
12514,1437154740513,-6.2345014,7.281366,0.31064767
12515,1437154740535,-6.4607534,7.2723875,0.31184477
12516,1437154740554,-6.559514,7.304111,0.38307226
12517,1437154740575,-6.6385226,7.243657,0.39504328
12518,1437154740594,-6.606201,7.2089415,0.4770447
12519,1437154740646,-6.655282,7.1700354,0.46986207
12520,1437154740647,-6.670246,7.192182,0.5243302
12521,1437154740654,-6.64391,7.1861963,0.60932434
12522,1437154740674,-6.799533,7.191583,0.7410054
12523,1437154740703,-6.727108,7.1023993,0.7751228
12524,1437154740760,-6.3697734,7.047333,0.78529817
12525,1437154740761,-6.5110316,6.9988503,0.7811083
12526,1437154740762,-6.5846534,6.9264255,0.81043726
12527,1437154740784,-6.7265096,6.739678,0.87448215
12528,1437154740792,-6.701969,6.5960255,1.0199299
12529,1437154740817,-6.6864066,6.55293,1.0313023
12530,1437154740833,-6.76781,6.615778,0.9504981
12531,1437154740853,-6.8444242,6.654085,0.85891986
12532,1437154740880,-6.8773446,6.6295447,0.8265981
12533,1437154740893,-6.999449,6.685808,0.789488
12534,1437154740915,-6.993463,6.7648168,0.7074866
12535,1437154740934,-6.8749504,6.75524,0.6147113
12536,1437154740954,-6.9767036,6.7223196,0.6410475
12537,1437154740973,-6.943185,6.5696893,0.59974754
12538,1437154740993,-6.9557543,6.5403605,0.56982
12539,1437154741013,-7.1867948,6.611588,0.46806642
12540,1437154741034,-6.9126587,6.6828156,0.31783026
12541,1437154741053,-6.9006877,6.7121444,0.2717419
12542,1437154741074,-7.135918,6.861782,0.23822308
12543,1437154741093,-7.033566,6.7588315,0.13467385
12544,1437154741113,-6.6882024,6.64391,0.16879122
12545,1437154741136,-6.8587894,6.728904,0.20530279
12546,1437154741156,-7.343615,6.8982935,0.18195933
12547,1437154741174,-7.2604165,6.8043213,0.11432313
12548,1437154741195,-7.0227923,6.692991,0.18734628
12549,1437154741216,-6.977302,6.646304,0.076015905
12550,1437154741234,-7.0610995,6.6056023,0.12210429
12551,1437154741254,-7.223905,6.6732388,0.015562311
12552,1437154741274,-7.088034,6.609792,-0.047285482
12553,1437154741293,-6.9719152,6.605004,-0.051475335
12554,1437154741314,-7.059902,6.5487404,-0.12689269
12555,1437154741334,-7.2179193,6.59423,-0.078410104
12556,1437154741356,-6.857592,6.303933,-0.033518825
12557,1437154741374,-6.4960675,6.0483522,0.30526072
12558,1437154741397,-6.8067155,6.1638722,0.5398925
12559,1437154741414,-7.7063365,6.38354,0.23104046
12560,1437154741435,-7.7997108,6.535572,-0.17836803
12561,1437154741457,-7.6692266,6.825869,-0.6811504
12562,1437154741533,-7.493851,6.967127,-1.1492168
12563,1437154741534,-7.192182,6.881534,-1.1593921
12564,1437154741535,-7.326257,6.880337,-1.0959458
12565,1437154741536,-7.2987237,6.787562,-1.074398
12566,1437154741555,-7.2245035,6.736685,-0.866701
12567,1437154741588,-7.234679,6.606201,-0.75118077
12568,1437154741594,-7.064092,6.5008564,-0.56203884
12569,1437154741629,-7.157466,6.5206084,-0.48482585
12570,1437154741646,-7.141904,6.531981,-0.47345337
12571,1437154741655,-7.133524,6.6026096,-0.4189853
12572,1437154741675,-7.1425023,6.71813,-0.53211135
12573,1437154741694,-7.0329676,6.6864066,-0.53689975
12574,1437154741714,-6.983288,6.7402763,-0.56203884
12575,1437154741734,-6.9982514,6.771401,-0.6835446
12576,1437154741757,-7.0503254,6.8707604,-0.62847793
12577,1437154741777,-7.018004,6.8731546,-0.7553706
12578,1437154741794,-6.8719573,6.892308,-0.7757214
12579,1437154741816,-6.8785415,6.83365,-0.7918822
12580,1437154741834,-6.8528037,6.7845693,-0.7679402
12581,1437154741854,-6.8282633,6.7510505,-0.74399817
12582,1437154741876,-6.95336,6.7534447,-0.7332243
12583,1437154741894,-7.0425444,6.8001313,-0.7026982
12584,1437154741917,-7.0844426,6.815694,-0.6955156
12585,1437154741934,-6.988076,6.8480153,-0.6943185
12586,1437154741954,-6.964134,6.9228344,-0.7104794
12587,1437154741975,-6.8372416,6.947375,-0.6817489
12588,1437154741995,-6.82946,7.0066314,-0.6877344
12589,1437154742014,-6.640917,6.9743094,-0.7032967
12590,1437154742034,-6.63972,6.932411,-0.6428431
12591,1437154742054,-6.6744356,7.0371575,-0.6859388
12592,1437154742081,-6.669049,7.03596,-0.7236475
12593,1437154742096,-6.657676,7.062895,-0.6931214
12594,1437154742116,-6.6145806,7.1155677,-0.7356185
12595,1437154742135,-6.618172,7.1047935,-0.6907272
12596,1437154742154,-6.633734,7.149685,-0.7110779
12597,1437154742175,-6.7085533,7.147889,-0.741604
12598,1437154742196,-6.6612678,7.1490865,-0.7086837
12599,1437154742275,-6.6504936,7.121553,-0.7541735
12600,1437154742276,-6.6971807,7.153875,-0.79487497
12601,1437154742277,-6.585252,7.104195,-0.7553706
12602,1437154742278,-6.6486983,7.1766195,-0.74758947
12603,1437154742296,-6.6044054,7.1724296,-0.7966706
12604,1437154742318,-6.4386067,7.1550717,-0.770933
12605,1437154742334,-6.5206084,7.1993647,-0.74399817
12606,1437154742361,-6.5696893,7.2191167,-0.7906851
12607,1437154742374,-6.5098343,7.247847,-0.7272388
12608,1437154742397,-6.4763155,7.2490444,-0.7715315
12609,1437154742421,-6.393117,7.280169,-0.7661445
12610,1437154742435,-6.475717,7.3406224,-0.8086416
12611,1437154742456,-6.59004,7.349002,-0.82360536
12612,1437154742478,-6.529587,7.252037,-0.81343
12613,1437154742496,-6.405088,7.195773,-0.7493851
12614,1437154742518,-6.4960675,7.199963,-0.7517793
12615,1437154742538,-6.5457473,7.1832037,-0.75237787
12616,1437154742556,-6.4924765,7.140108,-0.7422025
12617,1437154742578,-6.4583592,7.131728,-0.7661445
12618,1437154742596,-6.5188127,7.125743,-0.7858967
12619,1437154742618,-6.55712,7.141305,-0.7870938
12620,1437154742635,-6.5164185,7.0784574,-0.8098387
12621,1437154742660,-6.5589156,7.111976,-0.7733272
12622,1437154742678,-6.6175733,7.1526775,-0.8206126
12623,1437154742701,-6.455965,7.187992,-0.9235633
12624,1437154742719,-6.473323,7.265804,-0.94810385
12625,1437154742735,-6.5870476,7.3178773,-1.0169371
12626,1437154742756,-6.597223,7.392098,-1.0049661
12627,1437154742774,-6.603208,7.423821,-1.0187328
12628,1437154742794,-6.3703723,7.4615297,-1.122282
12629,1437154742814,-6.206968,7.4872675,-1.103727
12630,1437154742841,-6.159084,7.5507135,-1.0995371
12631,1437154742860,-6.145317,7.5764513,-1.1085154
12632,1437154742880,-6.25964,7.515399,-1.0229226
12633,1437154742895,-6.3404446,7.483676,-0.9528923
12634,1437154742919,-6.4008985,7.480085,-0.9576807
12635,1437154742990,-6.445191,7.4872675,-0.9744401
12636,1437154742995,-6.3979053,7.417835,-0.9576807
12637,1437154742996,-6.3482256,7.3723454,-0.9636662
12638,1437154742997,-6.4858923,7.3059063,-0.9600749
12639,1437154743015,-6.513426,7.2430587,-0.8595184
12640,1437154743035,-6.570288,7.1155677,-0.80086046
12641,1437154743055,-6.607398,7.0186024,-0.6733692
12642,1437154743075,-6.7773867,6.8851256,-0.56802434
12643,1437154743097,-6.799533,6.8007298,-0.41599256
12644,1437154743117,-6.7905545,6.7971387,-0.36631286
12645,1437154743137,-6.818088,6.965331,-0.4770447
12646,1437154743156,-6.646304,7.131728,-0.6422446
12647,1437154743180,-6.341043,7.303512,-0.76195467
12648,1437154743199,-6.257845,7.462128,-0.82360536
12649,1437154743218,-6.2351,7.567473,-0.85293436
12650,1437154743238,-6.191406,7.5746555,-0.8379706
12651,1437154743258,-6.155493,7.5441294,-0.7763199
12652,1437154743279,-6.0465565,7.5650787,-0.81043726
12653,1437154743299,-6.1524997,7.5884223,-0.8218097
12654,1437154743318,-6.247669,7.5692687,-0.7392098
12655,1437154743338,-6.259042,7.5088153,-0.7009025
12656,1437154743358,-6.281188,7.4669166,-0.6679823
12657,1437154743377,-6.215348,7.4387846,-0.66498953
12658,1437154743399,-6.1530986,7.49026,-0.66020113
12659,1437154743415,-6.1644707,7.4627266,-0.57400984
12660,1437154743435,-6.0387754,7.4603324,-0.54049104
12661,1437154743455,-5.8987145,7.547721,-0.5847838
12662,1437154743475,-5.913678,7.6548615,-0.7038953
12663,1437154743497,-6.0118403,7.690176,-0.7302315
12664,1437154743519,-6.0387754,7.65546,-0.7529764
12665,1437154743539,-6.075287,7.6333137,-0.7697359
12666,1437154743555,-6.203975,7.6081743,-0.729633
12667,1437154743579,-6.2847795,7.559692,-0.6859388
12668,1437154743599,-6.3182983,7.5231805,-0.56982
12669,1437154743617,-6.242881,7.5351515,-0.62009823
12670,1437154743645,-6.069301,7.5106106,-0.670975
12671,1437154743703,-6.0268044,7.629722,-0.6919243
12672,1437154743704,-6.0525417,7.607576,-0.688333
12673,1437154743705,-5.947197,7.6363063,-0.7158663
12674,1437154743725,-5.8987145,7.6506715,-0.75237787
12675,1437154743735,-5.7239375,7.6919713,-0.76554596
12676,1437154743758,-5.6341553,7.789535,-0.85293436
12677,1437154743775,-5.820903,7.851186,-0.866701
12678,1437154743795,-5.999271,7.865551,-0.7990648
12679,1437154743821,-6.0848637,7.780557,-0.75956047
12680,1437154743837,-5.997475,7.6590514,-0.6871359
12681,1437154743857,-6.1411276,7.5985975,-0.6667852
12682,1437154743877,-6.109404,7.5016327,-0.6865373
12683,1437154743897,-6.0824695,7.463325,-0.65780693
12684,1437154743916,-6.166865,7.4705076,-0.66618663
12685,1437154743939,-6.2339025,7.474099,-0.6751649
12686,1437154743959,-6.282984,7.447763,-0.6679823
12687,1437154743976,-6.357204,7.445967,-0.6787562
12688,1437154743999,-6.3206925,7.4286094,-0.65780693
12689,1437154744019,-6.2524576,7.4004774,-0.6913257
12690,1437154744038,-6.136339,7.375937,-0.6979098
12691,1437154744059,-6.163274,7.391499,-0.6392518
12692,1437154744076,-6.113594,7.3819222,-0.64823014
12693,1437154744099,-6.093243,7.4471645,-0.7661445
12694,1437154744118,-6.137536,7.5495167,-0.8984242
12695,1437154744139,-6.199187,7.5830355,-0.9367314
12696,1437154744159,-6.256049,7.6333137,-0.97623575
12697,1437154744177,-6.208165,7.675811,-1.0205284
12698,1437154744197,-6.1381345,7.6135616,-1.0055647
12699,1437154744217,-6.183026,7.6333137,-0.997185
12700,1437154744241,-6.235698,7.6045833,-1.0444705
12701,1437154744261,-6.1620765,7.5590935,-0.9756372
12702,1437154744282,-6.215348,7.5483193,-0.95947635
12703,1437154744299,-6.2847795,7.518392,-0.96905315
12704,1437154744317,-6.2464724,7.433398,-0.8984242
12705,1437154744336,-6.475717,7.471705,-0.86610246
12706,1437154744356,-6.6205664,7.4735007,-0.8702923
12707,1437154744389,-6.5385647,7.459734,-0.8559271
12708,1437154744449,-6.452972,7.439982,-0.83737206
12709,1437154744471,-6.3913217,7.3687544,-0.84934306
12710,1437154744472,-6.4104753,7.339425,-0.7344214
12711,1437154744473,-6.4805055,7.2526355,-0.6757634
12712,1437154744476,-6.4499793,7.2322845,-0.65780693
12713,1437154744496,-6.4751186,7.2634096,-0.62488663
12714,1437154744516,-6.5565214,7.305308,-0.6560113
12715,1437154744536,-6.2805896,7.313089,-0.7338228
12716,1437154744560,-5.9747305,7.3208704,-0.7368156
12717,1437154744576,-5.964555,7.4591355,-0.80684596
12718,1437154744602,-5.8143187,7.57286,-0.89603
12719,1437154744620,-5.7454853,7.699753,-0.92057055
12720,1437154744641,-5.671265,7.81647,-0.9864111
12721,1437154744656,-5.8598084,8.043321,-1.0109516
12722,1437154744676,-5.8382607,7.996035,-1.0283096
12723,1437154744696,-5.8837504,7.992444,-0.83138657
12724,1437154744716,-5.9705405,7.9128366,-0.7745243
12725,1437154744736,-5.840655,7.799112,-0.65900403
12726,1437154744756,-5.659294,7.621941,-0.61530983
12727,1437154744776,-5.592855,7.583634,-0.55725044
12728,1437154744796,-5.977723,7.6129627,-0.4285621
12729,1437154744816,-6.0639143,7.4872675,-0.3238158
12730,1437154744836,-6.047155,7.4016747,-0.18136078
12731,1437154744856,-6.18542,7.454347,-0.219668
12732,1437154744876,-6.3769565,7.465719,-0.23702596
12733,1437154744897,-6.409278,7.5106106,-0.25737667
12734,1437154744916,-6.3589997,7.463924,-0.32321724
12735,1437154744937,-6.26802,7.5028296,-0.32202014
12736,1437154744956,-6.2859764,7.591415,-0.37110126
12737,1437154744978,-6.073491,7.6345105,-0.47046062
12738,1437154745002,-5.873575,7.6811976,-0.4369418
12739,1437154745020,-5.6999955,7.763199,-0.44472298
12740,1437154745039,-5.5431757,7.8912888,-0.47105917
12741,1437154745059,-5.607819,7.97748,-0.39923313
12742,1437154745077,-5.6766524,8.010401,-0.37948096
12743,1437154745102,-5.683835,8.01878,-0.38187516
12744,1437154745136,-5.6586957,7.939771,-0.32621
12745,1437154745137,-5.605425,7.867945,-0.23523031
12746,1437154745157,-5.6108117,7.8027034,-0.19871874
12747,1437154745178,-5.768829,7.8188643,-0.19752164
12748,1437154745197,-5.7502737,7.7769656,-0.2136825
12749,1437154745218,-5.793968,7.723695,-0.24660277
12750,1437154745238,-5.9807158,7.7626004,-0.24241292
12751,1437154745257,-5.949591,7.7290816,-0.30286652
12752,1437154745277,-5.913678,7.7087307,-0.2825158
12753,1437154745297,-5.895722,7.713519,-0.30346507
12754,1437154745320,-5.827487,7.731476,-0.32022446
12755,1437154745340,-5.8322754,7.7931266,-0.2741361
12756,1437154745360,-5.8041434,7.811083,-0.31004912
12757,1437154745380,-5.711368,7.7919292,-0.34835634
12758,1437154745400,-5.5844755,7.8116817,-0.3842694
12759,1437154745420,-5.5707088,7.8637557,-0.48362875
12760,1437154745440,-5.4288526,7.9505453,-0.5626374
12761,1437154745460,-5.4713492,7.943961,-0.6931214
12762,1437154745478,-5.4061074,8.003817,-0.7445967
12763,1437154745500,-5.547964,8.025364,-0.74399817
12764,1437154745520,-5.5623293,7.996035,-0.825401
12765,1437154745540,-5.616797,7.992444,-0.8242039
12766,1437154745560,-5.723339,7.992444,-0.84335756
12767,1437154745580,-5.7646394,7.98586,-0.88645315
12768,1437154745599,-5.8095303,7.961918,-0.9127894
12769,1437154745627,-5.8358665,7.914034,-0.931943
12770,1437154745641,-5.8412538,7.8948803,-0.92176765
12771,1437154745660,-5.803545,7.844003,-0.9247604
12772,1437154745679,-5.705383,7.7667904,-0.9068039
12773,1437154745701,-5.8215013,7.7973166,-0.8607155
12774,1437154745718,-5.7496753,7.7811556,-0.83737206
12775,1437154745829,-5.7502737,7.7745714,-0.8098387
12776,1437154745830,-5.710171,7.8009076,-0.81642276
12777,1437154745831,-5.689222,7.8308353,-0.84814596
12778,1437154745832,-5.7790046,7.852383,-0.82719666
12779,1437154745833,-5.851429,7.9182234,-0.8475474
12780,1437154745845,-5.804742,8.002619,-0.8678981
12781,1437154745860,-5.6886234,8.00621,-0.85473
12782,1437154745889,-5.659893,8.076839,-0.85532856
12783,1437154745930,-5.674258,8.139688,-0.9367314
12784,1437154745931,-5.5946507,8.158841,-0.96306765
12785,1437154745948,-5.481525,8.152257,-0.92775315
12786,1437154745958,-5.497087,8.121731,-0.84096336
12787,1437154745979,-5.5300074,8.075643,-0.76315176
12788,1437154746000,-5.489306,7.9810715,-0.6422446
12789,1437154746021,-5.607819,7.9607205,-0.51714754
12790,1437154746039,-5.5707088,7.968502,-0.48841715
12791,1437154746059,-5.5258174,7.9912467,-0.40162733
12792,1437154746081,-5.3923407,8.002619,-0.3705027
12793,1437154746101,-5.3300915,8.080431,-0.40581718
12794,1437154746121,-5.2840033,8.16722,-0.44771573
12795,1437154746140,-5.179257,8.210316,-0.48602295
12796,1437154746161,-5.0930657,8.268974,-0.504578
12797,1437154746181,-5.1146135,8.284536,-0.5057751
12798,1437154746198,-5.115212,8.318055,-0.5327099
12799,1437154746221,-5.085883,8.340201,-0.5494693
12800,1437154746240,-5.0810947,8.3551655,-0.545878
12801,1437154746260,-5.109226,8.368334,-0.53450555
12802,1437154746281,-5.088876,8.347384,-0.5758055
12803,1437154746301,-5.051167,8.3629465,-0.6039374
12804,1437154746319,-5.1559134,8.376713,-0.62608373
12805,1437154746340,-5.053561,8.297705,-0.6266823
12806,1437154746360,-5.1062336,8.310274,-0.60453594
12807,1437154746381,-5.209184,8.333019,-0.6380547
12808,1437154746401,-5.1762643,8.319851,-0.6404489
12809,1437154746421,-5.142745,8.357559,-0.62129533
12810,1437154746438,-5.016451,8.311471,-0.6254852
12811,1437154746462,-4.999093,8.364742,-0.5626374
12812,1437154746496,-5.056554,8.371326,-0.5734113
12813,1437154746500,-4.88058,8.33242,-0.5470751
12814,1437154746519,-4.808754,8.348581,-0.46208093
12815,1437154746539,-4.853047,8.344392,-0.47105917
12816,1437154746559,-4.811747,8.359954,-0.44113165
12817,1437154746579,-4.8285065,8.346786,-0.44891283
12818,1437154746619,-5.0146556,8.395268,-0.52073884
12819,1437154746620,-4.9781437,8.406042,-0.4950012
12820,1437154746642,-5.0864816,8.364742,-0.45250413
12821,1437154746659,-5.0493712,8.350377,-0.4830302
12822,1437154746681,-5.0810947,8.282741,-0.41240123
12823,1437154746701,-5.17387,8.260594,-0.38067806
12824,1437154746720,-5.1822495,8.203134,-0.34476504
12825,1437154746740,-5.144541,8.118738,-0.35254622
12826,1437154746761,-5.4911017,8.067263,-0.25438392
12827,1437154746781,-5.6096144,7.948151,-0.2896984
12828,1437154746801,-5.653309,7.828441,-0.16879122
12829,1437154746822,-5.6305637,7.7823524,-0.1412579
12830,1437154746839,-5.4683566,7.8787193,-0.27593175
12831,1437154746861,-5.535993,8.076839,-0.3513491
12832,1437154746880,-5.568913,8.182184,-0.40043023
12833,1437154746901,-5.511452,8.219893,-0.57161564
12834,1437154746922,-5.592855,8.196549,-0.53211135
12835,1437154746939,-5.4222684,8.16722,-0.48602295
12836,1437154746961,-5.298967,8.447941,-0.4165911
12837,1437154746982,-5.131373,8.507795,-0.55365914
12838,1437154747002,-4.811148,8.5143795,-0.38726214
12839,1437154747022,-4.709395,8.447342,-0.12988544
12840,1437154747043,-4.807557,8.488642,-0.08080431
12841,1437154747062,-4.984728,8.423999,-0.2184709
12842,1437154747082,-5.0661306,8.343194,-0.0676362
12843,1437154747100,-5.283405,8.24563,-0.08259996
12844,1437154747120,-5.285799,8.218098,-0.13706805
12845,1437154747139,-5.1996074,8.083424,-0.046088383
12846,1437154747213,-5.2606597,8.079832,0.08738836
12847,1437154747225,-5.445013,8.0684595,0.011372458
12848,1437154747226,-5.3300915,8.13849,-0.016759412
12849,1437154747227,-5.2343235,8.069058,-0.037708677
12850,1437154747239,-5.3683987,7.948151,0.038905777
12851,1437154747267,-5.6880245,7.8146744,0.1388637
12852,1437154747283,-5.695806,7.690176,0.16579847
12853,1437154747299,-5.851429,7.683592,0.16699557
12854,1437154747319,-5.8879404,7.726089,0.16699557
12855,1437154747342,-5.909488,7.7452426,-0.05327099
12856,1437154747360,-6.172252,7.73387,-0.029927522
12857,1437154747379,-6.105214,7.7667904,-0.079008654
12858,1437154747402,-6.0106435,7.7248917,-0.078410104
12859,1437154747419,-5.943606,7.7572136,-0.053869538
12860,1437154747442,-5.891532,7.7703815,-0.10414778
12861,1437154747461,-5.9160724,7.771579,-0.08259996
12862,1437154747482,-5.9717374,7.7440453,-0.050876785
12863,1437154747502,-5.8885393,7.6865845,0.027533319
12864,1437154747522,-5.909488,7.654263,0.091578215
12865,1437154747546,-5.963358,7.643489,0.049679685
12866,1437154747563,-5.9717374,7.6560583,-0.009576807
12867,1437154747580,-5.940613,7.627328,0.05626374
12868,1437154747601,-5.961562,7.526173,0.12749124
12869,1437154747623,-6.114791,7.483676,0.16759412
12870,1437154747642,-6.147113,7.4705076,0.061650693
12871,1437154747664,-6.199187,7.489063,0.035314474
12872,1437154747679,-6.0902505,7.579444,-0.09696517
12873,1437154747702,-6.1782374,7.6464815,-0.09995792
12874,1437154747746,-6.2009826,7.6482773,-0.15023616
12875,1437154747747,-6.215348,7.6249337,-0.090381116
12876,1437154747759,-6.3153057,7.4585366,-0.051475335
12877,1437154747779,-6.205771,7.5028296,0.0664391
12878,1437154747800,-6.281787,7.475296,0.037708677
12879,1437154747820,-6.3631897,7.465719,0.14604631
12880,1437154747839,-6.3063273,7.383718,0.15801731
12881,1437154747859,-6.2674217,7.3603745,0.16519992
12882,1437154747920,-6.253655,7.3148847,0.12749124
12883,1437154747921,-6.3129115,7.358579,0.19393034
12884,1437154747922,-6.3105173,7.335834,0.14963761
12885,1437154747944,-6.4020953,7.3190746,0.108337626
12886,1437154747962,-6.429629,7.277176,0.075417355
12887,1437154747980,-6.485294,7.2101383,0.04309563
12888,1437154748000,-6.585252,7.2065473,0.05207389
12889,1437154748020,-6.5846534,7.2298903,-0.02932897
12890,1437154748040,-6.657078,7.1885905,-0.01616086
12891,1437154748061,-6.566098,7.1742253,0.035314474
12892,1437154748079,-6.5367694,7.119757,0.038905777
12893,1437154748099,-6.652888,7.08983,0.1340753
12894,1437154748119,-6.757634,7.12694,0.073023155
12895,1437154748140,-6.731298,7.0724716,0.031124622
12896,1437154748160,-6.7426705,7.1287355,0.01316811
12897,1437154748181,-6.6630635,7.0952168,-0.0005985504
12898,1437154748203,-6.6606693,7.0365586,0.005985504
12899,1437154748220,-6.7199254,7.028179,-0.020949265
12900,1437154748243,-6.733692,7.026982,-0.0700304
12901,1437154748263,-6.71813,7.0329676,-0.050876785
12902,1437154748280,-6.7492547,7.055712,-0.08020575
12903,1437154748303,-6.7372837,7.055114,-0.10055647
12904,1437154748324,-6.6989765,7.04015,-0.1340753
12905,1437154748341,-6.91625,7.0688806,-0.1436521
12906,1437154748363,-6.830059,7.0569096,-0.14963761
12907,1437154748381,-6.8438253,7.071873,-0.17357962
12908,1437154748402,-6.7893577,7.053917,-0.11791443
12909,1437154748423,-6.6923923,7.073669,-0.13108255
12910,1437154748443,-6.634333,7.089231,-0.11791443
12911,1437154748464,-6.6403184,7.062895,-0.11372458
12912,1437154748479,-6.664859,7.0820484,-0.08738836
12913,1437154748499,-6.667852,7.0970125,-0.10534488
12914,1437154748523,-6.5619082,7.0904284,-0.19812019
12915,1437154748543,-6.5936313,7.1101804,-0.12389994
12916,1437154748565,-6.6708446,7.053917,-0.10594343
12917,1437154748582,-6.7360864,7.0209966,-0.11252748
12918,1437154748605,-6.7785835,7.0275807,-0.12030864
12919,1437154748680,-6.693589,7.0156097,-0.18734628
12920,1437154748681,-6.6486983,7.065289,-0.18674773
12921,1437154748682,-6.7546415,7.165846,-0.18255788
12922,1437154748683,-6.857592,7.271789,-0.24121583
12923,1437154748701,-6.6241574,7.5884223,-0.55725044
12924,1437154748724,-6.497265,8.14687,-1.0773908
12925,1437154748740,-6.0716953,8.157643,-1.4933833
12926,1437154748760,-6.1979895,7.5465236,-1.1947067
12927,1437154748784,-7.0305734,6.6504936,-0.25258827
12928,1437154748801,-6.929418,5.957971,0.5686229
12929,1437154748823,-6.447585,5.8065376,0.6931214
12930,1437154748842,-7.165846,5.81372,0.33877954
12931,1437154748862,-8.677784,5.8717794,0.25857377
12932,1437154748884,-8.324639,5.517438,0.6183026
12933,1437154748903,-7.3244615,5.410896,0.66020113
12934,1437154748924,-7.355586,5.5683146,0.6488287
12935,1437154748944,-7.745841,5.8185086,0.57400984
12936,1437154748964,-7.9996266,5.6682725,0.41599256
12937,1437154748984,-8.065467,5.1666875,0.7200562
12938,1437154749004,-7.717709,4.9494133,1.0761937
12939,1437154749024,-7.680599,5.4922986,0.6051345
12940,1437154749043,-8.101978,5.808932,-0.10175357
12941,1437154749066,-8.340201,5.939416,-0.17896658
12942,1437154749083,-8.565256,5.6987987,-0.19752164
12943,1437154749105,-8.330625,5.3205147,-0.338181
12944,1437154749125,-7.8667483,4.462792,-0.0047884034
12945,1437154749145,-8.069058,3.9378633,0.6913257
12946,1437154749164,-9.059061,3.779846,0.89603
12947,1437154749184,-9.618706,3.7020345,0.79726917
12948,1437154749203,-9.24521,3.2992098,0.94690675
12949,1437154749221,-8.995614,3.2411506,1.4413095
12950,1437154749243,-9.301474,3.6361938,1.4209588
12951,1437154749265,-9.142858,3.9875429,0.9355343
12952,1437154749286,-9.009979,4.168904,0.8379706
12953,1437154749305,-8.847773,4.308366,0.60932434
12954,1437154749322,-8.659229,4.4639893,0.3585317
12955,1437154749343,-8.550891,4.6842556,0.32441434
12956,1437154749422,-8.671799,4.8680105,0.17238252
12957,1437154749423,-8.705916,4.823119,0.15741876
12958,1437154749424,-8.600571,4.7267528,0.31783026
12959,1437154749425,-8.412626,4.735731,0.19153613
12960,1437154749443,-8.324639,4.8416743,0.009576807
12961,1437154749465,-8.160637,5.0374002,-0.090979666
12962,1437154749481,-8.166023,5.1523223,-0.3333926
12963,1437154749511,-8.424597,4.9015293,-0.12090719
12964,1437154749521,-8.652046,4.5753193,0.40521863
12965,1437154749542,-8.69993,4.4795513,0.516549
12966,1437154749568,-8.546103,4.6884456,0.27952304
12967,1437154749582,-8.334815,4.9799395,0.037110128
12968,1437154749603,-8.1163435,5.3863554,-0.26755205
12969,1437154749623,-7.9726915,5.783793,-0.7110779
12970,1437154749642,-8.057087,5.878962,-0.84216046
12971,1437154749664,-8.079233,5.769428,-0.59615624
12972,1437154749684,-8.116942,5.6389437,-0.59376204
12973,1437154749704,-8.191162,5.449203,-0.4261679
12974,1437154749721,-8.152257,5.231331,-0.23762453
12975,1437154749744,-8.002619,5.192425,-0.15442601
12976,1437154749765,-7.943961,5.2121773,-0.15502456
12977,1437154749784,-7.963713,5.213374,-0.1316811
12978,1437154749802,-8.16363,5.261258,-0.12569559
12979,1437154749821,-8.464102,5.3259015,-0.20649989
12980,1437154749843,-8.407239,5.445013,-0.2148796
12981,1437154749863,-8.21271,5.478532,-0.44771573
12982,1437154749882,-8.10557,5.424064,-0.37110126
12983,1437154749903,-7.969699,5.4444146,-0.31543607
12984,1437154749926,-7.973889,5.620987,-0.4854244
12985,1437154749944,-8.234259,5.7383027,-0.599149
12986,1437154749964,-8.42759,5.573103,-0.44113165
12987,1437154749986,-8.2593975,5.3755813,-0.09636662
12988,1437154750005,-7.903858,5.3881507,-0.008379706
12989,1437154750022,-7.934983,5.4617724,0.108337626
12990,1437154750043,-8.186374,5.482722,0.28790274
12991,1437154750062,-8.066066,5.561132,0.23822308
12992,1437154750150,-7.8410106,5.719748,0.090381116
12993,1437154750151,-7.60997,5.935226,0.020949265
12994,1437154750152,-7.2328835,6.197391,-0.18914193
12995,1437154750153,-7.1861963,6.529587,-0.2885013
12996,1437154750161,-7.395689,6.6229606,-0.3465607
12997,1437154750182,-7.3346367,6.4817023,-0.16220717
12998,1437154750202,-7.325659,6.38354,0.007182605
12999,1437154750221,-7.265804,6.3907228,0.02813187
13000,1437154750244,-7.133524,6.4392056,0.031124622
13001,1437154750262,-7.203554,6.4386067,0.012569559
13002,1437154750284,-7.2472486,6.3584013,0.0796072
13003,1437154750304,-7.150882,6.38354,0.062249243
13004,1437154750323,-7.100005,6.493075,-0.025139118
13005,1437154750343,-7.157466,6.6624646,-0.17597382
13006,1437154750363,-7.197569,6.703765,-0.15741876
13007,1437154750385,-7.1221514,6.6469026,-0.05686229
13008,1437154750405,-7.0904284,6.583456,-0.039504327
13009,1437154750425,-7.043741,6.5631056,0.0011971008
13010,1437154750442,-6.903681,6.6893997,-0.073621705
13011,1437154750464,-6.949769,6.815694,-0.16699557
13012,1437154750485,-7.079654,6.801927,-0.12150574
13013,1437154750505,-7.019799,6.8402343,-0.1604115
13014,1437154750524,-7.00723,6.7624226,-0.06943185
13015,1437154750543,-6.923433,6.7630215,-0.019153614
13016,1437154750564,-6.986879,6.701969,-0.020949265
13017,1437154750582,-6.9587474,6.630143,0.060453594
13018,1437154750603,-7.0156097,6.712743,0.032920275
13019,1437154750653,-7.0724716,6.7570357,-0.021547815
13020,1437154750654,-6.956353,6.8486137,-0.050278235
13021,1437154750665,-6.8085113,6.892308,-0.12868834
13022,1437154750687,-6.8366427,6.918046,-0.14065935
13023,1437154750703,-6.8767457,6.962937,-0.14544775
13024,1437154750723,-6.8438253,6.9078703,-0.10654198
13025,1437154750743,-6.932411,6.9210386,-0.077213004
13026,1437154750762,-6.903681,6.909666,-0.036511578
13027,1437154750784,-6.8103065,6.870162,0.011971008
13028,1437154750855,-6.7091517,6.9006877,0.02813187
13029,1437154750856,-6.8228765,6.930017,0.002992752
13030,1437154750857,-6.8982935,6.923433,0.053869538
13031,1437154750875,-6.7348895,6.9599442,0.11851298
13032,1437154750882,-6.699575,6.932411,0.06404489
13033,1437154750902,-6.761824,7.0622964,0.049081136
13034,1437154750924,-6.8013287,7.041347,0.03172317
13035,1437154750942,-6.8468184,6.9820905,0.110731825
13036,1437154750962,-6.8162923,6.91625,0.14963761
13037,1437154750996,-6.737882,6.931214,0.12868834
13038,1437154751004,-6.897695,7.026982,0.11312603
13039,1437154751024,-6.9569516,6.975507,0.0688333
13040,1437154751193,-6.843227,6.84203,0.17956513
13041,1437154751194,-6.795343,6.8162923,0.2136825
13042,1437154751195,-6.5846534,6.903681,0.12150574
13043,1437154751196,-6.611588,7.101202,-0.025139118
13044,1437154751197,-6.6804214,7.2071457,-0.24181437
13045,1437154751198,-6.661866,7.225102,-0.30945057
13046,1437154751199,-6.71394,7.121553,-0.16400282
13047,1437154751200,-6.6391215,7.102998,-0.16519992
13048,1437154751205,-6.5457473,7.1407065,-0.23104046
13049,1437154751224,-6.530185,7.161656,-0.2813187
13050,1437154751243,-6.6265516,7.2424603,-0.3333926
13051,1437154751263,-6.670246,7.269395,-0.31543607
13052,1437154751285,-6.570288,7.2023573,-0.23343466
13053,1437154751314,-6.421249,7.131728,-0.1945289
13054,1437154751323,-6.3584013,7.1754227,-0.2172738
13055,1437154751343,-6.518214,7.28795,-0.24420857
13056,1437154751363,-6.615778,7.249643,-0.25019407
13057,1437154751383,-6.479907,7.265804,-0.23044191
13058,1437154751408,-6.479907,7.3088994,-0.15562311
13059,1437154751426,-6.501455,7.3567834,-0.25019407
13060,1437154751445,-6.467936,7.2951326,-0.18734628
13061,1437154751466,-6.3847375,7.271789,-0.25617957
13062,1437154751483,-6.3566055,7.2711906,-0.31064767
13063,1437154751504,-6.353613,7.2819643,-0.3405752
13064,1437154751523,-6.4104753,7.2969284,-0.37588966
13065,1437154751543,-6.4098763,7.2807674,-0.3609259
13066,1437154751562,-6.4661403,7.3112936,-0.39145198
13067,1437154751582,-6.4978633,7.3059063,-0.36391866
13068,1437154751602,-6.52001,7.2580223,-0.2825158
13069,1437154751622,-6.619968,7.128137,-0.20649989
13070,1437154751644,-6.906075,6.904279,-0.046686932
13071,1437154751670,-7.759608,6.323685,0.4854244
13072,1437154751682,-8.641871,5.6999955,1.1468226
13073,1437154751702,-8.709507,5.355231,1.2234371
13074,1437154751722,-7.9930425,5.511452,0.65062433
13075,1437154751742,-7.4226236,5.583278,0.15622166
13076,1437154751762,-6.9078703,6.095039,-0.30406362
13077,1437154751782,-6.727707,6.513426,-1.1432313
13078,1437154751802,-6.655881,7.0048356,-1.513734
13079,1437154751822,-6.4362125,7.5225816,-1.7609353
13080,1437154751842,-5.8921304,7.863157,-2.2828712
13081,1437154751862,-5.683236,7.8547773,-2.1865046
13082,1437154751882,-5.7454853,7.821857,-1.83336
13083,1437154751902,-5.4025164,8.438364,-2.2709002
13084,1437154751922,-5.4162827,8.889671,-2.6713305
13085,1437154751944,-6.1117983,8.279149,-1.7238252
13086,1437154751962,-6.1165867,7.6267295,-0.9959879
13087,1437154751982,-6.0172276,7.402273,-1.1456255
13088,1437154752004,-6.2225304,7.483676,-1.3012487
13089,1437154752023,-6.7384806,7.426215,-1.0073603
13090,1437154752044,-6.9348054,7.2885485,-0.79966336
13091,1437154752063,-6.7091517,7.0515227,-0.7146692
13092,1437154752087,-6.64391,6.968324,-0.56563014
13093,1437154752104,-6.7348895,7.0742674,-0.7104794
13094,1437154752124,-6.7959414,7.187992,-0.6512229
13095,1437154752144,-6.5984197,7.192182,-0.6003461
13096,1437154752165,-6.3991027,7.0850415,-0.51834464
13097,1437154752184,-6.47033,7.065888,-0.41060558
13098,1437154752207,-6.4900823,7.059902,-0.46088383
13099,1437154752223,-6.4463882,7.1101804,-0.57999533
13100,1437154752244,-6.606201,7.1113777,-0.5105635
13101,1437154752263,-6.643311,7.150882,-0.4417302
13102,1437154752285,-6.645705,7.147889,-0.4381389
13103,1437154752304,-6.4242415,7.1143703,-0.46148238
13104,1437154752323,-6.4062853,7.1586633,-0.5638345
13105,1437154752348,-6.588843,7.229292,-0.5255273
13106,1437154752365,-6.7043633,7.2783732,-0.49320555
13107,1437154752387,-6.6427126,7.195773,-0.48482585
13108,1437154752405,-6.587646,7.07726,-0.43993455
13109,1437154752425,-6.619968,7.0569096,-0.39025488
13110,1437154752448,-6.7133417,7.0826473,-0.4441244
13111,1437154752467,-6.719327,7.038953,-0.4237737
13112,1437154752487,-6.6846113,7.00304,-0.38307226
13113,1437154752503,-6.8330517,7.0090256,-0.39504328
13114,1437154752525,-6.9246297,7.01142,-0.3645172
13115,1437154752544,-6.877943,7.023989,-0.36631286
13116,1437154752568,-6.811504,7.055712,-0.39025488
13117,1437154752586,-6.918046,7.0724716,-0.439336
13118,1437154752604,-6.841431,7.016208,-0.41180268
13119,1437154752624,-6.7690067,6.949769,-0.40940848
13120,1437154752644,-6.779781,6.92044,-0.41838676
13121,1437154752670,-6.8001313,6.903681,-0.374094
13122,1437154752689,-6.8545995,6.9240313,-0.35913026
13123,1437154752709,-6.8665705,6.904279,-0.3369839
13124,1437154752725,-6.8689647,6.9024835,-0.25617957
13125,1437154752744,-6.8653736,6.8689647,-0.24899697
13126,1437154752764,-6.963536,6.835446,-0.219668
13127,1437154752784,-7.013814,6.7869635,-0.18794483
13128,1437154752808,-7.043741,6.707356,-0.16819267
13129,1437154752829,-7.038953,6.6624646,-0.2088941
13130,1437154752877,-7.1586633,6.781576,-0.16879122
13131,1437154752878,-7.2221093,6.8905125,-0.12928689
13132,1437154752896,-6.9330096,6.865972,-0.10534488
13133,1437154752905,-6.7306995,6.7648168,-0.036511578
13134,1437154752931,-6.825869,6.7731967,0.01436521
13135,1437154752946,-6.9012866,6.785766,0.029927522
13136,1437154752964,-6.932411,6.767211,0.0688333
13137,1437154752986,-6.977302,6.7085533,0.078410104
13138,1437154753005,-6.917447,6.678027,0.11432313
13139,1437154753027,-6.9240313,6.6750345,0.14604631
13140,1437154753045,-6.9701195,6.7318964,0.11971009
13141,1437154753070,-6.938995,6.8121023,0.10354923
13142,1437154753085,-6.938995,6.8970966,0.055066638
13143,1437154753105,-6.938995,6.9611416,-0.0005985504
13144,1437154753125,-6.87914,6.9826894,0.019752163
13145,1437154753144,-6.853402,6.9677253,0.037708677
13146,1437154753167,-6.8007298,6.967127,0.06344634
13147,1437154753187,-6.7684083,6.956353,0.06464344
13148,1437154753207,-6.7384806,6.929418,0.05686229
13149,1437154753228,-6.7546415,6.8947024,0.0676362
13150,1437154753248,-6.7851677,6.8683662,0.08738836
13151,1437154753266,-6.8468184,6.8384385,0.108936176
13152,1437154753287,-6.907272,6.861782,0.12689269
13153,1437154753308,-6.925827,6.9252286,0.16101007
13154,1437154753328,-6.892308,6.906075,0.17357962
13155,1437154753348,-6.8186865,6.9318123,0.15861586
13156,1437154753368,-6.8079123,6.951565,0.16579847
13157,1437154753387,-6.75524,6.9611416,0.15382746
13158,1437154753408,-6.697779,6.9581485,0.12090719
13159,1437154753428,-6.7486563,6.9808936,0.108936176
13160,1437154753448,-6.813898,6.9731126,0.076614454
13161,1437154753468,-6.8767457,6.952163,0.09696517
13162,1437154753487,-6.823475,6.891111,0.12389994
13163,1437154753506,-6.8869214,6.897695,0.11372458
13164,1437154753595,-7.0227923,6.8869214,0.12330139
13165,1437154753596,-7.026982,6.854001,0.11671733
13166,1437154753597,-6.985682,6.757634,0.13706805
13167,1437154753598,-6.9647326,6.704962,0.13826515
13168,1437154753607,-6.9318123,6.7684083,0.18555063
13169,1437154753625,-6.8719573,6.789956,0.19752164
13170,1437154753646,-6.8528037,6.809708,0.15322891
13171,1437154753665,-6.8611836,6.8569937,0.17896658
13172,1437154753691,-6.9198413,6.8384385,0.20051439
13173,1437154753705,-6.9360023,6.8264675,0.18974048
13174,1437154753727,-6.9838862,6.7971387,0.17657238
13175,1437154753747,-7.047931,6.7666125,0.14784196
13176,1437154753766,-7.0886326,6.693589,0.13227965
13177,1437154753785,-7.052121,6.681618,0.10115502
13178,1437154753809,-7.04434,6.615778,0.08379706
13179,1437154753829,-7.019201,6.618172,0.0688333
13180,1437154753848,-7.1065893,6.63972,0.07182605
13181,1437154753868,-7.2245035,6.6708446,0.091578215
13182,1437154753888,-7.231686,6.670246,0.14305355
13183,1437154753908,-7.143699,6.63134,0.15622166
13184,1437154753929,-7.0712748,6.6271505,0.20051439
13185,1437154753948,-7.0395517,6.599617,0.22565351
13186,1437154753969,-7.0545154,6.6109896,0.19632454
13187,1437154753987,-7.2179193,6.6708446,0.14903906
13188,1437154754008,-7.225102,6.6480994,0.12569559
13189,1437154754029,-7.1885905,6.6510925,0.109534726
13190,1437154754046,-7.095815,6.642114,0.08499416
13191,1437154754065,-7.0491285,6.6612678,0.033518825
13192,1437154754087,-7.101202,6.651691,0.044292733
13193,1437154754110,-7.1006036,6.6612678,0.036511578
13194,1437154754132,-7.0952168,6.6361284,0.008978256
13195,1437154754151,-7.1460934,6.6427126,0.059855044
13196,1437154754169,-7.1526775,6.655881,0.08619126
13197,1437154754186,-7.0712748,6.6828156,0.077213004
13198,1437154754205,-7.0754647,6.7342906,0.050876785
13199,1437154754225,-7.0581064,6.735488,0.05865794
13200,1437154754259,-7.016208,6.7324953,0.059855044
13201,1437154754328,-6.977302,6.7684083,0.05746084
13202,1437154754329,-6.9623384,6.76781,0.034117375
13203,1437154754330,-6.994062,6.7731967,0.0035913025
13204,1437154754331,-7.0383544,6.7989345,-0.027533319
13205,1437154754346,-7.047931,6.7809777,-0.060453594
13206,1437154754370,-7.0347633,6.75943,-0.0712275
13207,1437154754389,-7.0275807,6.7402763,-0.05865794
13208,1437154754406,-7.0407486,6.707356,-0.030526072
13209,1437154754427,-7.049727,6.6726403,-0.025737667
13210,1437154754447,-7.0970125,6.6427126,0.026934769
13211,1437154754471,-7.1107793,6.645705,0.06823475
13212,1437154754488,-7.1472907,6.6642604,0.05925649
13213,1437154754506,-7.020398,6.657676,0.025737667
13214,1437154754526,-7.037756,6.6971807,-0.007182605
13215,1437154754546,-7.0593038,6.7253127,-0.020949265
13216,1437154754567,-7.0587053,6.743868,-0.045489833
13217,1437154754590,-7.0090256,6.7133417,-0.039504327
13218,1437154754615,-7.004237,6.758233,-0.037708677
13219,1437154754643,-7.0287776,6.7630215,-0.0664391
13220,1437154754648,-7.04015,6.769605,-0.09876082
13221,1437154754666,-6.989872,6.758233,-0.13946225
13222,1437154754686,-6.943185,6.7444663,-0.15322891
13223,1437154754709,-7.016208,6.7719994,-0.15741876
13224,1437154754726,-7.0982094,6.789956,-0.15502456
13225,1437154754746,-7.0287776,6.7785835,-0.14784196
13226,1437154754766,-7.0491285,6.7624226,-0.16460137
13227,1437154754786,-7.055114,6.751649,-0.17896658
13228,1437154754806,-7.029975,6.6864066,-0.14604631
13229,1437154754826,-7.0156097,6.670246,-0.11731588
13230,1437154754846,-7.047931,6.621763,-0.08738836
13231,1437154754866,-7.061698,6.621763,-0.06344634
13232,1437154754886,-7.0970125,6.627749,-0.060453594
13233,1437154754906,-7.1353197,6.667253,-0.048482586
13234,1437154754926,-7.1371155,6.687604,-0.02873042
13235,1437154754946,-7.089231,6.7229185,-0.035913024
13236,1437154754969,-7.0245876,6.752846,-0.0011971008
13237,1437154755023,-6.956353,6.7468605,0.012569559
13238,1437154755024,-6.9144545,6.811504,0.02633622
13239,1437154755027,-6.927024,6.8408327,0.032920275
13240,1437154755046,-6.867169,6.839037,0.06344634
13241,1437154755068,-6.851008,6.8905125,-0.0023942017
13242,1437154755089,-6.933608,6.9360023,0.027533319
13243,1437154755109,-6.928221,6.940192,-0.02873042
13244,1437154755125,-6.8486137,6.9246297,-0.002992752
13245,1437154755145,-6.8480153,6.921637,0.010175358
13246,1437154755165,-6.8563952,6.909666,0.010773907
13247,1437154755189,-6.9132576,6.8947024,0.033518825
13248,1437154755209,-6.8785415,6.8611836,0.018555064
13249,1437154755225,-6.853402,6.8318543,0.0017956513
13250,1437154755250,-6.932411,6.8091097,0.016759412
13251,1437154755269,-7.0503254,6.811504,0.023942016
13252,1437154755287,-7.0168066,6.7342906,0.05267244
13253,1437154755308,-7.018004,6.7318964,0.065242
13254,1437154755329,-7.092224,6.723517,0.02873042
13255,1437154755350,-7.0886326,6.728904,0.05626374
13256,1437154755370,-7.0144124,6.667852,0.05207389
13257,1437154755387,-7.053917,6.6846113,0.061052144
13258,1437154755406,-7.1107793,6.6774287,0.08439561
13259,1437154755428,-7.1006036,6.6852098,0.091578215
13260,1437154755450,-7.069479,6.64391,0.09696517
13261,1437154755467,-7.0724716,6.611588,0.15502456
13262,1437154755490,-7.1089835,6.6325374,0.15682021
13263,1437154755509,-7.1107793,6.6726403,0.16160862
13264,1437154755529,-7.069479,6.715137,0.1364695
13265,1437154755549,-7.017405,6.727108,0.12629414
13266,1437154755569,-7.0108213,6.7480574,0.10594343
13267,1437154755587,-6.9970546,6.716933,0.13227965
13268,1437154755610,-6.880337,6.6445084,0.11372458
13269,1437154755632,-6.962937,6.657078,0.11192893
13270,1437154755739,-7.1059904,6.6720414,0.077811554
13271,1437154755740,-7.129334,6.678027,0.09696517
13272,1437154755741,-7.120356,6.652888,0.13587095
13273,1437154755742,-7.091027,6.6846113,0.14784196
13274,1437154755743,-7.1329255,6.7480574,0.17896658
13275,1437154755755,-7.1089835,6.8144965,0.17717093
13276,1437154755767,-6.9425864,6.7845693,0.16220717
13277,1437154755788,-6.801927,6.821679,0.1400608
13278,1437154755807,-6.8611836,6.8743515,0.11671733
13279,1437154755833,-6.907272,6.909666,0.10474633
13280,1437154755849,-6.7630215,6.8366427,0.12569559
13281,1437154755868,-6.7839704,6.8067155,0.061650693
13282,1437154755894,-6.841431,6.8282633,0.073023155
13283,1437154755909,-7.019201,6.8402343,0.110731825
13284,1437154755932,-7.0808516,6.8665705,0.049679685
13285,1437154755950,-7.0263834,6.839037,0.077811554
13286,1437154755968,-6.9916677,6.8366427,0.0700304
13287,1437154755990,-6.9407907,6.7983356,0.0724246
13288,1437154756011,-6.977901,6.771401,0.14724341
13289,1437154756030,-7.021595,6.766014,0.16160862
13290,1437154756050,-6.9731126,6.752846,0.17776948
13291,1437154756069,-6.987478,6.7690067,0.16819267
13292,1437154756091,-6.943185,6.771401,0.16759412
13293,1437154756110,-6.917447,6.7743936,0.18435353
13294,1437154756129,-6.977901,6.803124,0.18136078
13295,1437154756151,-6.9689226,6.8085113,0.22266077
13296,1437154756171,-6.937798,6.8426285,0.20290859
13297,1437154756190,-6.9360023,6.880337,0.1592144
13298,1437154756211,-6.897695,6.931214,0.14305355
13299,1437154756229,-6.892308,6.893505,0.18674773
13300,1437154756250,-6.853402,6.893505,0.24480712
13301,1437154756272,-6.7965403,6.8982935,0.24720132
13302,1437154756291,-6.8348475,6.9407907,0.26635495
13303,1437154756311,-6.845621,6.9407907,0.24779987
13304,1437154756331,-6.7564373,6.9383965,0.24540567
13305,1437154756349,-6.7504516,6.88752,0.24001873
13306,1437154756370,-6.8001313,6.8881183,0.24959552
13307,1437154756397,-6.8563952,6.8563952,0.24121583
13308,1437154756469,-6.8970966,6.891111,0.27712885
13309,1437154756470,-6.911462,6.8749504,0.24361002
13310,1437154756471,-6.8462195,6.7983356,0.2633622
13311,1437154756472,-6.903082,6.781576,0.2765303
13312,1437154756488,-7.00723,6.8198833,0.25917232
13313,1437154756511,-7.000047,6.8264675,0.29448682
13314,1437154756529,-6.9665284,6.813898,0.27234045
13315,1437154756594,-6.9168487,6.7923503,0.26396075
13316,1437154756595,-6.918046,6.8246717,0.2825158
13317,1437154756596,-6.904279,6.8085113,0.2621651
13318,1437154756621,-6.8665705,6.83365,0.30705637
13319,1437154756629,-6.8958993,6.845621,0.31304187
13320,1437154756656,-6.8958993,6.8402343,0.3226187
13321,1437154756668,-6.8198833,6.8228765,0.3321955
13322,1437154756688,-6.8522053,6.84203,0.3453636
13323,1437154756708,-6.809708,6.8773446,0.3333926
13324,1437154756728,-6.88752,6.9264255,0.33518824
13325,1437154756749,-6.8905125,6.95755,0.2765303
13326,1437154756770,-6.8342485,6.968324,0.24181437
13327,1437154756791,-6.8162923,6.9581485,0.2765303
13328,1437154756811,-6.745663,6.941988,0.28790274
13329,1437154756833,-6.789956,6.9623384,0.27712885
13330,1437154756849,-6.8252707,6.967127,0.25797522
13331,1437154756872,-6.7959414,6.949769,0.26515785
13332,1437154756890,-6.7731967,6.9066734,0.27353755
13333,1437154756911,-6.845621,6.88333,0.2861071
13334,1437154756931,-6.9360023,6.8809357,0.31783026
13335,1437154756951,-6.8731546,6.7971387,0.33279404
13336,1437154756971,-6.950966,6.839037,0.29747957
13337,1437154756988,-6.955156,6.8282633,0.29328972
13338,1437154757011,-6.8839283,6.761824,0.3357868
13339,1437154757032,-6.893505,6.743868,0.30526072
13340,1437154757052,-6.9946604,6.797737,0.31064767
13341,1437154757073,-7.03596,6.8168907,0.27353755
13342,1437154757090,-6.9743094,6.8282633,0.22505496
13343,1437154757115,-6.9240313,6.8168907,0.17298107
13344,1437154757192,-6.976105,6.8132997,0.16759412
13345,1437154757193,-7.008427,6.8438253,0.14065935
13346,1437154757194,-6.9988503,6.817489,0.15622166
13347,1437154757195,-7.023391,6.8079123,0.17597382
13348,1437154757209,-6.9731126,6.7624226,0.19692309
13349,1437154757233,-6.923433,6.739678,0.19273324
13350,1437154757248,-6.973711,6.742072,0.15861586
13351,1437154757269,-6.9186444,6.7486563,0.16280572
13352,1437154757295,-6.9330096,6.8091097,0.110133275
13353,1437154757309,-6.951565,6.8689647,0.06943185
13354,1437154757331,-6.9024835,6.8982935,0.04309563
13355,1437154757350,-6.857592,6.8557963,0.10055647
13356,1437154757372,-6.8444242,6.8665705,0.08379706
13357,1437154757392,-6.928221,6.88333,0.074220255
13358,1437154757412,-6.941988,6.8785415,0.0664391
13359,1437154757432,-6.9144545,6.8252707,0.06404489
13360,1437154757452,-6.9677253,6.7863646,0.059855044
13361,1437154757472,-7.0826473,6.7253127,0.046686932
13362,1437154757492,-7.1113777,6.657676,0.049679685
13363,1437154757510,-7.104195,6.5816603,0.049081136
13364,1437154757532,-7.2268977,6.55712,-0.029927522
13365,1437154757551,-7.269395,6.5361705,-0.013766659
13366,1437154757576,-7.2286935,6.531981,-0.03172317
13367,1437154757591,-7.2699933,6.564901,-0.06404489
13368,1437154757614,-7.2981253,6.6385226,-0.01436521
13369,1437154757631,-7.1742253,6.6786256,-0.034715924
13370,1437154757655,-7.062895,6.704962,-0.019752163
13371,1437154757671,-6.8851256,6.7229185,0.016759412
13372,1437154757689,-6.8599863,6.8569937,0.034117375
13373,1437154757711,-6.9102645,6.994062,0.009576807
13374,1437154758050,-6.815694,7.0820484,0.022744916
13375,1437154758051,-6.739678,7.109582,0.022146367
13376,1437154758052,-6.651691,7.143699,0.014963761
13377,1437154758053,-6.543952,7.1646485,0.008978256
13378,1437154758054,-6.505046,7.156269,-0.0053869537
13379,1437154758055,-6.4224463,7.077859,0.011372458
13380,1437154758056,-6.6271505,7.0964136,0.05207389
13381,1437154758057,-6.6983776,7.0221934,0.05746084
13382,1437154758059,-6.739079,6.975507,0.040102877
13383,1437154758060,-6.746262,6.9383965,0.08439561
13384,1437154758061,-6.835446,6.973711,0.12270284
13385,1437154758062,-6.906075,6.9982514,0.12808979
13386,1437154758063,-6.83784,6.9886746,0.090381116
13387,1437154758064,-6.851008,7.08145,0.077811554
13388,1437154758065,-6.8426285,7.092224,0.053869538
13389,1437154758066,-6.694188,7.091027,0.06943185
13390,1437154758067,-6.59004,7.03596,0.075417355
13391,1437154758068,-6.51163,6.980295,0.12150574
13392,1437154758088,-6.7211227,6.9743094,0.11432313
13393,1437154758108,-6.7330937,6.91625,0.15442601
13394,1437154758130,-6.71813,6.827665,0.19093758
13395,1437154758150,-6.8186865,6.815694,0.17657238
13396,1437154758169,-6.882133,6.743269,0.22804771
13397,1437154758193,-6.8408327,6.719327,0.1945289
13398,1437154758212,-6.847417,6.715736,0.11552023
13399,1437154758230,-6.8264675,6.736685,0.15801731
13400,1437154758249,-6.869563,6.8132997,0.15382746
13401,1437154758270,-6.881534,6.925827,0.22146365
13402,1437154758290,-6.904279,7.0006456,0.29568392
13403,1437154758313,-6.841431,7.1101804,0.34237084
13404,1437154758329,-6.787562,7.2227077,0.3657143
13405,1437154758349,-6.573281,7.3244615,0.32321724
13406,1437154758369,-6.3218894,7.36217,0.31184477
13407,1437154758393,-6.1566896,7.386112,0.32202014
13408,1437154758413,-6.133945,7.397485,0.3705027
13409,1437154758430,-6.2392898,7.438186,0.3752911
13410,1437154758453,-6.3177,7.451953,0.35913026
13411,1437154758468,-6.2458735,7.392098,0.35553896
13412,1437154758489,-6.2045736,7.3047094,0.3657143
13413,1437154758509,-6.31351,7.303512,0.3184288
13414,1437154758528,-6.449381,7.311892,0.31663316
13415,1437154758602,-6.497265,7.28376,0.30286652
13416,1437154758603,-6.453571,7.2699933,0.2885013
13417,1437154758604,-6.4607534,7.268198,0.23762453
13418,1437154758612,-6.5128274,7.3100963,0.22565351
13419,1437154758630,-6.413468,7.223905,0.2088941
13420,1437154758650,-6.425439,7.2233067,0.21547815
13421,1437154758670,-6.4589577,7.2101383,0.15382746
13422,1437154758692,-6.4392056,7.1945763,0.19033903
13423,1437154758710,-6.4697313,7.2059484,0.15263036
13424,1437154758730,-6.5008564,7.2209125,0.1340753
13425,1437154758756,-6.397307,7.1826053,0.15143326
13426,1437154758771,-6.403891,7.1993647,0.14544775
13427,1437154758792,-6.5002575,7.265205,0.19632454
13428,1437154758812,-6.71813,7.350199,0.22266077
13429,1437154758832,-6.76362,7.347805,0.23463176
13430,1437154758853,-6.545149,7.28376,0.25737667
13431,1437154758873,-6.581062,7.3059063,0.24660277
13432,1437154758893,-6.408081,7.2741833,0.19273324
13433,1437154758913,-6.3242836,7.169437,0.21068975
13434,1437154758933,-6.4230447,7.1365166,0.17298107
13435,1437154758953,-6.3242836,7.025785,0.19093758
13436,1437154758973,-6.303933,6.9168487,0.15203181
13437,1437154758992,-6.5307837,6.944382,0.17717093
13438,1437154759014,-6.669647,7.0066314,0.10354923
13439,1437154759034,-6.6630635,7.062895,0.17597382
13440,1437154759053,-6.712743,7.1550717,0.15203181
13441,1437154759071,-6.6828156,7.2993226,0.12389994
13442,1437154759093,-6.6654577,7.4992385,0.12808979
13443,1437154759113,-6.5631056,7.6524673,0.04309563
13444,1437154759135,-6.217742,7.6692266,-0.06284779
13445,1437154759154,-6.143522,7.681796,-0.044891283
13446,1437154759173,-6.0764837,7.5908165,-0.11133038
13447,1437154759193,-6.1100025,7.4884644,-0.12749124
13448,1437154759212,-6.4990606,7.4525514,-0.10594343
13449,1437154759231,-6.609792,7.3388267,-0.18136078
13450,1437154759259,-6.651691,7.203554,-0.093972415
13451,1437154759320,-6.7199254,7.140108,-0.1316811
13452,1437154759321,-6.7283053,7.0964136,-0.074818805
13453,1437154759323,-6.827066,7.107786,-0.02932897
13454,1437154759342,-6.8528037,7.113772,-0.021547815
13455,1437154759350,-6.8121023,7.123947,0.0712275
13456,1437154759381,-6.849811,7.140108,0.05686229
13457,1437154759391,-6.7091517,7.1071877,0.093373865
13458,1437154759412,-6.646304,7.120356,0.13347675
13459,1437154759447,-6.613982,7.117363,0.13108255
13460,1437154759451,-6.59004,7.065289,0.15203181
13461,1437154759471,-6.5655,6.9844847,0.16639702
13462,1437154759492,-6.683414,6.943185,0.19752164
13463,1437154759514,-6.783372,6.9210386,0.21787235
13464,1437154759531,-6.84203,6.923433,0.17178397
13465,1437154759551,-6.897695,6.92044,0.11911154
13466,1437154759571,-6.8545995,6.9228344,0.08499416
13467,1437154759594,-6.830059,6.854001,0.08738836
13468,1437154759614,-6.7444663,6.857592,0.11432313
13469,1437154759634,-6.779781,6.903681,0.11492168
13470,1437154759653,-6.791153,6.9701195,0.090381116
13471,1437154759673,-6.7624226,7.0251865,0.11611878
13472,1437154759694,-6.7103486,7.089231,0.11911154
13473,1437154759712,-6.655881,7.1431007,0.1316811
13474,1437154759733,-6.633734,7.1927805,0.17118542
13475,1437154759754,-6.559514,7.1700354,0.18076223
13476,1437154759773,-6.5098343,7.193379,0.18375498
13477,1437154759793,-6.4511766,7.165247,0.19153613
13478,1437154759814,-6.5481415,7.1873937,0.27952304
13479,1437154759832,-6.5762734,7.204153,0.25378537
13480,1437154759854,-6.509236,7.1742253,0.27114335
13481,1437154759873,-6.4589577,7.1448965,0.28072014
13482,1437154759891,-6.59423,7.1951747,0.25139117
13483,1437154759913,-6.555923,7.203554,0.24061728
13484,1437154759934,-6.5265937,7.1945763,0.25139117
13485,1437154759953,-6.543952,7.2167225,0.24301147
13486,1437154759979,-6.5547256,7.207744,0.25558102
13487,1437154760038,-6.482301,7.1909847,0.28550854
13488,1437154760039,-6.4643445,7.138911,0.30047232
13489,1437154760040,-6.401497,7.097611,0.34476504
13490,1437154760054,-6.513426,7.0994067,0.3824737
13491,1437154760071,-6.6828156,7.141305,0.4261679
13492,1437154760092,-6.693589,7.1754227,0.4189853
13493,1437154760112,-6.724714,7.2526355,0.41359833
13494,1437154760131,-6.6205664,7.294534,0.37469256
13495,1437154760151,-6.554127,7.3406224,0.35913026
13496,1437154760173,-6.513426,7.338228,0.3286042
13497,1437154760193,-6.342839,7.3047094,0.3196259
13498,1437154760214,-6.4308257,7.2526355,0.35913026
13499,1437154760234,-6.401497,7.1766195,0.39444473
13500,1437154760252,-6.2991447,7.1113777,0.39923313
13501,1437154760273,-6.2889695,7.1089835,0.35434186
13502,1437154760293,-6.3667808,7.2107368,0.25498247
13503,1437154760315,-6.50744,7.259818,0.16819267
13504,1437154760335,-6.521207,7.3148847,0.13227965
13505,1437154760355,-6.59423,7.321469,0.10295067
13506,1437154760372,-6.5858502,7.350199,0.075417355
13507,1437154760394,-6.537368,7.2987237,0.17298107
13508,1437154760415,-6.4739213,7.3190746,0.22685061
13509,1437154760435,-6.421249,7.301118,0.26994625
13510,1437154760454,-6.2889695,7.306505,0.320823
13511,1437154760472,-6.229114,7.374141,0.26994625
13512,1437154760495,-6.329671,7.4232225,0.25797522
13513,1437154760514,-6.403891,7.357382,0.23582886
13514,1437154760534,-6.221333,7.3567834,0.30226797
13515,1437154760554,-6.3643866,7.323863,0.207697
13516,1437154760572,-6.371569,7.303512,0.27114335
13517,1437154760594,-6.6044054,7.3723454,0.28072014
13518,1437154760615,-6.605004,7.3789296,0.2088941
13519,1437154760666,-6.5696893,7.353192,0.23702596
13520,1437154760667,-6.4002995,7.1945763,0.2124854
13521,1437154760674,-6.247071,7.1568675,0.35194764
13522,1437154760695,-6.5505357,7.2340803,0.30885202
13523,1437154760712,-6.5499372,7.256227,0.32800564
13524,1437154760732,-6.491279,7.1634517,0.44711718
13525,1437154760793,-6.607398,7.1826053,0.45370123
13526,1437154760794,-6.588843,7.152079,0.44472298
13527,1437154760795,-6.645705,7.2568254,0.427365
13528,1437154760812,-6.3607955,7.2179193,0.36631286
13529,1437154760834,-6.2620344,7.2370734,0.36511576
13530,1437154760854,-6.4685345,7.290344,0.35673606
13531,1437154760872,-6.4463882,7.2723875,0.31124622
13532,1437154760894,-6.385336,7.161656,0.3693056
13533,1437154760913,-6.5325794,7.2873516,0.32561144
13534,1437154760932,-6.724714,7.281366,0.3172317
13535,1437154760953,-6.8743515,7.565677,0.37110126
13536,1437154760975,-6.2626333,7.233482,0.29747957
13537,1437154760993,-6.039374,7.192182,0.5805939
13538,1437154761015,-6.4511766,7.195773,0.48243165
13539,1437154761035,-6.2991447,7.3190746,0.492607
13540,1437154761055,-6.1040173,7.2448545,0.480636
13541,1437154761074,-6.3703723,7.361572,0.46028528
13542,1437154761093,-6.2865753,7.37055,0.4165911
13543,1437154761116,-6.3907228,7.455544,0.362123
13544,1437154761135,-6.364985,7.419631,0.29568392
13545,1437154761155,-6.4870896,7.3472066,0.41958386
13546,1437154761176,-6.5337763,7.3484035,0.415394
13547,1437154761194,-6.529587,7.351396,0.44232875
13548,1437154761213,-6.4427967,7.2687964,0.49919105
13549,1437154761236,-6.320094,7.1347213,0.5434838
13550,1437154761252,-6.351817,7.0395517,0.50397944
13551,1437154762966,-6.4350157,7.2268977,0.44711718
13552,1437154762967,-6.506243,7.1125746,0.3172317
13553,1437154762968,-6.658275,7.3418193,0.3764882
13554,1437154762969,-6.317101,7.387908,0.30885202
13555,1437154762970,-6.3721676,7.4549456,0.40880993
13556,1437154762971,-6.356007,7.515998,0.2908955
13557,1437154762972,-6.206968,7.4848733,0.31364042
13558,1437154762973,-5.9849057,7.442376,0.2657564
13559,1437154762974,-6.159084,7.553706,0.23163901
13560,1437154762975,-6.273407,7.5614877,0.15682021
13561,1437154762976,-6.1100025,7.439383,0.21787235
13562,1437154762977,-6.4068837,7.567473,0.2220622
13563,1437154762978,-6.3985043,7.454347,0.08200141
13564,1437154762979,-6.175245,7.3765354,0.25019407
13565,1437154762980,-6.341642,7.350199,0.1340753
13566,1437154762981,-6.3943143,7.3711486,0.09935937
13567,1437154762982,-6.3793507,7.3322425,0.12210429
13568,1437154762983,-6.362591,7.328053,0.017357962
13569,1437154762984,-6.3883286,7.2963295,-0.0017956513
13570,1437154762985,-6.3601966,7.305308,-0.007182605
13571,1437154762986,-6.367978,7.347805,-0.05686229
13572,1437154762987,-6.363788,7.390302,-0.08259996
13573,1437154762988,-6.3793507,7.454347,-0.1316811
13574,1437154762989,-6.494272,7.504027,-0.16220717
13575,1437154762990,-6.5385647,7.523779,-0.108936176
13576,1437154762991,-6.3949127,7.530363,-0.05925649
13577,1437154762992,-6.3745623,7.551911,-0.06703765
13578,1437154762993,-6.2566476,7.4986396,-0.049081136
13579,1437154762994,-6.1519012,7.4549456,-0.12749124
13580,1437154762995,-6.1746464,7.40766,-0.1448492
13581,1437154762996,-6.26383,7.359776,-0.15741876
13582,1437154762997,-6.4122705,7.3083005,-0.1328782
13583,1437154762998,-6.4523735,7.2340803,-0.0796072
13584,1437154762999,-6.4882865,7.2604165,-0.09876082
13585,1437154763000,-6.4864907,7.314286,-0.12210429
13586,1437154763001,-6.543353,7.3627687,-0.16400282
13587,1437154763002,-6.342839,7.318476,-0.20709845
13588,1437154763003,-6.2662244,7.3364325,-0.2621651
13589,1437154763004,-6.353613,7.343615,-0.29807812
13590,1437154763005,-6.3667808,7.3466077,-0.3298013
13591,1437154763006,-6.5445504,7.3753386,-0.38845924
13592,1437154763007,-6.5924344,7.343615,-0.42916065
13593,1437154763008,-6.503849,7.228095,-0.39444473
13594,1437154763009,-6.453571,7.1472907,-0.39264908
13595,1437154763010,-6.4631476,7.077859,-0.3393781
13596,1437154763011,-6.491878,7.021595,-0.30286652
13597,1437154763012,-6.4326215,6.9581485,-0.29269117
13598,1437154763013,-6.4302273,6.96174,-0.24420857
13599,1437154763014,-6.5098343,7.0227923,-0.20829555
13600,1437154763015,-6.646304,7.1233487,-0.19512744
13601,1437154763016,-6.6923923,7.2083426,-0.2100912
13602,1437154763017,-6.6666546,7.289746,-0.24121583
13603,1437154763018,-6.679224,7.3747396,-0.24361002
13604,1437154763019,-6.5625067,7.4106526,-0.28790274
13605,1437154763020,-6.4230447,7.386112,-0.28550854
13606,1437154763021,-6.4146647,7.3831196,-0.3172317
13607,1437154763022,-6.277597,7.261614,-0.3274071
13608,1437154763023,-6.330868,7.169437,-0.350152
13609,1437154763024,-6.564901,7.179612,-0.36511576
13610,1437154763025,-6.733692,7.147889,-0.3561375
13611,1437154763026,-6.7360864,7.0407486,-0.3184288
13612,1437154763027,-6.6666546,6.959346,-0.2669535
13613,1437154763028,-6.7612257,6.943185,-0.24061728
13614,1437154763029,-6.803124,6.9581485,-0.22146365
13615,1437154763030,-6.871359,6.994062,-0.17298107
13616,1437154763031,-6.8228765,7.03177,-0.17118542
13617,1437154763032,-6.700772,7.0036387,-0.13946225
13618,1437154763033,-6.6469026,7.043143,-0.11252748
13619,1437154763034,-6.6684504,7.08564,-0.09876082
13620,1437154763035,-6.6971807,7.1448965,-0.1388637
13621,1437154763036,-6.645705,7.132327,-0.14903906
13622,1437154763037,-6.5984197,7.077859,-0.110133275
13623,1437154763038,-6.543353,7.0952168,-0.1448492
13624,1437154763039,-6.619369,7.1251445,-0.16938977
13625,1437154763040,-6.5870476,7.143699,-0.18674773
13626,1437154763041,-6.6121864,7.141904,-0.18375498
13627,1437154763042,-6.6480994,7.187992,-0.2124854
13628,1437154763043,-6.70556,7.1742253,-0.23582886
13629,1437154763044,-6.5984197,7.1790137,-0.2184709
13630,1437154763045,-6.5666966,7.141305,-0.24181437
13631,1437154763046,-6.51163,7.1634517,-0.24600422
13632,1437154763047,-6.5625067,7.165247,-0.28491
13633,1437154763048,-6.56131,7.143699,-0.28790274
13634,1437154763049,-6.5427547,7.0688806,-0.30346507
13635,1437154763050,-6.643311,7.062895,-0.30645782
13636,1437154763051,-6.5643024,6.9970546,-0.3561375
13637,1437154763052,-6.689998,7.0491285,-0.39504328
13638,1437154763053,-6.7360864,7.04015,-0.42437226
13639,1437154763054,-6.782175,7.1407065,-0.46327803
13640,1437154763055,-6.8103065,7.1191587,-0.4985925
13641,1437154763073,-6.616975,7.1790137,-0.53809685
13642,1437154763093,-6.6044054,7.195773,-0.55605334
13643,1437154763113,-6.555324,7.2364745,-0.58119243
13644,1437154763133,-6.5391636,7.2424603,-0.58657944
13645,1437154763158,-6.5469446,7.2550297,-0.6344634
13646,1437154763173,-6.559514,7.2550297,-0.6500258
13647,1437154763193,-6.523601,7.225102,-0.6572084
13648,1437154763213,-6.533178,7.1849995,-0.6721721
13649,1437154763235,-6.609194,7.1490865,-0.64823014
13650,1437154763255,-6.5726824,7.028179,-0.5967548
13651,1437154763276,-6.6870055,6.992266,-0.57281274
13652,1437154763296,-6.716933,6.9844847,-0.57999533
13653,1437154763316,-6.7534447,6.9886746,-0.59615624
13654,1437154763334,-6.7384806,6.9360023,-0.5955577
13655,1437154763354,-6.7989345,6.969521,-0.6428431
13656,1437154763376,-6.783372,6.931214,-0.6775591
13657,1437154763398,-6.7133417,6.8929067,-0.6961141
13658,1437154763418,-6.7690067,6.918046,-0.7457938
13659,1437154763436,-6.795343,6.9587474,-0.76315176
13660,1437154763454,-6.863578,6.9599442,-0.7745243
13661,1437154763474,-6.8408327,6.929418,-0.81402856
13662,1437154763493,-6.867169,6.9120603,-0.7942764
13663,1437154763514,-6.881534,6.911462,-0.8319851
13664,1437154763553,-6.7612257,6.8366427,-0.8595184
13665,1437154763554,-6.811504,6.8528037,-0.87927055
13666,1437154763575,-6.9437833,6.8599863,-0.9068039
13667,1437154763595,-6.9665284,6.857592,-0.96546185
13668,1437154763632,-6.9928646,6.7905545,-1.0013748
13669,1437154763649,-6.985682,6.7965403,-0.9888053
13670,1437154763657,-7.017405,6.830059,-1.0761937
13671,1437154763681,-6.9461775,6.8785415,-1.1216835
13672,1437154763695,-6.767211,6.9366007,-1.1887212
13673,1437154763741,-6.5577183,6.987478,-1.2485762
13674,1437154763742,-6.417059,7.080253,-1.3108255
13675,1437154763768,-6.4727244,7.15567,-1.3850456
13676,1437154763776,-6.5307837,7.1861963,-1.4664485
13677,1437154763797,-6.6079965,7.211934,-1.5328877
13678,1437154763818,-6.6732388,7.217321,-1.6262615
13679,1437154763837,-6.6265516,7.1622543,-1.6154876
13680,1437154763859,-6.707356,7.128137,-1.620276
13681,1437154763879,-6.727108,7.1305313,-1.6394296
13682,1437154763895,-6.71813,7.169437,-1.6490064
13683,1437154763920,-6.7630215,7.181408,-1.6525977
13684,1437154763937,-6.688801,7.2286935,-1.6292542
13685,1437154763959,-6.6750345,7.221511,-1.654992
13686,1437154763979,-6.652888,7.215525,-1.572392
13687,1437154763998,-6.5625067,7.2047515,-1.5765818
13688,1437154764021,-6.510433,7.2233067,-1.5747862
13689,1437154764036,-6.488885,7.233482,-1.5873557
13690,1437154764059,-6.563704,7.2203135,-1.5286977
13691,1437154764076,-6.603807,7.1634517,-1.400608
13692,1437154764096,-6.6283474,7.052121,-1.2976574
13693,1437154764116,-6.6085954,6.9461775,-1.1426327
13694,1437154764141,-6.8091097,7.0132155,-1.0456676
13695,1437154764161,-6.8719573,7.023989,-0.98700964
13696,1437154764182,-6.8162923,6.995259,-0.866701
13697,1437154764198,-6.743269,7.0287776,-0.86251116
13698,1437154764215,-6.7103486,7.150882,-0.8888474
13699,1437154764236,-6.736685,7.390302,-1.021127
13700,1437154764255,-6.6564794,7.478289,-1.1641805
13701,1437154764279,-6.5882444,7.475895,-1.0839748
13702,1437154764297,-6.595427,7.41604,-1.0103531
13703,1437154764369,-6.6241574,7.257424,-0.91697925
13704,1437154764370,-6.5247984,7.0622964,-0.7715315
13705,1437154764371,-6.597821,6.8743515,-0.6733692
13706,1437154764379,-6.6726403,6.727108,-0.57281274
13707,1437154764398,-6.715736,6.530185,-0.44651863
13708,1437154764420,-6.8318543,6.443395,-0.3716998
13709,1437154764435,-6.8929067,6.4511766,-0.3405752
13710,1437154764456,-6.8863225,6.4966664,-0.32680854
13711,1437154764489,-6.879739,6.6067996,-0.3357868
13712,1437154764498,-7.0168066,6.7283053,-0.3357868
13713,1437154764518,-7.057508,6.8162923,-0.30466217
13714,1437154764540,-7.0664864,6.91625,-0.29867667
13715,1437154764561,-6.9647326,6.9838862,-0.31783026
13716,1437154764579,-6.8809357,7.0407486,-0.30346507
13717,1437154764596,-6.76781,7.0221934,-0.29029694
13718,1437154764616,-6.613982,6.968324,-0.2633622
13719,1437154764636,-6.621763,6.981492,-0.22565351
13720,1437154764656,-6.6786256,6.9000893,-0.23702596
13721,1437154764676,-6.625355,6.83784,-0.1328782
13722,1437154764696,-6.853402,6.8881183,-0.12030864
13723,1437154764716,-7.009624,6.88333,-0.14065935
13724,1437154764736,-6.9479733,6.7839704,-0.05746084
13725,1437154764756,-6.963536,6.754043,-0.029927522
13726,1437154764776,-6.9701195,6.76362,-0.06284779
13727,1437154764812,-6.993463,6.783372,-0.025139118
13728,1437154764816,-7.037756,6.8091097,-0.06284779
13729,1437154764847,-6.941988,6.803124,-0.046686932
13730,1437154764856,-6.8647747,6.825869,-0.040102877
13731,1437154764876,-6.847417,6.8970966,-0.08439561
13732,1437154764896,-6.8007298,6.859388,-0.076614454
13733,1437154764916,-6.7971387,6.909666,-0.08200141
13734,1437154764936,-6.9132576,6.956353,-0.108936176
13735,1437154764956,-6.873753,6.945579,-0.04369418
13736,1437154764976,-6.823475,6.956353,-0.04249708
13737,1437154764996,-6.8647747,6.9826894,-0.049679685
13738,1437154765019,-6.815095,6.976105,-0.04070143
13739,1437154765067,-6.8342485,6.903082,-0.06584055
13740,1437154765068,-6.843227,6.8563952,-0.0712275
13741,1437154765075,-6.9120603,6.7869635,-0.017956512
13742,1437154765095,-6.949769,6.7731967,-0.027533319
13743,1437154765115,-7.035362,6.7612257,0.04249708
13744,1437154765141,-7.0305734,6.7253127,0.023343466
13745,1437154765155,-7.056311,6.6905966,0.061650693
13746,1437154765175,-7.029975,6.6283474,0.0688333
13747,1437154765195,-7.1059904,6.6534867,0.088585466
13748,1437154765215,-7.083844,6.640917,0.044891283
13749,1437154765235,-7.0168066,6.642114,0.035314474
13750,1437154765255,-7.0994067,6.637924,0.024540568
13751,1437154765275,-7.097611,6.6708446,-0.021547815
13752,1437154765295,-7.189788,6.6361284,-0.047285482
13753,1437154765315,-7.093421,6.6175733,0.039504327
13754,1437154765335,-7.0449386,6.6349316,-0.019153614
13755,1437154765355,-7.1125746,6.685808,-0.046686932
13756,1437154765375,-7.0646906,6.682217,-0.09696517
13757,1437154765395,-7.013814,6.6870055,-0.088585466
13758,1437154765415,-7.0209966,6.715137,-0.13946225
13759,1437154765435,-7.026982,6.743269,-0.17657238
13760,1437154765457,-6.985682,6.6846113,-0.17058687
13761,1437154765480,-7.0227923,6.727707,-0.20051439
13762,1437154765500,-7.1251445,6.7187285,-0.24480712
13763,1437154765518,-7.147889,6.6642604,-0.18555063
13764,1437154765537,-7.2185183,6.6486983,-0.19572599
13765,1437154765555,-7.265804,6.640917,-0.14903906
13766,1437154765578,-7.207744,6.5840545,-0.13347675
13767,1437154765598,-7.1233487,6.547543,-0.09696517
13768,1437154765618,-7.141305,6.5403605,-0.10115502
13769,1437154765671,-7.1490865,6.571485,-0.11851298
13770,1437154765672,-7.152079,6.5906386,-0.11671733
13771,1437154765676,-7.1233487,6.5655,-0.109534726
13772,1437154765697,-7.1209545,6.5511346,-0.109534726
13773,1437154765716,-7.1484876,6.5385647,-0.15382746
13774,1437154765738,-7.2430587,6.583456,-0.14784196
13775,1437154765758,-7.2550297,6.576872,-0.16938977
13776,1437154765776,-7.1071877,6.525397,-0.1316811
13777,1437154765798,-7.176021,6.5720835,-0.15263036
13778,1437154765820,-7.2364745,6.613982,-0.16101007
13779,1437154765840,-7.2298903,6.63134,-0.18614918
13780,1437154765860,-7.180211,6.5738792,-0.14903906
13781,1437154765880,-7.0940194,6.5744777,-0.15023616
13782,1437154765898,-7.165247,6.5984197,-0.17956513
13783,1437154765920,-7.179612,6.625953,-0.2088941
13784,1437154765940,-7.114969,6.577471,-0.2184709
13785,1437154765960,-7.0826473,6.5762734,-0.22445641
13786,1437154765980,-7.176021,6.609194,-0.20949265
13787,1437154766000,-7.268198,6.6708446,-0.20709845
13788,1437154766019,-7.1209545,6.567894,-0.20410569
13789,1437154766040,-7.109582,6.581062,-0.21308395
13790,1437154766060,-7.1347213,6.587646,-0.24241292
13791,1437154766080,-7.1873937,6.588843,-0.20530279
13792,1437154766100,-7.203554,6.601413,-0.22445641
13793,1437154766120,-7.1987658,6.5720835,-0.18974048
13794,1437154766140,-7.199963,6.5655,-0.22445641
13795,1437154766160,-7.227496,6.5864487,-0.24061728
13796,1437154766177,-7.2328835,6.5786676,-0.20171149
13797,1437154766200,-7.1712327,6.5631056,-0.1945289
13798,1437154766221,-7.1209545,6.573281,-0.23104046
13799,1437154766241,-7.1460934,6.609194,-0.22864626
13800,1437154766261,-7.2286935,6.613982,-0.25558102
13801,1437154766284,-7.173627,6.593033,-0.2825158
13802,1437154766359,-7.167641,6.543353,-0.29388827
13803,1437154766360,-7.1969705,6.527791,-0.25318682
13804,1437154766361,-7.2029557,6.4589577,-0.23882163
13805,1437154766362,-7.2382703,6.4481835,-0.22625206
13806,1437154766380,-7.2969284,6.4721255,-0.25258827
13807,1437154766405,-7.2789717,6.4745197,-0.27114335
13808,1437154766420,-7.217321,6.4781113,-0.27712885
13809,1437154766440,-7.195773,6.4906807,-0.30645782
13810,1437154766459,-7.231686,6.522404,-0.31902736
13811,1437154766478,-7.20535,6.505645,-0.3441665
13812,1437154766500,-7.1347213,6.5020533,-0.39504328
13813,1437154766520,-7.1861963,6.541558,-0.4165911
13814,1437154766541,-7.252037,6.611588,-0.44113165
13815,1437154766561,-7.240066,6.6145806,-0.44831428
13816,1437154766581,-7.177218,6.6732388,-0.4345476
13817,1437154766601,-7.2610154,6.740875,-0.480636
13818,1437154766617,-7.104195,6.7480574,-0.43754035
13819,1437154766652,-6.9623384,6.7145386,-0.3645172
13820,1437154766700,-6.9461775,6.6923923,-0.3238158
13821,1437154766701,-6.976105,6.683414,-0.23523031
13822,1437154766702,-6.9970546,6.6959834,-0.26276365
13823,1437154766718,-6.965331,6.694188,-0.2693477
13824,1437154766742,-6.9665284,6.683414,-0.33279404
13825,1437154766758,-6.979098,6.695385,-0.39444473
13826,1437154766780,-7.095815,6.695385,-0.44711718
13827,1437154766798,-7.2107368,6.6965823,-0.45549688
13828,1437154766820,-7.2113357,6.652888,-0.43873745
13829,1437154766840,-7.167641,6.591237,-0.42078096
13830,1437154766860,-7.199963,6.5726824,-0.42556936
13831,1437154766880,-7.140108,6.5523314,-0.39803603
13832,1437154766898,-7.123947,6.531382,-0.39205053
13833,1437154766921,-7.2191167,6.595427,-0.41060558
13834,1437154766941,-7.295731,6.642114,-0.40701428
13835,1437154766961,-7.290344,6.637924,-0.40880993
13836,1437154766981,-7.1502833,6.5840545,-0.36511576
13837,1437154766999,-7.125743,6.645705,-0.40402153
13838,1437154767019,-7.1568675,6.6786256,-0.3854665
13839,1437154767089,-7.0712748,6.6492968,-0.41838676
13840,1437154767090,-6.9587474,6.5882444,-0.41599256
13841,1437154767091,-7.053318,6.578069,-0.4429273
13842,1437154767101,-7.1742253,6.5882444,-0.44352585
13843,1437154767119,-7.138911,6.5032506,-0.4429273
13844,1437154767140,-7.191583,6.52001,-0.4381389
13845,1437154767158,-7.253234,6.555923,-0.49919105
13846,1437154767179,-7.2352777,6.575675,-0.43514615
13847,1437154767201,-7.1353197,6.63553,-0.49081135
13848,1437154767219,-7.1646485,6.666056,-0.492607
13849,1437154767240,-7.1245456,6.7384806,-0.53091425
13850,1437154767261,-7.04015,6.7265096,-0.5434838
13851,1437154767278,-6.9982514,6.739079,-0.5590461
13852,1437154767303,-7.0245876,6.7510505,-0.57520694
13853,1437154767321,-6.9958572,6.7444663,-0.58538234
13854,1437154767341,-6.9928646,6.7043633,-0.56982
13855,1437154767361,-6.9844847,6.649895,-0.56323594
13856,1437154767381,-7.055114,6.6349316,-0.5303157
13857,1437154767401,-7.097611,6.6067996,-0.5021838
13858,1437154767421,-7.169437,6.6564794,-0.49679685
13859,1437154767441,-7.1544733,6.6750345,-0.5303157
13860,1437154767461,-7.1107793,6.6905966,-0.5662287
13861,1437154767482,-7.1568675,6.739079,-0.57041854
13862,1437154767501,-7.079654,6.711546,-0.58538234
13863,1437154767521,-7.0395517,6.7199254,-0.5686229
13864,1437154767541,-7.050924,6.694188,-0.49799395
13865,1437154767561,-6.9844847,6.729502,-0.5398925
13866,1437154767581,-7.047931,6.777985,-0.54168814
13867,1437154767606,-6.991069,6.777985,-0.5793968
13868,1437154767625,-6.899491,6.7684083,-0.6003461
13869,1437154767641,-6.9330096,6.7767878,-0.6027403
13870,1437154767660,-6.976105,6.806117,-0.587178
13871,1437154767682,-6.8988924,6.7642183,-0.58657944
13872,1437154767700,-7.025785,6.818088,-0.6063316
13873,1437154767726,-7.026982,6.839037,-0.65421563
13874,1437154767788,-7.033566,6.797737,-0.56922144
13875,1437154767789,-6.9892735,6.775591,-0.59735334
13876,1437154767790,-6.959346,6.7241154,-0.5674258
13877,1437154767804,-6.95755,6.6804214,-0.57041854
13878,1437154767819,-6.9557543,6.6750345,-0.59017074
13879,1437154767843,-7.038953,6.7145386,-0.57879823
13880,1437154767860,-7.1107793,6.7761893,-0.5770026
13881,1437154767889,-7.1143703,6.8186865,-0.5590461
13882,1437154767900,-7.0844426,6.8444242,-0.5674258
13883,1437154767919,-7.0581064,6.8587894,-0.5069722
13884,1437154767945,-6.973711,6.82946,-0.51355624
13885,1437154767960,-6.8947024,6.7839704,-0.48123455
13886,1437154767982,-6.851607,6.7845693,-0.46267948
13887,1437154768019,-6.941389,6.791153,-0.47105917
13888,1437154768020,-6.8450227,6.7648168,-0.4758476
13889,1437154768040,-6.996456,6.7869635,-0.50876784
13890,1437154768059,-7.019799,6.770204,-0.52971715
13891,1437154768079,-7.109582,6.773795,-0.51475334
13892,1437154768099,-7.097611,6.7253127,-0.48482585
13893,1437154768122,-6.965331,6.6965823,-0.45070848
13894,1437154768142,-7.0012445,6.7067575,-0.44651863
13895,1437154768162,-7.0227923,6.7402763,-0.47524905
13896,1437154768181,-7.0347633,6.782175,-0.47225627
13897,1437154768202,-6.999449,6.791752,-0.48243165
13898,1437154768222,-6.9348054,6.8198833,-0.48722005
13899,1437154768241,-6.9461775,6.8486137,-0.49081135
13900,1437154768260,-6.8587894,6.8444242,-0.44951138
13901,1437154768282,-6.9988503,6.91625,-0.45729253
13902,1437154768302,-6.903681,6.879739,-0.43754035
13903,1437154768323,-6.885724,6.8767457,-0.3878607
13904,1437154768343,-6.933608,6.932411,-0.3705027
13905,1437154768362,-6.9000893,6.8707604,-0.3393781
13906,1437154768382,-6.8348475,6.8462195,-0.3453636
13907,1437154768401,-6.8462195,6.811504,-0.3238158
13908,1437154768421,-6.8893156,6.811504,-0.3465607
13909,1437154768449,-6.899491,6.777985,-0.3333926
13910,1437154768524,-6.9743094,6.767211,-0.320823
13911,1437154768525,-7.0251865,6.7330937,-0.31483752
13912,1437154768526,-7.074866,6.7450647,-0.30645782
13913,1437154768527,-7.0820484,6.7211227,-0.30765492
13914,1437154768540,-7.0347633,6.679823,-0.29927522
13915,1437154768564,-7.0383544,6.6804214,-0.29029694
13916,1437154768691,-7.029376,6.6959834,-0.33039984
13917,1437154768692,-7.037756,6.7265096,-0.39504328
13918,1437154768693,-7.1209545,6.761824,-0.40162733
13919,1437154768694,-7.041347,6.7342906,-0.43514615
13920,1437154768695,-7.0886326,6.7085533,-0.45130703
13921,1437154768696,-6.9784994,6.6522894,-0.42317516
13922,1437154768791,-7.013814,6.679224,-0.415394
13923,1437154768792,-7.100005,6.7342906,-0.43634325
13924,1437154768793,-7.0826473,6.7450647,-0.45070848
13925,1437154768794,-6.9928646,6.7318964,-0.45130703
13926,1437154768795,-6.96174,6.7648168,-0.4973954
13927,1437154768824,-6.9820905,6.803723,-0.5021838
13928,1437154768825,-6.963536,6.7845693,-0.4878186
13929,1437154768842,-6.8827314,6.779781,-0.47285482
13930,1437154768860,-7.043143,6.8121023,-0.53330845
13931,1437154768880,-7.016208,6.8049197,-0.51834464
13932,1437154768901,-7.028179,6.8198833,-0.5231331
13933,1437154768932,-6.999449,6.8132997,-0.52492875
13934,1437154768940,-7.0168066,6.7708025,-0.4973954
13935,1437154768960,-6.980295,6.770204,-0.49919105
13936,1437154768980,-7.018004,6.7684083,-0.50397944
13937,1437154769002,-7.057508,6.7947445,-0.49799395
13938,1437154769021,-7.071873,6.8144965,-0.4818331
13939,1437154769043,-7.015011,6.7719994,-0.46148238
13940,1437154769067,-6.9850836,6.766014,-0.43514615
13941,1437154769084,-6.997653,6.737882,-0.39324763
13942,1437154769101,-7.0168066,6.7426705,-0.3854665
13943,1437154769119,-6.963536,6.689998,-0.3393781
13944,1437154769139,-6.9371996,6.695385,-0.29269117
13945,1437154769160,-7.012018,6.719327,-0.31064767
13946,1437154769182,-7.0090256,6.7306995,-0.3345897
13947,1437154769202,-7.074866,6.739678,-0.35075054
13948,1437154769219,-7.083844,6.7863646,-0.3842694
13949,1437154769239,-7.117962,6.7827735,-0.37229836
13950,1437154769259,-7.0036387,6.7187285,-0.35254622
13951,1437154769281,-6.906075,6.6882024,-0.33039984
13952,1437154769300,-6.987478,6.7163343,-0.34596214
13953,1437154769320,-7.016208,6.7510505,-0.36511576
13954,1437154769341,-6.959346,6.7199254,-0.42437226
13955,1437154769360,-6.971317,6.742072,-0.45310268
13956,1437154769379,-7.0970125,6.7869635,-0.45908818
13957,1437154769402,-7.07726,6.70556,-0.47105917
13958,1437154769420,-6.9988503,6.67683,-0.41299978
13959,1437154769444,-7.102998,6.685808,-0.46387658
13960,1437154769460,-7.1425023,6.7133417,-0.43155485
13961,1437154769480,-7.0928226,6.691794,-0.46866497
13962,1437154769503,-7.0467343,6.704962,-0.47225627
13963,1437154769524,-7.035362,6.7013707,-0.48722005
13964,1437154769541,-7.0251865,6.707356,-0.50757074
13965,1437154769561,-7.028179,6.6959834,-0.4830302
13966,1437154769583,-7.061698,6.723517,-0.48482585
13967,1437154769603,-7.1047935,6.719327,-0.4794389
13968,1437154769624,-7.098808,6.7163343,-0.48243165
13969,1437154769644,-7.0946183,6.700772,-0.48722005
13970,1437154769664,-7.0467343,6.675633,-0.48003745
13971,1437154769686,-7.029975,6.621165,-0.46926352
13972,1437154769702,-7.0700774,6.621763,-0.45848963
13973,1437154769724,-7.117363,6.621763,-0.44771573
13974,1437154769743,-7.157466,6.6229606,-0.46088383
13975,1437154769763,-7.080253,6.633734,-0.47405192
13976,1437154769783,-7.1305313,6.6708446,-0.5189432
13977,1437154769804,-7.1820064,6.7205243,-0.5398925
13978,1437154769824,-7.1849995,6.703166,-0.58897364
13979,1437154769843,-7.076063,6.666056,-0.51355624
13980,1437154769864,-7.0090256,6.6522894,-0.46267948
13981,1437154769884,-7.065289,6.692991,-0.45489833
13982,1437154769904,-7.1275387,6.7145386,-0.4405331
13983,1437154769922,-7.023989,6.6971807,-0.47405192
13984,1437154769943,-6.989872,6.707356,-0.5033809
13985,1437154769962,-7.012018,6.754043,-0.51954174
13986,1437154770034,-7.0664864,6.75943,-0.4938041
13987,1437154770035,-6.9449806,6.6684504,-0.45429978
13988,1437154770036,-7.067683,6.704962,-0.45848963
13989,1437154770043,-7.0928226,6.715137,-0.48841715
13990,1437154770063,-7.0581064,6.681618,-0.43035775
13991,1437154770090,-7.050924,6.7109475,-0.49081135
13992,1437154770101,-7.0024414,6.719327,-0.46926352
13993,1437154770129,-7.00723,6.75943,-0.4914099
13994,1437154770143,-7.056311,6.7959414,-0.49559975
13995,1437154770167,-7.025785,6.8007298,-0.533907
13996,1437154770184,-6.975507,6.7905545,-0.545878
13997,1437154770201,-6.965331,6.8007298,-0.5530606
13998,1437154770223,-6.955156,6.806117,-0.557849
13999,1437154770243,-6.941389,6.782175,-0.52732295
14000,1437154770264,-6.941988,6.7606273,-0.52852005
14001,1437154770282,-6.941988,6.7725983,-0.52373165
14002,1437154770303,-7.0066314,6.7809777,-0.47524905
14003,1437154770324,-6.9844847,6.8557963,-0.5315128
14004,1437154770344,-6.9743094,6.885724,-0.5530606
14005,1437154770364,-6.7881603,6.8438253,-0.581791
14006,1437154770381,-6.9120603,6.8869214,-0.57041854
14007,1437154770403,-6.9228344,6.9120603,-0.6003461
14008,1437154770422,-6.913856,6.9342065,-0.59136784
14009,1437154770443,-6.8605847,6.885724,-0.5734113
14010,1437154770465,-6.8743515,6.9318123,-0.54527944
14011,1437154770482,-6.9120603,6.985682,-0.59376204
14012,1437154770504,-6.7749925,6.9318123,-0.54767364
14013,1437154770525,-6.716933,6.9545574,-0.57999533
14014,1437154770543,-6.679224,6.9826894,-0.56203884
14015,1437154770564,-6.7654157,6.939594,-0.56443304
14016,1437154770586,-6.615179,6.9132576,-0.52492875
14017,1437154770603,-6.6486983,6.9342065,-0.4770447
14018,1437154770625,-6.88752,6.9808936,-0.53809685
14019,1437154770669,-6.8288617,6.9850836,-0.55126494
14020,1437154770670,-6.855198,6.975507,-0.5710171
14021,1437154770689,-6.8653736,6.967127,-0.62608373
14022,1437154770764,-6.908469,6.9485717,-0.5105635
14023,1437154770765,-6.9048777,6.9144545,-0.5793968
14024,1437154770766,-6.818088,6.827066,-0.4973954
14025,1437154770767,-6.870162,6.870162,-0.48003745
14026,1437154770783,-6.9246297,6.853402,-0.5177461
14027,1437154770810,-6.9844847,6.8462195,-0.43514615
14028,1437154770822,-7.0503254,6.8689647,-0.4321534
14029,1437154770842,-7.0994067,6.9198413,-0.47465047
14030,1437154770876,-6.917447,6.8839283,-0.30526072
14031,1437154770883,-7.076063,6.9318123,-0.3393781
14032,1437154770903,-6.8689647,7.033566,-0.19393034
14033,1437154770923,-6.725911,6.8121023,-0.074220255
14034,1437154770945,-6.9946604,7.1233487,-0.029927522
14035,1437154770963,-6.435614,6.8839283,-0.08140286
14036,1437154770985,-6.661866,6.9892735,0.10235212
14037,1437154771002,-6.6271505,7.035362,-0.1340753
14038,1437154771024,-6.618172,6.995259,0.029927522
14039,1437154771045,-6.625953,7.03177,-0.035913024
14040,1437154771063,-6.647501,7.1023993,-0.110133275
14041,1437154771084,-6.642114,7.0724716,-0.17118542
14042,1437154771103,-6.645705,7.074866,-0.17238252
14043,1437154771123,-6.7091517,7.019799,-0.20949265
14044,1437154771143,-6.6882024,6.9731126,-0.24779987
14045,1437154771165,-6.785766,7.03177,-0.2825158
14046,1437154771185,-6.7199254,6.932411,-0.32561144
14047,1437154771203,-6.771401,6.962937,-0.3537433
14048,1437154771223,-6.8013287,6.9725137,-0.47465047
14049,1437154771245,-6.8025255,6.944382,-0.44532153
14050,1437154771263,-6.7983356,6.9725137,-0.5291186
14051,1437154771283,-6.9342065,6.9467764,-0.5315128
14052,1437154771305,-6.7648168,6.964134,-0.5506664
14053,1437154771323,-6.75943,6.911462,-0.62728083
14054,1437154771344,-6.7725983,6.9144545,-0.62488663
14055,1437154771363,-6.7588315,6.9342065,-0.6895301
14056,1437154771383,-6.811504,6.9647326,-0.75716627
14057,1437154771411,-6.897695,7.08564,-0.7667431
14058,1437154771469,-6.794146,6.9605427,-0.86729956
14059,1437154771470,-6.646304,6.941988,-0.7858967
14060,1437154771471,-6.9246297,6.9916677,-0.8379706
14061,1437154771492,-7.1047935,7.0221934,-0.8379706
14062,1437154771502,-6.815095,6.9222355,-0.7272388
14063,1437154771529,-6.5666966,6.7923503,-0.7356185
14064,1437154771544,-6.7205243,7.0126166,-0.777517
14065,1437154771564,-6.4505777,6.974908,-0.78050977
14066,1437154771588,-6.724714,7.0587053,-0.7146692
14067,1437154771603,-6.7330937,7.056311,-0.8194155
14068,1437154771625,-6.5840545,7.0275807,-0.7721301
14069,1437154771644,-6.6546836,7.0874357,-0.81522566
14070,1437154771677,-6.6283474,7.0449386,-0.93014735
14071,1437154771682,-6.7205243,7.1329255,-0.9283517
14072,1437154771702,-6.6391215,7.1484876,-1.067814
14073,1437154771723,-6.716933,7.2125325,-1.1210849
14074,1437154771743,-6.527791,7.1568675,-1.2144588
14075,1437154771763,-6.730101,7.2711906,-1.163582
14076,1437154771783,-6.6786256,7.3100963,-1.3198037
14077,1437154771812,-6.3584013,7.2286935,-1.3299791
14078,1437154771823,-6.18542,7.0874357,-1.3724761
14079,1437154771843,-6.14412,7.00304,-1.3790601
14080,1437154771862,-6.4086795,7.035362,-1.4311341
14081,1437154771883,-6.5966244,7.016208,-1.4610616
14082,1437154771904,-6.679823,6.9904704,-1.536479
14083,1437154771925,-6.688801,6.981492,-1.6460136
14084,1437154771944,-6.7241154,6.977901,-1.7525556
14085,1437154771965,-6.7241154,6.9904704,-1.8004397
14086,1437154771983,-6.7510505,6.9605427,-1.821389
14087,1437154772006,-6.779182,6.882133,-1.8171991
14088,1437154772023,-6.82946,6.857592,-1.7896658
14089,1437154772045,-6.8982935,6.867768,-1.7531542
14090,1437154772064,-7.00304,6.941389,-1.7088615
14091,1437154772086,-6.959346,6.976105,-1.6741456
14092,1437154772105,-6.818088,7.064092,-1.6298528
14093,1437154772125,-6.63553,7.0706763,-1.6304513
14094,1437154772149,-6.529587,7.1706343,-1.6041151
14095,1437154772194,-6.482301,7.2101383,-1.6214731
14096,1437154772195,-6.39192,7.235876,-1.6352397
14097,1437154772216,-6.3500214,7.1383123,-1.6543933
14098,1437154772223,-6.3566055,7.089231,-1.5849615
14099,1437154772244,-6.5361705,7.032369,-1.5999253
14100,1437154772263,-6.655282,7.006033,-1.6124948
14101,1437154772283,-6.8109055,6.925827,-1.6424223
14102,1437154772303,-6.821679,6.8731546,-1.6783354
14103,1437154772324,-6.8504095,6.853402,-1.7184383
14104,1437154772345,-6.940192,6.8958993,-1.7447745
14105,1437154772364,-6.884527,6.915053,-1.7495629
14106,1437154772384,-6.9689226,6.9360023,-1.7513585
14107,1437154772403,-6.989872,7.0407486,-1.7788919
14108,1437154772424,-6.9767036,7.0646906,-1.7286136
14109,1437154772444,-6.8103065,7.0730705,-1.7154455
14110,1437154772464,-6.6654577,7.025785,-1.6627731
14111,1437154772486,-6.5577183,6.988076,-1.5783775
14112,1437154772506,-6.5146227,6.9623384,-1.5394717
14113,1437154772524,-6.5259953,6.9599442,-1.4580688
14114,1437154772544,-6.603807,6.9366007,-1.4437037
14115,1437154772567,-6.597821,6.9210386,-1.4443022
14116,1437154772584,-6.643311,6.941988,-1.4263457
14117,1437154772606,-6.7121444,6.9342065,-1.4939818
14118,1437154772631,-6.75524,6.956353,-1.5077485
14119,1437154772644,-6.752846,6.919243,-1.5358804
14120,1437154772667,-6.766014,6.8863225,-1.520318
14121,1437154772684,-6.8025255,6.9264255,-1.4957775
14122,1437154772707,-6.8228765,6.927024,-1.5448587
14123,1437154772723,-6.619369,6.8785415,-1.5239093
14124,1437154772744,-6.7013707,6.951565,-1.5382746
14125,1437154772765,-6.803723,7.0383544,-1.5406688
14126,1437154772785,-6.771401,7.0461354,-1.489792
14127,1437154772807,-6.6893997,7.035362,-1.4891934
14128,1437154772825,-6.7109475,7.1191587,-1.4760253
14129,1437154772846,-6.700772,7.1023993,-1.4933833
14130,1437154772865,-6.681618,7.0126166,-1.4502877
14131,1437154772892,-6.6247563,6.9228344,-1.4371196
14132,1437154772956,-6.4140663,6.9647326,-1.5215151
14133,1437154772957,-5.865794,7.2741833,-1.8956091
14134,1437154772958,-5.489306,7.8649526,-2.3241713
14135,1437154772970,-5.6185927,8.359954,-2.472612
14136,1437154772984,-6.2099605,8.213907,-2.2451627
14137,1437154773008,-6.654085,7.755418,-1.5125369
14138,1437154773024,-6.779182,7.2987237,-1.2401965
14139,1437154773045,-6.7971387,6.9288197,-0.97862995
14140,1437154773064,-6.9743094,6.605004,-0.66858083
14141,1437154773085,-7.101202,6.3907228,-0.54168814
14142,1437154773105,-7.1089835,6.217143,-0.45669398
14143,1437154773126,-7.0341644,6.2632318,-0.5686229
14144,1437154773146,-7.1311297,6.307524,-0.80684596
14145,1437154773166,-7.1227503,6.389526,-0.84814596
14146,1437154773188,-7.1425023,6.465542,-0.98820674
14147,1437154773206,-7.117962,6.577471,-1.0869676
14148,1437154773227,-7.2083426,6.6325374,-1.0498575
14149,1437154773249,-7.195773,6.7486563,-1.0947487
14150,1437154773266,-7.1155677,6.818088,-1.0995371
14151,1437154773285,-7.037756,6.851008,-1.0319009
14152,1437154773308,-6.8330517,6.75524,-0.9020155
14153,1437154773326,-6.865972,6.7091517,-0.7356185
14154,1437154773352,-6.9767036,6.71813,-0.5967548
14155,1437154773365,-7.057508,6.7785835,-0.5117606
14156,1437154773386,-6.995259,6.7606273,-0.41299978
14157,1437154773408,-7.0048356,6.8545995,-0.37229836
14158,1437154773428,-6.9581485,6.930017,-0.40940848
14159,1437154773448,-6.825869,7.0048356,-0.43993455
14160,1437154773465,-6.661866,7.061698,-0.41060558
14161,1437154773498,-6.5427547,7.1065893,-0.38965634
14162,1437154773505,-6.579266,7.193379,-0.36631286
14163,1437154773524,-6.5008564,7.2885485,-0.374094
14164,1437154773544,-6.3829417,7.350199,-0.3393781
14165,1437154773564,-6.3380504,7.3448124,-0.2669535
14166,1437154773585,-6.3422403,7.326257,-0.23762453
14167,1437154773604,-6.299743,7.180211,-0.11791443
14168,1437154773668,-6.31351,7.0706763,-0.017357962
14169,1437154773669,-6.519411,6.988076,0.050278235
14170,1437154773670,-6.700772,6.955156,0.059855044
14171,1437154773688,-6.95755,6.779182,0.16460137
14172,1437154773704,-7.0587053,6.51582,0.39085343
14173,1437154773725,-7.0503254,6.3901243,0.3842694
14174,1437154773752,-7.2544312,6.4392056,0.32142156
14175,1437154773764,-7.216124,6.3739634,0.25318682
14176,1437154773802,-7.2304893,6.4697313,0.19931729
14177,1437154773804,-7.4429746,6.6852098,0.012569559
14178,1437154773858,-7.275979,6.7426705,-0.12270284
14179,1437154773859,-7.0341644,6.595427,-0.13826515
14180,1437154773865,-6.9012866,6.603208,-0.14305355
14181,1437154773885,-6.903681,6.491878,-0.21188685
14182,1437154773909,-7.1395097,6.493075,-0.2208651
14183,1437154773925,-7.436989,6.467337,-0.3357868
14184,1437154773948,-7.3819222,6.55712,-0.581791
14185,1437154773969,-7.0407486,6.7384806,-0.9091981
14186,1437154773988,-6.8240733,6.896498,-1.0366893
14187,1437154774008,-7.03177,7.1287355,-0.97264445
14188,1437154774029,-7.0862384,7.253833,-1.0390835
14189,1437154774047,-6.746262,7.2939353,-1.0534488
14190,1437154774068,-6.461352,7.2699933,-0.96306765
14191,1437154774087,-6.4685345,7.404069,-0.8912416
14192,1437154774108,-6.3206925,7.513005,-0.9708488
14193,1437154774129,-6.135142,7.6249337,-0.9008184
14194,1437154774147,-6.2105594,7.6470804,-0.7469909
14195,1437154774170,-6.2165446,7.5890207,-0.6368576
14196,1437154774187,-6.0627174,7.491457,-0.47345337
14197,1437154774205,-6.1100025,7.40347,-0.39983168
14198,1437154774226,-6.1477113,7.3083005,-0.32621
14199,1437154774245,-6.1477113,7.1604586,-0.21547815
14200,1437154774272,-6.417658,7.141904,-0.04129998
14201,1437154774290,-6.8204823,7.141904,0.03232172
14202,1437154774311,-6.603208,7.0545154,-0.031124622
14203,1437154774329,-6.549339,6.991069,-0.1376666
14204,1437154774345,-6.727108,7.0545154,-0.25019407
14205,1437154774366,-6.964134,7.211934,-0.30047232
14206,1437154774385,-7.028179,7.309498,-0.28491
14207,1437154774408,-6.6983776,7.265804,-0.24660277
14208,1437154774428,-6.485294,7.295731,-0.21667525
14209,1437154774500,-6.4140663,7.294534,-0.24480712
14210,1437154774501,-6.2219315,7.2221093,-0.22625206
14211,1437154774502,-6.435614,7.378331,-0.13946225
14212,1437154774509,-6.703166,7.307702,-0.18914193
14213,1437154774530,-6.353613,7.16824,-0.16160862
14214,1437154774551,-6.425439,6.9677253,0.048482586
14215,1437154774565,-6.411672,6.8605847,0.18016368
14216,1437154774587,-6.5122285,6.8988924,0.24361002
14217,1437154774606,-6.719327,7.04434,0.25438392
14218,1437154774628,-6.633136,7.1425023,0.025139118
14219,1437154774647,-6.367978,7.100005,-0.13706805
14220,1437154774667,-6.463746,7.1526775,-0.2789245
14221,1437154774691,-6.729502,7.1592617,-0.39983168
14222,1437154774708,-6.7731967,7.189788,-0.37349546
14223,1437154774729,-6.915652,7.2370734,-0.41359833
14224,1437154774749,-6.699575,7.2059484,-0.5255273
14225,1437154774769,-6.564901,7.20116,-0.43634325
14226,1437154774790,-6.5858502,7.197569,-0.44472298
14227,1437154774809,-6.551733,7.213131,-0.45429978
14228,1437154774829,-6.5864487,7.2508397,-0.516549
14229,1437154774849,-6.5379663,7.2304893,-0.50517654
14230,1437154774869,-6.5487404,7.2628107,-0.46327803
14231,1437154774892,-6.534375,7.294534,-0.44532153
14232,1437154774906,-6.4882865,7.2699933,-0.40102878
14233,1437154774929,-6.4487824,7.247847,-0.31004912
14234,1437154774950,-6.349423,7.216124,-0.3184288
14235,1437154774969,-6.3697734,7.229292,-0.2861071
14236,1437154774989,-6.4350157,7.315483,-0.3752911
14237,1437154775009,-6.513426,7.453748,-0.46686932
14238,1437154775028,-6.3105173,7.5112095,-0.5943606
14239,1437154775049,-6.190807,7.5824366,-0.6159084
14240,1437154775067,-6.2327056,7.627927,-0.6488287
14241,1437154775090,-6.1112,7.7637978,-0.6619968
14242,1437154775110,-5.9346275,7.6680293,-0.6476316
14243,1437154775130,-5.9867015,7.543531,-0.6039374
14244,1437154775150,-5.8304796,7.5495167,-0.5847838
14245,1437154775169,-5.6042275,7.5770497,-0.5422867
14246,1437154775230,-5.331289,7.6668324,-0.7374141
14247,1437154775231,-5.831078,7.6488757,-1.1683705
14248,1437154775232,-6.476914,7.499837,-1.0253168
14249,1437154775246,-5.9597664,7.2969284,-1.2036849
14250,1437154775266,-5.943606,7.128137,-1.3844471
14251,1437154775288,-6.8947024,7.0227923,-1.6747441
14252,1437154775306,-7.773973,7.0545154,-1.4766239
14253,1437154775326,-7.514202,6.9330096,-1.42455
14254,1437154775346,-6.9605427,6.795343,-1.3138182
14255,1437154775368,-6.904279,6.7145386,-1.2276269
14256,1437154775387,-7.035362,6.7426705,-1.2587515
14257,1437154775407,-7.2089415,6.8007298,-1.1785458
14258,1437154775429,-7.055114,6.845621,-1.1941081
14259,1437154775459,-6.8001313,6.8103065,-1.3006501
14260,1437154775466,-6.6522894,6.728904,-1.3120226
14261,1437154775486,-6.706159,6.7360864,-1.2635399
14262,1437154775508,-6.9240313,6.785766,-1.3634979
14263,1437154775526,-6.9342065,6.6588736,-1.3652935
14264,1437154775546,-6.921637,6.6205664,-1.3796587
14265,1437154775566,-6.963536,6.6109896,-1.407192
14266,1437154775586,-6.95336,6.6307416,-1.436521
14267,1437154775606,-7.092224,6.643311,-1.4443022
14268,1437154775626,-7.150882,6.703166,-1.4933833
14269,1437154775645,-7.3627687,6.839037,-1.453879
14270,1437154775665,-7.335834,6.92044,-1.4030021
14271,1437154775685,-6.9425864,6.8288617,-1.4413095
14272,1437154775707,-6.704962,6.754043,-1.4089876
14273,1437154775727,-6.715137,6.8085113,-1.5053543
14274,1437154775749,-6.691794,6.785766,-1.5412674
14275,1437154775769,-6.7372837,6.7845693,-1.520318
14276,1437154775789,-6.884527,6.803124,-1.5167267
14277,1437154775809,-6.7384806,6.7785835,-1.6047137
14278,1437154775830,-6.601413,6.7642183,-1.7244238
14279,1437154775848,-6.821679,6.793547,-1.7399861
14280,1437154775866,-6.9407907,6.867169,-1.8357542
14281,1437154775892,-6.927623,6.88752,-1.8243817
14282,1437154775930,-6.927024,6.8982935,-1.7938557
14283,1437154775931,-6.7690067,6.9048777,-1.7998412
14284,1437154775948,-6.588843,6.867169,-1.882441
14285,1437154775968,-6.633734,6.8893156,-1.9686323
14286,1437154775987,-6.773795,6.904279,-1.9363106
14287,1437154776008,-6.7612257,6.909666,-1.8130093
14288,1437154776028,-6.5625067,6.6804214,-1.8154035
14289,1437154776047,-6.625953,6.695385,-1.8716671
14290,1437154776066,-6.815694,6.6415157,-1.9620483
14291,1437154776090,-6.673837,6.59004,-1.9506758
14292,1437154776108,-6.725911,6.616975,-1.9165585
14293,1437154776131,-6.685808,6.389526,-2.1200657
14294,1437154776151,-7.0251865,6.616975,-2.331354
14295,1437154776171,-7.635708,6.7929487,-2.3888147
14296,1437154776191,-7.503428,7.045537,-2.1511903
14297,1437154776211,-7.180211,6.8767457,-1.9746178
14298,1437154776230,-6.3584013,6.491279,-1.91596
14299,1437154776251,-6.0902505,6.2345014,-1.9093759
14300,1437154776269,-6.8504095,6.5110316,-1.9303252
14301,1437154776288,-7.3591776,7.0012445,-1.9818004
14302,1437154776311,-7.128137,7.0287776,-2.086547
14303,1437154776330,-6.6109896,6.84203,-2.043451
14304,1437154776351,-6.7229185,6.743868,-2.0973208
14305,1437154776371,-6.7043633,6.8109055,-2.058415
14306,1437154776391,-6.827066,6.906075,-2.0811598
14307,1437154776411,-6.825869,6.9330096,-2.1505916
14308,1437154776430,-6.731298,6.8743515,-2.119467
14309,1437154776450,-6.717531,6.857592,-2.130241
14310,1437154776466,-6.67683,6.908469,-2.1392193
14311,1437154776487,-6.8438253,6.9784994,-2.1086931
14312,1437154776509,-6.8887167,7.0305734,-2.135628
14313,1437154776528,-6.711546,7.0347633,-2.2002714
14314,1437154776551,-6.5960255,7.2227077,-2.2391772
14315,1437154776592,-6.4260373,7.181408,-2.2625206
14316,1437154776593,-6.290765,7.1185603,-2.2098482
14317,1437154776616,-6.407482,7.0012445,-2.1440077
14318,1437154776632,-6.489484,6.9288197,-2.119467
14319,1437154776649,-6.591836,6.82946,-2.0021513
14320,1437154776668,-6.683414,6.7570357,-1.9141643
14321,1437154776708,-6.5265937,6.633136,-1.8579005
14322,1437154776709,-6.6522894,6.6486983,-1.8189948
14323,1437154776731,-6.775591,6.6959834,-1.894412
14324,1437154776748,-6.83784,6.8929067,-1.9973627
14325,1437154776769,-6.82946,6.937798,-2.0590134
14326,1437154776791,-6.606201,6.987478,-2.0697873
14327,1437154776808,-6.542156,6.9946604,-2.0614076
14328,1437154776832,-6.51582,7.0664864,-2.0488381
14329,1437154776850,-6.4858923,7.0886326,-2.0374656
14330,1437154776870,-6.517616,7.123947,-2.0003555
14331,1437154776891,-6.4565635,7.0820484,-1.965041
14332,1437154776911,-6.3745623,7.041946,-1.9710265
14333,1437154776931,-6.338649,6.9425864,-1.9243397
14334,1437154776950,-6.5086374,7.0593038,-1.9434932
14335,1437154776971,-6.616975,7.1155677,-1.8579005
14336,1437154776990,-6.488885,7.0706763,-1.8848352
14337,1437154777010,-6.259042,6.938995,-1.9967642
14338,1437154777031,-6.4368114,6.9719152,-1.9339164
14339,1437154777051,-6.736685,7.165247,-1.9033904
14340,1437154777071,-6.694188,7.067085,-1.8543092
14341,1437154777091,-6.505645,6.9719152,-1.8243817
14342,1437154777110,-6.4505777,6.947375,-1.9632454
14343,1437154777130,-6.5349736,7.089231,-2.0626047
14344,1437154777150,-6.6403184,7.107786,-2.0667946
14345,1437154777171,-6.59423,7.1712327,-1.9303252
14346,1437154777191,-6.5008564,6.988076,-1.804031
14347,1437154777211,-6.4182563,6.8103065,-1.7040731
14348,1437154777228,-6.5068417,6.697779,-1.6711528
14349,1437154777261,-6.5325794,6.755839,-1.7369933
14350,1437154777314,-6.6654577,6.9288197,-1.8596961
14351,1437154777325,-6.71394,7.132327,-2.007538
14352,1437154777327,-6.7241154,7.2807674,-2.119467
14353,1437154777328,-6.5565214,7.2963295,-2.1057005
14354,1437154777348,-6.351817,7.339425,-2.1080947
14355,1437154777370,-6.2566476,7.367557,-2.1134815
14356,1437154777388,-6.165668,7.462128,-2.0883424
14357,1437154777409,-6.089652,7.463325,-2.1051018
14358,1437154777442,-6.1303535,7.4561424,-2.0751743
14359,1437154777449,-6.2285156,7.419631,-2.046444
14360,1437154777474,-6.206968,7.325659,-2.0015526
14361,1437154777489,-6.10701,7.229292,-1.95307
14362,1437154777512,-6.199785,7.2101383,-1.9434932
14363,1437154777531,-6.3272767,7.195773,-1.9045875
14364,1437154777551,-6.314707,7.101801,-1.8339585
14365,1437154777570,-6.269816,7.0383544,-1.8662802
14366,1437154777591,-6.3464303,7.065289,-1.8249803
14367,1437154777609,-6.4817023,7.165247,-1.87047
14368,1437154777631,-6.5511346,7.2664022,-1.8872294
14369,1437154777652,-6.531981,7.2610154,-1.9027919
14370,1437154777671,-6.408081,7.1832037,-1.8686744
14371,1437154777691,-6.2901664,7.133524,-1.8806454
14372,1437154777711,-6.2985463,7.1580644,-1.887828
14373,1437154777732,-6.4086795,7.2460513,-1.9141643
14374,1437154777752,-6.3589997,7.235876,-1.9153614
14375,1437154777772,-6.235698,7.204153,-1.8806454
14376,1437154777792,-6.2740054,7.2083426,-1.9141643
14377,1437154777812,-6.3129115,7.191583,-1.922544
14378,1437154777832,-6.4248405,7.192182,-1.9578584
14379,1437154777853,-6.5032506,7.1987658,-1.9590555
14380,1437154777872,-6.5032506,7.1808095,-1.9440918
14381,1437154777892,-6.579865,7.1688385,-1.8866309
14382,1437154777912,-6.4709287,7.1287355,-1.8549078
14383,1437154777932,-6.4709287,7.165846,-1.8698715
14384,1437154777950,-6.5379663,7.181408,-1.863886
14385,1437154777979,-6.479308,7.169437,-1.8662802
14386,1437154778035,-6.455366,7.1263413,-1.8561049
14387,1437154778036,-6.373365,7.1059904,-1.8088194
14388,1437154778037,-6.409278,7.1353197,-1.8034325
14389,1437154778054,-6.361394,7.088034,-1.7980455
14390,1437154778069,-6.4481835,7.0820484,-1.8130093
14391,1437154778089,-6.5110316,7.0808516,-1.8112136
14392,1437154778109,-6.475717,7.0221934,-1.7298107
14393,1437154778131,-6.5128274,7.0610995,-1.7531542
14394,1437154778151,-6.5643024,7.073669,-1.7304093
14395,1437154778170,-6.601413,7.1006036,-1.7543513
14396,1437154778192,-6.5367694,7.0808516,-1.7579426
14397,1437154778212,-6.501455,7.0587053,-1.7280151
14398,1437154778229,-6.451775,7.0904284,-1.7729063
14399,1437154778249,-6.485294,7.117363,-1.7597382
14400,1437154778272,-6.4751186,7.135918,-1.7782934
14401,1437154778293,-6.487688,7.1311297,-1.7675194
14402,1437154778312,-6.4667387,7.1059904,-1.7495629
14403,1437154778332,-6.4326215,7.0622964,-1.7465701
14404,1437154778352,-6.5152216,7.091027,-1.7585411
14405,1437154778371,-6.5984197,7.101202,-1.7513585
14406,1437154778392,-6.4667387,7.050924,-1.7495629
14407,1437154778412,-6.618172,7.076063,-1.763928
14408,1437154778433,-6.6427126,7.0527196,-1.7770962
14409,1437154778450,-6.666056,7.0467343,-1.7429788
14410,1437154778469,-6.6828156,6.9958572,-1.6921021
14411,1437154778491,-6.655881,7.0036387,-1.6531962
14412,1437154778510,-6.6923923,7.03177,-1.6448165
14413,1437154778530,-6.640917,7.053917,-1.5885528
14414,1437154778553,-6.553529,7.029376,-1.632247
14415,1437154778575,-6.50744,7.0156097,-1.6112977
14416,1437154778594,-6.533178,7.0156097,-1.6077064
14417,1437154778610,-6.5840545,7.017405,-1.5933412
14418,1437154778632,-6.525397,6.9767036,-1.5699978
14419,1437154778805,-6.637924,7.005434,-1.578976
14420,1437154778829,-6.7426705,7.057508,-1.6071079
14421,1437154778830,-6.663662,7.023391,-1.5472529
14422,1437154778831,-6.619369,7.0245876,-1.525705
14423,1437154778832,-6.6445084,7.0126166,-1.46585
14424,1437154778833,-6.5960255,7.0587053,-1.4586674
14425,1437154778834,-6.5230026,7.0341644,-1.4850036
14426,1437154778835,-6.522404,7.0407486,-1.4670471
14427,1437154778836,-6.5499372,7.0587053,-1.5161282
14428,1437154778837,-6.5547256,7.0946183,-1.4784195
14429,1437154778883,-6.585252,7.1191587,-1.4850036
14430,1437154778884,-6.5924344,7.1263413,-1.5406688
14431,1437154778898,-6.5128274,7.077859,-1.54845
14432,1437154778936,-6.531382,7.041347,-1.5191209
14433,1437154778937,-6.549339,7.0688806,-1.5095441
14434,1437154778949,-6.67683,7.055114,-1.5388732
14435,1437154778970,-6.5744777,7.0263834,-1.5131354
14436,1437154778990,-6.6385226,7.0754647,-1.5717934
14437,1437154779012,-6.651691,7.1167645,-1.6172832
14438,1437154779033,-6.6959834,7.1568675,-1.6238673
14439,1437154779053,-6.6175733,7.1023993,-1.5813702
14440,1437154779074,-6.4739213,7.1006036,-1.5233108
14441,1437154779094,-6.5828576,7.1131735,-1.5041572
14442,1437154779113,-6.5696893,7.1209545,-1.4790181
14443,1437154779133,-6.4840965,7.077859,-1.4820108
14444,1437154779153,-6.4661403,7.0982094,-1.4945804
14445,1437154779172,-6.4805055,7.091027,-1.5077485
14446,1437154779190,-6.540959,7.0742674,-1.5077485
14447,1437154779213,-6.473323,7.0245876,-1.5047557
14448,1437154779229,-6.6283474,7.067085,-1.5304934
14449,1437154779253,-6.6971807,7.0634937,-1.5634137
14450,1437154779272,-6.652888,7.0287776,-1.525705
14451,1437154779291,-6.649895,7.0461354,-1.5711949
14452,1437154779312,-6.7043633,7.0545154,-1.5741876
14453,1437154779333,-6.779781,7.0622964,-1.5610195
14454,1437154779353,-6.5619082,6.95336,-1.5131354
14455,1437154779373,-6.703166,6.9743094,-1.5717934
14456,1437154779393,-6.6564794,6.9844847,-1.567005
14457,1437154779410,-6.485294,6.8186865,-1.4885949
14458,1437154779432,-6.666056,7.006033,-1.4700398
14459,1437154779452,-6.7199254,6.9743094,-1.5275006
14460,1437154779470,-6.4499793,6.9461775,-1.4053963
14461,1437154779491,-6.6445084,6.956353,-1.5448587
14462,1437154779518,-6.940192,7.241263,-1.6142905
14463,1437154779537,-6.4416,6.919243,-1.5209166
14464,1437154779559,-6.6786256,7.0221934,-1.4760253
14465,1437154779569,-6.583456,7.064092,-1.7310078
14466,1437154779589,-6.591836,7.0610995,-1.5999253
14467,1437154779609,-6.757634,7.2783732,-1.8471266
14468,1437154779630,-6.685808,7.023391,-1.7699136
14469,1437154779649,-6.534375,6.8366427,-1.483208
14470,1437154779672,-6.5607114,6.8947024,-1.690905
14471,1437154779690,-6.7773867,7.052121,-1.5580268
14472,1437154779723,-6.770204,7.03596,-1.543063
14473,1437154779730,-6.6534867,7.0168066,-1.6448165
14474,1437154779751,-6.5786676,6.9288197,-1.5640123
14475,1437154779770,-6.601413,7.062895,-1.5801731
14476,1437154779790,-6.704962,7.019201,-1.6627731
14477,1437154779810,-6.5966244,7.0365586,-1.5741876
14478,1437154779830,-6.7306995,7.019201,-1.6567876
14479,1437154779850,-6.815694,7.086837,-1.6753427
14480,1437154779870,-6.6085954,6.88333,-1.6101006
14481,1437154779890,-6.670246,7.00723,-1.5861586
14482,1437154779911,-6.728904,7.0491285,-1.5993267
14483,1437154779930,-6.479907,6.8767457,-1.532289
14484,1437154779953,-6.7534447,7.050924,-1.5113398
14485,1437154779975,-6.669049,6.951565,-1.5442601
14486,1437154779994,-6.5403605,6.974908,-1.4556746
14487,1437154780014,-6.7318964,6.9850836,-1.5340848
14488,1437154780032,-6.6534867,7.038953,-1.4862007
14489,1437154780051,-6.6026096,7.0706763,-1.5340848
14490,1437154780072,-6.619968,7.0587053,-1.555034
14491,1437154780095,-6.5511346,7.038953,-1.4885949
14492,1437154780116,-6.491878,7.0090256,-1.5346833
14493,1437154780131,-6.570288,6.9928646,-1.4706384
14494,1437154780156,-6.7103486,7.049727,-1.4682442
14495,1437154780232,-6.6546836,6.981492,-1.4682442
14496,1437154780233,-6.642114,7.0126166,-1.4718355
14497,1437154780234,-6.7450647,7.0634937,-1.5280992
14498,1437154780235,-6.7546415,7.0982094,-1.5328877
14499,1437154780252,-6.6923923,7.0527196,-1.4556746
14500,1437154780274,-6.535572,7.007828,-1.4317327
14501,1437154780291,-6.5349736,7.0569096,-1.4449008
14502,1437154780311,-6.559514,7.061698,-1.4389153
14503,1437154780339,-6.519411,7.045537,-1.4275428
14504,1437154780353,-6.493075,7.079654,-1.4329298
14505,1437154780373,-6.5188127,7.1586633,-1.4760253
14506,1437154780392,-6.5086374,7.1993647,-1.5352819
14507,1437154780413,-6.3979053,7.1784153,-1.5370775
14508,1437154780433,-6.476914,7.2203135,-1.6101006
14509,1437154780452,-6.5643024,7.2646065,-1.6220716
14510,1437154780474,-6.51163,7.1939774,-1.5400703
14511,1437154780494,-6.50744,7.179612,-1.5286977
14512,1437154780513,-6.499659,7.135918,-1.4580688
14513,1437154780532,-6.4601545,7.0970125,-1.4496891
14514,1437154780554,-6.443395,7.1065893,-1.4490906
14515,1437154780574,-6.487688,7.08564,-1.46585
14516,1437154780594,-6.5325794,7.0850415,-1.4568717
14517,1437154780615,-6.591836,7.1065893,-1.4670471
14518,1437154780631,-6.6750345,7.1347213,-1.4616601
14519,1437154780688,-6.6546836,7.153875,-1.4718355
14520,1437154780689,-6.570288,7.0832458,-1.4688427
14521,1437154780691,-6.5666966,7.062895,-1.4826094
14522,1437154780713,-6.5445504,7.0664864,-1.4748282
14523,1437154780735,-6.606201,7.055712,-1.4389153
14524,1437154780754,-6.5696893,6.992266,-1.429937
14525,1437154780774,-6.5864487,6.9844847,-1.4095862
14526,1437154780794,-6.571485,6.9731126,-1.4401124
14527,1437154780813,-6.691195,7.0126166,-1.496376
14528,1437154780832,-6.741473,7.043143,-1.5197195
14529,1437154780853,-6.7211227,7.0383544,-1.483208
14530,1437154780872,-6.569091,6.997653,-1.4347254
14531,1437154780946,-6.5098343,7.0209966,-1.4131776
14532,1437154780960,-6.5846534,7.0946183,-1.4341269
14533,1437154780961,-6.5762734,7.117363,-1.4664485
14534,1437154780962,-6.505645,7.129933,-1.5011644
14535,1437154780971,-6.4960675,7.203554,-1.5280992
14536,1437154780992,-6.5643024,7.2753806,-1.5897499
14537,1437154781013,-6.483498,7.244256,-1.572392
14538,1437154781031,-6.403891,7.225701,-1.5640123
14539,1437154781052,-6.5164185,7.2490444,-1.5993267
14540,1437154781073,-6.578069,7.257424,-1.5490485
14541,1437154781094,-6.510433,7.2065473,-1.543063
14542,1437154781114,-6.491878,7.1963716,-1.5310919
14543,1437154781152,-6.5026517,7.1550717,-1.4957775
14544,1437154781153,-6.509236,7.123947,-1.5304934
14545,1437154781173,-6.5858502,7.0820484,-1.496376
14546,1437154781237,-6.6002154,7.059902,-1.4766239
14547,1437154781238,-6.6307416,7.020398,-1.453879
14548,1437154781258,-6.63553,7.0012445,-1.4574703
14549,1437154781259,-6.681618,6.997653,-1.4706384
14550,1437154781272,-6.703765,6.9862804,-1.4449008
14551,1437154781293,-6.7444663,6.992266,-1.4431051
14552,1437154781313,-6.7522473,7.0126166,-1.407192
14553,1437154781339,-6.7612257,7.0036387,-1.4149733
14554,1437154781352,-6.7666125,6.986879,-1.4077905
14555,1437154781376,-6.747459,6.9647326,-1.3808558
14556,1437154781393,-6.716933,6.9449806,-1.3820529
14557,1437154781414,-6.6492968,6.9425864,-1.400608
14558,1437154781434,-6.7684083,6.995259,-1.3838485
14559,1437154781456,-6.7205243,7.009624,-1.407192
14560,1437154781474,-6.7749925,6.995259,-1.3664906
14561,1437154781493,-6.655881,6.956353,-1.3227965
14562,1437154781513,-6.694188,6.9425864,-1.2802993
14563,1437154781532,-6.701969,6.977302,-1.2737153
14564,1437154781552,-6.7187285,6.9383965,-1.2384008
14565,1437154781581,-6.740875,6.943185,-1.2557588
14566,1437154781598,-6.7588315,6.9288197,-1.2707225
14567,1437154781612,-6.8683662,6.939594,-1.2886791
14568,1437154781634,-6.91625,6.91625,-1.3347675
14569,1437154781719,-6.733692,6.9826894,-1.3401544
14570,1437154781720,-6.7510505,7.092224,-1.4047978
14571,1437154781721,-6.6564794,7.128137,-1.3347675
14572,1437154781722,-6.567894,7.1466923,-1.2916719
14573,1437154781732,-6.5511346,7.137714,-1.2066777
14574,1437154781761,-6.5750766,7.1670427,-1.1360487
14575,1437154781773,-6.4781113,7.1526775,-1.1097125
14576,1437154781792,-6.4805055,7.177817,-1.0510546
14577,1437154781813,-6.513426,7.1832037,-1.0067618
14578,1437154781833,-6.517616,7.1712327,-0.95947635
14579,1437154781858,-6.4745197,7.114969,-0.9271546
14580,1437154781876,-6.4960675,7.105392,-0.90021986
14581,1437154781893,-6.5469446,7.076063,-0.85473
14582,1437154781916,-6.5565214,7.0622964,-0.83856916
14583,1437154781938,-6.579266,7.041946,-0.84455466
14584,1437154781953,-6.601413,7.061698,-0.82599956
14585,1437154781975,-6.5846534,7.0730705,-0.8451532
14586,1437154781993,-6.5924344,7.113772,-0.8984242
14587,1437154782014,-6.5487404,7.123947,-0.88645315
14588,1437154782036,-6.591836,7.1951747,-0.9576807
14589,1437154782056,-6.6067996,7.2388687,-0.9768343
14590,1437154782073,-6.5445504,7.2741833,-0.9804256
14591,1437154782094,-6.5487404,7.291541,-0.91697925
14592,1437154782114,-6.4032927,7.342418,-0.92775315
14593,1437154782133,-6.3272767,7.343615,-0.9044097
14594,1437154782156,-6.362591,7.367557,-0.8595184
14595,1437154782177,-6.30513,7.3627687,-0.8972271
14596,1437154782194,-6.291962,7.32506,-0.878672
14597,1437154782216,-6.362591,7.340024,-0.89423436
14598,1437154782234,-6.407482,7.351396,-0.90141696
14599,1437154782253,-6.3362546,7.270592,-0.8798691
14600,1437154782275,-6.4589577,7.2753806,-0.90740246
14601,1437154782293,-6.6002154,7.2993226,-0.95349085
14602,1437154782316,-6.559514,7.2065473,-0.8900445
14603,1437154782333,-6.5367694,7.165247,-0.8858546
14604,1437154782354,-6.6486983,7.1742253,-0.87208796
14605,1437154782385,-6.652888,7.1544733,-0.8583213
14606,1437154782447,-6.689998,7.1251445,-0.8319851
14607,1437154782460,-6.7121444,7.1251445,-0.83856916
14608,1437154782461,-6.6852098,7.117962,-0.82480246
14609,1437154782462,-6.63972,7.105392,-0.8194155
14610,1437154782473,-6.5936313,7.0928226,-0.8026561
14611,1437154782494,-6.5750766,7.1023993,-0.81043726
14612,1437154782515,-6.637924,7.1071877,-0.80445176
14613,1437154782533,-6.591836,7.1167645,-0.7906851
14614,1437154782554,-6.6026096,7.111976,-0.7649474
14615,1437154782574,-6.6241574,7.120356,-0.75836337
14616,1437154782596,-6.6546836,7.0982094,-0.7248446
14617,1437154782613,-6.578069,7.0622964,-0.7368156
14618,1437154782638,-6.6247563,7.0832458,-0.7428011
14619,1437154782657,-6.70975,7.123947,-0.770933
14620,1437154782675,-6.8198833,7.133524,-0.7715315
14621,1437154782693,-6.7630215,7.0724716,-0.6931214
14622,1437154782714,-6.618172,7.00723,-0.65900403
14623,1437154782734,-6.619968,7.0365586,-0.6386533
14624,1437154782754,-6.625953,7.065289,-0.6572084
14625,1437154782774,-6.600814,7.091027,-0.694917
14626,1437154782794,-6.575675,7.1311297,-0.7541735
14627,1437154782814,-6.64391,7.1592617,-0.7350199
14628,1437154782835,-6.647501,7.1808095,-0.7469909
14629,1437154782855,-6.525397,7.1065893,-0.7026982
14630,1437154782876,-6.6067996,7.1209545,-0.7350199
14631,1437154782895,-6.6391215,7.135918,-0.74639237
14632,1437154782916,-6.675633,7.1101804,-0.7170634
14633,1437154782934,-6.5936313,7.129933,-0.7386112
14634,1437154782957,-6.6606693,7.133524,-0.6925228
14635,1437154782976,-6.64391,7.129334,-0.70509243
14636,1437154782999,-6.5840545,7.0940194,-0.7092823
14637,1437154783015,-6.543353,7.103596,-0.7194576
14638,1437154783036,-6.534375,7.08983,-0.7182605
14639,1437154783056,-6.658275,7.149685,-0.6979098
14640,1437154783075,-6.7205243,7.1808095,-0.676362
14641,1437154783105,-6.642114,7.1622543,-0.65421563
14642,1437154783162,-6.5684924,7.1688385,-0.6745663
14643,1437154783163,-6.51163,7.1784153,-0.6799533
14644,1437154783164,-6.4906807,7.153875,-0.688333
14645,1437154783184,-6.503849,7.173627,-0.65900403
14646,1437154783194,-6.567894,7.183802,-0.6655881
14647,1437154783216,-6.4104753,7.1221514,-0.6943185
14648,1437154783234,-6.4900823,7.149685,-0.748188
14649,1437154783255,-6.5086374,7.171831,-0.8367735
14650,1437154783277,-6.6002154,7.141904,-0.866701
14651,1437154783295,-6.6163764,7.119757,-0.83976626
14652,1437154783314,-6.613982,7.1466923,-0.85772276
14653,1437154783336,-6.7253127,7.1526775,-0.8762778
14654,1437154783358,-6.741473,7.185598,-0.919972
14655,1437154783374,-6.5984197,7.1646485,-0.99060094
14656,1437154783397,-6.5271926,7.181408,-0.99658644
14657,1437154784741,-6.5307837,7.1844006,-1.0324994
14658,1437154784742,-6.505645,7.177817,-1.0319009
14659,1437154784743,-6.4541693,7.161656,-1.0372878
14660,1437154784744,-6.551733,7.177218,-1.0977415
14661,1437154784745,-6.615179,7.165846,-1.0923545
14662,1437154784746,-6.5786676,7.089231,-1.0307038
14663,1437154784747,-6.634333,7.1059904,-1.0522517
14664,1437154784748,-6.7360864,7.167641,-1.0576386
14665,1437154784749,-6.6852098,7.1466923,-1.1025299
14666,1437154784750,-6.573281,7.1371155,-1.1007342
14667,1437154784751,-6.541558,7.1484876,-1.1270704
14668,1437154784752,-6.597223,7.1592617,-1.0935516
14669,1437154784753,-6.6109896,7.1610575,-1.0767922
14670,1437154784754,-6.563704,7.100005,-1.0516531
14671,1437154784755,-6.5906386,7.1131735,-1.0193313
14672,1437154784756,-6.603208,7.1227503,-1.0145429
14673,1437154784757,-6.669647,7.132327,-1.0043676
14674,1437154784758,-6.607398,7.1568675,-0.9804256
14675,1437154784759,-6.611588,7.1748238,-0.9911995
14676,1437154784760,-6.537368,7.197569,-1.0115502
14677,1437154784761,-6.5385647,7.2807674,-1.0564415
14678,1437154784762,-6.605004,7.3029137,-1.0941502
14679,1437154784763,-6.525397,7.28376,-1.1067197
14680,1437154784764,-6.4840965,7.227496,-1.0169371
14681,1437154784765,-6.377555,7.1951747,-0.96665895
14682,1437154784766,-6.445191,7.1826053,-0.931943
14683,1437154784767,-6.4990606,7.193379,-0.90141696
14684,1437154784768,-6.547543,7.20535,-0.93972415
14685,1437154784769,-6.531382,7.1981673,-0.92535895
14686,1437154784770,-6.5146227,7.1963716,-0.92535895
14687,1437154784771,-6.5565214,7.2526355,-0.96187055
14688,1437154784772,-6.469133,7.207744,-0.97144735
14689,1437154784773,-6.495469,7.221511,-0.94930094
14690,1437154784774,-6.5098343,7.2484455,-1.0079589
14691,1437154784775,-6.4870896,7.2029557,-0.92775315
14692,1437154784776,-6.4110737,7.1844006,-0.95468795
14693,1437154784777,-6.485294,7.201759,-0.93373865
14694,1437154784778,-6.4990606,7.2101383,-0.92416185
14695,1437154784779,-6.540959,7.2526355,-0.93852705
14696,1437154784780,-6.577471,7.2340803,-0.943914
14697,1437154784781,-6.4828997,7.2592196,-0.95588505
14698,1437154784782,-6.463746,7.2664022,-0.985214
14699,1437154784783,-6.4828997,7.319673,-1.003769
14700,1437154784784,-6.479308,7.314286,-0.9828198
14701,1437154784785,-6.498462,7.302315,-0.9451111
14702,1437154784786,-6.4368114,7.2628107,-0.9307459
14703,1437154784787,-6.4182563,7.2221093,-0.88405895
14704,1437154784788,-6.5230026,7.2209125,-0.8948329
14705,1437154784789,-6.5206084,7.1945763,-0.8798691
14706,1437154784790,-6.498462,7.179612,-0.90740246
14707,1437154784791,-6.633734,7.1861963,-0.92296475
14708,1437154784792,-6.6121864,7.1903863,-0.943914
14709,1437154784793,-6.651691,7.1826053,-0.9223662
14710,1437154784794,-6.5152216,7.119757,-0.8475474
14711,1437154784795,-6.535572,7.1472907,-0.85473
14712,1437154784796,-6.5666966,7.1544733,-0.88645315
14713,1437154784797,-6.540959,7.161656,-0.8870517
14714,1437154784798,-6.591836,7.162853,-0.9540894
14715,1437154784799,-6.582259,7.1395097,-0.9498995
14716,1437154784800,-6.691195,7.16405,-0.92535895
14717,1437154784801,-6.678027,7.1221514,-0.8924387
14718,1437154784802,-6.567894,7.069479,-0.88286185
14719,1437154784803,-6.691195,7.121553,-0.9379285
14720,1437154784804,-6.707356,7.0874357,-0.89064306
14721,1437154784805,-6.6971807,7.0646906,-0.87089086
14722,1437154784806,-6.6762314,7.0287776,-0.86849666
14723,1437154784807,-6.679224,7.0227923,-0.8379706
14724,1437154784808,-6.6971807,7.0395517,-0.8762778
14725,1437154784809,-6.694188,7.089231,-0.8750807
14726,1437154784810,-6.68102,7.0994067,-0.8924387
14727,1437154784814,-6.627749,7.1083846,-0.84455466
14728,1437154784834,-6.6325374,7.109582,-0.84455466
14729,1437154784854,-6.616975,7.103596,-0.8415619
14730,1437154784874,-6.6307416,7.107786,-0.83737206
14731,1437154784894,-6.6624646,7.117363,-0.8463503
14732,1437154784914,-6.6588736,7.1329255,-0.83497787
14733,1437154784934,-6.666056,7.144298,-0.87089086
14734,1437154784954,-6.649895,7.097611,-0.8810662
14735,1437154784976,-6.563704,7.052121,-0.88944596
14736,1437154784998,-6.7109475,7.0545154,-0.90261406
14737,1437154785019,-6.76781,7.053318,-0.8888474
14738,1437154785035,-6.8438253,7.0275807,-0.8295909
14739,1437154785059,-6.767211,6.963536,-0.7733272
14740,1437154785076,-6.6828156,6.9623384,-0.7589619
14741,1437154785096,-6.70975,7.03177,-0.8170213
14742,1437154785116,-6.70556,7.065888,-0.82599956
14743,1437154785138,-6.721721,7.071873,-0.87807345
14744,1437154785159,-6.688801,7.0826473,-0.8948329
14745,1437154785179,-6.623559,7.1472907,-0.87927055
14746,1437154785199,-6.4948707,7.179612,-0.961272
14747,1437154785218,-6.3302693,7.1849995,-1.0199299
14748,1437154785237,-6.2662244,7.2310877,-1.0648212
14749,1437154785257,-6.483498,7.303512,-1.0013748
14750,1437154785279,-6.4499793,7.207744,-1.0007763
14751,1437154785297,-6.605004,7.323863,-0.91458505
14752,1437154785380,-6.669647,7.339425,-0.99538934
14753,1437154785381,-6.3242836,7.422025,-0.94810385
14754,1437154785382,-6.407482,7.507618,-1.0103531
14755,1437154785383,-6.297349,7.5405383,-1.021127
14756,1437154785400,-6.209362,7.505822,-0.9672575
14757,1437154785422,-6.1195793,7.460931,-0.99299514
14758,1437154785436,-6.245275,7.5106106,-0.92057055
14759,1437154785464,-6.329072,7.438186,-0.98461545
14760,1437154785476,-6.2662244,7.342418,-0.81163436
14761,1437154785498,-6.4098763,7.2340803,-0.7823054
14762,1437154785517,-6.4338183,7.185598,-0.7457938
14763,1437154785537,-6.401497,7.0946183,-0.75956047
14764,1437154785561,-6.4152637,7.0485296,-0.82121116
14765,1437154785579,-6.5487404,7.1993647,-0.86131406
14766,1437154785599,-6.8318543,7.323863,-0.8882488
14767,1437154785668,-6.6415157,7.315483,-0.86729956
14768,1437154785669,-6.3925185,7.2807674,-0.86011696
14769,1437154785670,-6.2943563,7.32506,-0.86490536
14770,1437154785676,-6.2674217,7.313089,-0.866701
14771,1437154785696,-6.2847795,7.3525934,-0.8265981
14772,1437154785716,-6.221333,7.3190746,-0.8487445
14773,1437154785736,-6.2087636,7.3220673,-0.83138657
14774,1437154785760,-6.253655,7.306505,-0.8511387
14775,1437154785776,-6.14412,7.325659,-0.89662856
14776,1437154785796,-6.2793927,7.40347,-0.99538934
14777,1437154785816,-6.306926,7.4525514,-1.0989386
14778,1437154785836,-6.3182983,7.4830775,-1.0977415
14779,1437154785856,-6.3805475,7.529764,-1.1719618
14780,1437154785876,-6.3985043,7.5429325,-1.1540052
14781,1437154785896,-6.393117,7.510012,-1.1510124
14782,1437154785916,-6.3182983,7.4465656,-1.1079168
14783,1437154785936,-6.2087636,7.36636,-1.1055226
14784,1437154785956,-6.2183404,7.418434,-1.1312603
14785,1437154785976,-6.306926,7.450157,-1.1450269
14786,1437154785997,-6.408081,7.504027,-1.103727
14787,1437154786021,-6.4350157,7.5363483,-1.0869676
14788,1437154786067,-6.3542113,7.450157,-1.0055647
14789,1437154786068,-6.2889695,7.441179,-0.9295488
14790,1437154786079,-6.2901664,7.41604,-0.8996213
14791,1437154786098,-6.2763996,7.3831196,-0.8110358
14792,1437154786118,-6.1405287,7.37055,-0.79248077
14793,1437154786135,-6.2075663,7.40766,-0.7745243
14794,1437154786156,-6.308123,7.4016747,-0.8463503
14795,1437154786183,-6.4218473,7.4244194,-0.82121116
14796,1437154786196,-6.407482,7.3579803,-0.7733272
14797,1437154786216,-6.323685,7.293337,-0.79966336
14798,1437154786238,-6.459556,7.307702,-0.79248077
14799,1437154786257,-6.506243,7.285556,-0.78170687
14800,1437154786280,-6.4386067,7.252037,-0.770933
14801,1437154786299,-6.427833,7.2340803,-0.7290344
14802,1437154786319,-6.4882865,7.227496,-0.6733692
14803,1437154786337,-6.4499793,7.195773,-0.6476316
14804,1437154786356,-6.4068837,7.2364745,-0.60812724
14805,1437154786378,-6.5002575,7.2831616,-0.6655881
14806,1437154786398,-6.471527,7.3244615,-0.61291564
14807,1437154786420,-6.464943,7.373543,-0.6278794
14808,1437154786437,-6.3446345,7.3950906,-0.61291564
14809,1437154786460,-6.2482677,7.4483614,-0.5243302
14810,1437154786480,-6.179435,7.505822,-0.5327099
14811,1437154786500,-6.0782795,7.523779,-0.5033809
14812,1437154786520,-6.0088477,7.547721,-0.5303157
14813,1437154786540,-6.0878563,7.619547,-0.60094464
14814,1437154786562,-6.229114,7.6764092,-0.6745663
14815,1437154786581,-6.2327056,7.6440873,-0.6757634
14816,1437154786603,-6.2219315,7.6225395,-0.65301853
14817,1437154786618,-6.1926026,7.578247,-0.5835867
14818,1437154786639,-6.1542954,7.5387425,-0.50517654
14819,1437154786659,-6.154894,7.5124063,-0.45549688
14820,1437154786679,-6.114791,7.463924,-0.3890578
14821,1437154786705,-5.999271,7.472902,-0.35913026
14822,1437154786781,-6.1123967,7.5088153,-0.39743748
14823,1437154786782,-6.1507044,7.587225,-0.39145198
14824,1437154786783,-6.157288,7.5944076,-0.39444473
14825,1437154786784,-5.9651537,7.5842323,-0.40222588
14826,1437154786799,-5.971139,7.6464815,-0.45010993
14827,1437154786826,-6.0280013,7.7105265,-0.49919105
14828,1437154786838,-6.009446,7.7679873,-0.5566519
14829,1437154786870,-5.946,7.6961613,-0.59735334
14830,1437154786889,-6.033987,7.753622,-0.61052144
14831,1437154786898,-6.0836663,7.7811556,-0.6326678
14832,1437154786920,-6.013636,7.7919292,-0.5955577
14833,1437154786939,-6.0405707,7.807492,-0.5805939
14834,1437154786962,-6.0746884,7.7919292,-0.62249243
14835,1437154786980,-5.9926867,7.701548,-0.54408234
14836,1437154787001,-6.017826,7.6608467,-0.5081693
14837,1437154787021,-6.1411276,7.60997,-0.4794389
14838,1437154787041,-6.235698,7.542334,-0.3705027
14839,1437154787060,-6.229713,7.4286094,-0.34715924
14840,1437154787078,-6.18123,7.264008,-0.25797522
14841,1437154787101,-6.223129,7.197569,-0.13587095
14842,1437154787121,-6.411672,7.2113357,-0.14305355
14843,1437154787141,-6.555923,7.227496,-0.11671733
14844,1437154787159,-6.539762,7.2502413,-0.10175357
14845,1437154787178,-6.5152216,7.252037,-0.09876082
14846,1437154787201,-6.4619503,7.2262993,-0.074818805
14847,1437154787220,-6.3793507,7.2185183,-0.044292733
14848,1437154787240,-6.4583592,7.277775,-0.029927522
14849,1437154787261,-6.3925185,7.2807674,-0.08678981
14850,1437154787283,-6.3422403,7.309498,-0.08439561
14851,1437154787301,-6.445191,7.3388267,-0.1592144
14852,1437154787321,-6.4386067,7.349002,-0.23582886
14853,1437154787341,-6.4505777,7.318476,-0.2645593
14854,1437154787361,-6.4589577,7.3059063,-0.24779987
14855,1437154787380,-6.487688,7.295731,-0.2633622
14856,1437154787399,-6.5259953,7.289147,-0.28909984
14857,1437154787427,-6.5589156,7.2370734,-0.29388827
14858,1437154787501,-6.395511,7.2268977,-0.25438392
14859,1437154787502,-6.4404025,7.282563,-0.2693477
14860,1437154787503,-6.384139,7.316082,-0.25378537
14861,1437154787504,-6.242881,7.264008,-0.23582886
14862,1437154787518,-6.3967085,7.345411,-0.2657564
14863,1437154787542,-6.447585,7.386112,-0.38486794
14864,1437154787558,-6.43322,7.341221,-0.39444473
14865,1437154787579,-6.4481835,7.3460093,-0.47644615
14866,1437154787598,-6.461352,7.2221093,-0.4830302
14867,1437154787619,-6.43322,7.1221514,-0.4417302
14868,1437154787638,-6.5960255,7.132327,-0.43155485
14869,1437154787660,-6.7145386,7.16405,-0.37588966
14870,1437154787679,-6.706159,7.1395097,-0.33159694
14871,1437154787699,-6.579266,7.089231,-0.31124622
14872,1437154787721,-6.6056023,7.1263413,-0.2741361
14873,1437154787741,-6.619369,7.177218,-0.2777274
14874,1437154787761,-6.601413,7.192182,-0.26156655
14875,1437154787781,-6.5487404,7.167641,-0.30585927
14876,1437154787798,-6.578069,7.2143283,-0.30406362
14877,1437154787821,-6.6882024,7.2807674,-0.35254622
14878,1437154787841,-6.555324,7.204153,-0.33159694
14879,1437154787861,-6.52001,7.192182,-0.28431144
14880,1437154787881,-6.6002154,7.207744,-0.3196259
14881,1437154787899,-6.6522894,7.2221093,-0.28072014
14882,1437154787920,-6.579865,7.1526775,-0.22625206
14883,1437154787941,-6.429629,7.1143703,-0.1604115
14884,1437154787961,-6.497265,7.1939774,-0.17178397
14885,1437154787981,-6.5547256,7.2723875,-0.19991584
14886,1437154788001,-6.3823433,7.281366,-0.22565351
14887,1437154788020,-6.3218894,7.3083005,-0.20290859
14888,1437154788041,-6.375759,7.3807254,-0.23822308
14889,1437154788061,-6.3883286,7.3992805,-0.23463176
14890,1437154788082,-6.2524576,7.3525934,-0.2621651
14891,1437154788102,-6.31351,7.3789296,-0.32561144
14892,1437154788120,-6.4481835,7.430405,-0.41479546
14893,1437154788141,-6.5511346,7.430405,-0.42078096
14894,1437154788161,-6.423643,7.365163,-0.45429978
14895,1437154788188,-6.3763576,7.28376,-0.41838676
14896,1437154788245,-6.4032927,7.2298903,-0.3878607
14897,1437154788246,-6.471527,7.207744,-0.25917232
14898,1437154788247,-6.449381,7.240066,-0.19393034
14899,1437154788261,-6.293758,7.3232646,-0.17717093
14900,1437154788279,-6.233304,7.433996,-0.18495208
14901,1437154788300,-6.2434793,7.6189485,-0.25258827
14902,1437154788320,-6.10701,7.731476,-0.33279404
14903,1437154788339,-5.929839,7.8092875,-0.37229836
14904,1437154788359,-5.877765,7.892486,-0.44831428
14905,1437154788382,-5.796961,7.85777,-0.45010993
14906,1437154788400,-5.8628016,7.831434,-0.439336
14907,1437154788421,-5.9160724,7.7344685,-0.46327803
14908,1437154788441,-5.9944825,7.6943655,-0.4357447
14909,1437154788462,-6.169259,7.6309195,-0.47165772
14910,1437154788482,-6.254852,7.6249337,-0.4914099
14911,1437154788502,-6.2362967,7.5405383,-0.46986207
14912,1437154788521,-6.14412,7.459734,-0.4345476
14913,1437154788539,-6.1106014,7.3723454,-0.39264908
14914,1437154788559,-6.2141504,7.3849154,-0.3788824
14915,1437154788581,-6.201581,7.3567834,-0.40521863
14916,1437154788599,-6.191406,7.3807254,-0.3549404
14917,1437154788627,-6.2129536,7.438186,-0.39205053
14918,1437154788639,-6.218939,7.523779,-0.4225766
14919,1437154788663,-6.218939,7.542334,-0.52612585
14920,1437154788723,-6.199785,7.5734587,-0.6422446
14921,1437154788724,-6.2530565,7.5830355,-0.7320272
14922,1437154788725,-6.317101,7.554305,-0.7272388
14923,1437154788831,-6.296152,7.53994,-0.7344214
14924,1437154788832,-6.2883706,7.4842744,-0.6781576
14925,1437154788833,-6.2740054,7.451354,-0.6039374
14926,1437154788834,-6.253655,7.4286094,-0.5638345
14927,1437154788835,-6.2482677,7.383718,-0.49559975
14928,1437154788840,-6.2464724,7.3645644,-0.49200845
14929,1437154788942,-6.315904,7.375937,-0.4830302
14930,1437154788943,-6.3177,7.353192,-0.5141548
14931,1437154788944,-6.3350577,7.3909006,-0.5662287
14932,1437154788945,-6.3709707,7.436989,-0.6302736
14933,1437154788946,-6.306926,7.417835,-0.7248446
14934,1437154789014,-6.3242836,7.439982,-0.7302315
14935,1437154789020,-6.3709707,7.4615297,-0.76195467
14936,1437154789021,-6.393716,7.4028716,-0.700304
14937,1437154789022,-6.2967505,7.351396,-0.66139823
14938,1437154789040,-6.3913217,7.3472066,-0.6386533
14939,1437154789059,-6.453571,7.36636,-0.6254852
14940,1437154789078,-6.491279,7.354389,-0.6440403
14941,1437154789105,-6.341043,7.323863,-0.6751649
14942,1437154789119,-6.5068417,7.3603745,-0.7260417
14943,1437154789140,-6.5804634,7.307702,-0.80086046
14944,1437154789160,-6.5259953,7.2993226,-0.82001406
14945,1437154789182,-6.495469,7.1927805,-0.81761986
14946,1437154789202,-6.4547677,7.1431007,-0.79008657
14947,1437154789219,-6.634333,7.201759,-0.75357497
14948,1437154789240,-6.613384,7.1927805,-0.7080852
14949,1437154789260,-6.4350157,7.1754227,-0.7009025
14950,1437154789283,-6.4697313,7.2364745,-0.760159
14951,1437154789303,-6.5086374,7.314286,-0.7781156
14952,1437154789320,-6.521207,7.373543,-0.789488
14953,1437154789343,-6.341043,7.4226236,-0.88405895
14954,1437154789359,-6.241085,7.4932528,-0.93732995
14955,1437154789383,-6.120178,7.5884223,-1.1091139
14956,1437154789402,-5.9322333,7.6452847,-1.2216414
14957,1437154789423,-6.0645127,7.638102,-1.2156559
14958,1437154789442,-6.393117,7.5082164,-0.93972415
14959,1437154789463,-6.6247563,7.354389,-0.52732295
14960,1437154789483,-6.51163,7.217321,-0.39085343
14961,1437154789503,-6.3985043,7.143699,-0.31663316
14962,1437154789521,-6.419453,7.257424,-0.30585927
14963,1437154789540,-6.375759,7.365163,-0.31244332
14964,1437154789562,-6.3153057,7.421427,-0.2873042
14965,1437154789582,-6.143522,7.4363904,-0.3172317
14966,1437154789602,-5.872977,7.447763,-0.3573346
14967,1437154789625,-5.9346275,7.602189,-0.4938041
14968,1437154789700,-6.1064115,7.5926123,-0.5177461
14969,1437154789701,-5.9873,7.575254,-0.54767364
14970,1437154789702,-5.8125234,7.462128,-0.49919105
14971,1437154789703,-5.9244523,7.507618,-0.45370123
14972,1437154789723,-6.3643866,7.483676,-0.40162733
14973,1437154789740,-6.5337763,7.340024,-0.40701428
14974,1437154789760,-6.5241995,7.0862384,-0.30406362
14975,1437154789780,-6.678027,6.9318123,-0.2172738
14976,1437154789805,-7.0108213,6.9623384,-0.29388827
14977,1437154789820,-7.125743,6.7863646,-0.31304187
14978,1437154789840,-7.1544733,6.6846113,-0.22744916
14979,1437154789860,-7.421427,6.582259,-0.26396075
14980,1437154789882,-7.533954,6.4625487,-0.3196259
14981,1437154789900,-7.4058642,6.2339025,-0.18375498
14982,1437154789922,-7.379528,6.059126,-0.12150574
14983,1437154789943,-7.5890207,5.9878983,-0.08798691
14984,1437154789964,-7.597999,5.8304796,-0.076015905
14985,1437154789983,-7.513005,5.8322754,-0.08798691
14986,1437154790003,-7.681796,5.783793,-0.1448492
14987,1437154790023,-8.000824,5.808932,-0.11911154
14988,1437154790044,-8.045116,5.811326,-0.25977087
14989,1437154790063,-7.8469963,5.815516,-0.24959552
14990,1437154790084,-8.017583,5.851429,-0.22625206
14991,1437154790101,-8.258201,5.798158,-0.30945057
14992,1437154790123,-8.143877,5.7442884,-0.33159694
14993,1437154790143,-7.8649526,5.683835,-0.29029694
14994,1437154790161,-7.921815,5.632958,-0.25977087
14995,1437154790184,-8.058883,5.494693,-0.20410569
14996,1437154790204,-8.103176,5.422867,-0.1436521
14997,1437154790224,-8.113351,5.3007627,-0.10414778
14998,1437154790243,-8.079832,5.319318,-0.06943185
14999,1437154790260,-8.323442,5.3540335,-0.02813187
15000,1437154790285,-8.289325,5.3660045,0.026934769
15001,1437154790304,-7.98167,5.3713913,-0.06284779
15002,1437154790324,-7.9792757,5.4563856,-0.025737667
15003,1437154790344,-8.024766,5.461174,-0.01316811
15004,1437154790369,-7.9445596,5.4498014,0.04129998
15005,1437154790428,-8.001422,5.463568,0.054468088
15006,1437154790429,-8.119336,5.477335,0.073023155
15007,1437154790430,-8.230068,5.3983264,0.1412579
15008,1437154790451,-8.2115135,5.3582234,0.23104046
15009,1437154790461,-8.309675,5.2917843,0.2645593
15010,1437154790486,-8.203134,5.1930237,0.38307226
15011,1437154790501,-8.12592,5.1080294,0.4177882
15012,1437154790522,-8.081628,5.0439844,0.44831428
15013,1437154790543,-8.01459,5.005677,0.47524905
15014,1437154790563,-8.036138,4.979341,0.545878
15015,1437154790582,-8.140884,5.04997,0.5410896
15016,1437154790601,-8.176797,5.0541596,0.57640404
15017,1437154790624,-8.194754,5.0421886,0.5967548
15018,1437154790644,-8.250419,5.0374002,0.6075287
15019,1437154790690,-8.259995,5.027225,0.6039374
15020,1437154790691,-8.335413,4.984728,0.6655881
15021,1437154790703,-8.420407,4.9254713,0.7110779
15022,1437154790724,-8.418014,4.871003,0.7110779
15023,1437154790744,-8.322844,4.7620673,0.7613561
15024,1437154790764,-8.22109,4.671686,0.8098387
15025,1437154790781,-8.281544,4.571728,0.91099375
15026,1437154790804,-8.385692,4.5914803,0.9696517
15027,1437154790825,-8.51857,4.589086,1.0187328
15028,1437154790844,-8.467094,4.6034513,1.06123
15029,1437154790864,-8.516175,4.647744,1.0522517
15030,1437154790881,-8.416218,4.6082397,1.0726024
15031,1437154790902,-8.356362,4.658518,1.0528502
15032,1437154790922,-8.558074,4.722563,1.0510546
15033,1437154790945,-8.602965,4.763264,1.0145429
15034,1437154790965,-8.484452,4.6537294,1.0247183
15035,1437154790986,-8.568848,4.5962687,1.0432734
15036,1437154791003,-8.684368,4.594473,1.0522517
15037,1437154791023,-8.715493,4.6124296,1.0354922
15038,1437154791042,-8.532935,4.8494554,0.9864111
15039,1437154791063,-8.269572,4.950012,0.825401
15040,1437154791083,-7.949348,4.999093,0.80564886
15041,1437154791163,-7.891887,5.122993,0.7870938
15042,1437154791164,-7.8290396,5.286996,0.664391
15043,1437154791165,-7.937377,5.3618145,0.729633
15044,1437154791166,-8.013991,5.4192758,0.7529764
15045,1437154791182,-8.054094,5.4462104,0.7882909
15046,1437154791206,-8.110358,5.3779755,0.89184016
15047,1437154791222,-8.116942,5.333683,0.9211691
15048,1437154791242,-8.032547,5.266645,1.01574
15049,1437154791263,-7.9511437,5.2020016,1.0319009
15050,1437154791282,-7.801506,5.187038,1.0420763
15051,1437154791303,-7.641693,5.221754,1.0313023
15052,1437154791324,-7.7919292,5.2887917,0.9840169
15053,1437154791342,-8.0127945,5.2768207,0.9696517
15054,1437154791362,-8.158242,5.309142,0.88286185
15055,1437154791384,-8.392276,5.3366756,0.8110358
15056,1437154791405,-8.543709,5.2941785,0.80086046
15057,1437154791423,-8.557475,5.242703,0.7529764
15058,1437154791445,-8.497621,5.1541176,0.79248077
15059,1437154791465,-8.465299,5.121197,0.7799112
15060,1437154791485,-8.391677,5.048773,0.79008657
15061,1437154791505,-8.239645,5.00867,0.8002619
15062,1437154791523,-8.200141,4.955399,0.81402856
15063,1437154791545,-8.1797905,4.9362454,0.9211691
15064,1437154791562,-8.205527,4.9254713,0.89902276
15065,1437154791582,-8.231265,4.860828,0.9660604
15066,1437154791603,-8.24204,4.7620673,1.0941502
15067,1437154791624,-8.350377,4.777031,1.2360066
15068,1437154791643,-8.480861,4.8297033,1.3425486
15069,1437154791665,-8.531737,4.894945,1.3988123
15070,1437154791685,-8.373122,4.970961,1.477821
15071,1437154791716,-8.258201,5.0182467,1.520318
15072,1437154791722,-8.228272,5.067328,1.6065093
15073,1437154791742,-7.9828672,4.991312,1.7124528
15074,1437154791762,-7.9565306,4.992509,1.8387469
15075,1437154791782,-8.016984,4.9823337,1.9375077
15076,1437154791803,-8.076839,5.0062757,1.9949685
15077,1437154791823,-8.046313,5.0212393,2.046444
15078,1437154791894,-8.039131,4.984728,2.0566192
15079,1437154791895,-7.9128366,4.9883194,2.0452468
15080,1437154791896,-7.81647,4.969166,1.9506758
15081,1437154791915,-7.819463,4.9901147,1.946486
15082,1437154791924,-7.890092,5.0427876,1.8477252
15083,1437154791952,-7.905654,5.084686,1.7992426
15084,1437154791962,-7.848193,5.099051,1.7316064
15085,1437154791992,-7.829638,5.0625396,1.7004818
15086,1437154792002,-7.8236527,5.033809,1.7735049
15087,1437154792022,-7.928399,4.980538,1.8076223
15088,1437154792043,-8.101978,5.003283,1.9135658
15089,1437154792062,-8.340201,5.0092683,1.9428947
15090,1437154792082,-8.461707,4.8781857,2.1170728
15091,1437154792103,-8.351574,4.883573,2.2505496
15092,1437154792123,-8.131308,4.8680105,2.2589293
15093,1437154792143,-7.9278,4.9338512,2.3720553
15094,1437154792163,-7.769783,5.0397944,2.3624785
15095,1437154792183,-7.7985134,5.2247467,2.2894554
15096,1437154792206,-7.8266454,5.4168816,2.1817162
15097,1437154792225,-7.803302,5.5964465,2.1039047
15098,1437154792243,-7.608773,5.723339,1.9973627
15099,1437154792264,-7.387908,5.777209,1.9746178
15100,1437154792286,-7.530363,5.847239,1.9578584
15101,1437154792306,-7.5890207,5.9023056,1.9734207
15102,1437154792323,-7.3789296,5.931635,2.0177135
15103,1437154792342,-7.1873937,6.1423244,1.9722236
15104,1437154792362,-6.9725137,6.1183825,2.0039468
15105,1437154792387,-6.7426705,6.0501475,2.1404164
15106,1437154792403,-6.785766,6.030994,2.2230163
15107,1437154792427,-6.994062,6.129156,2.2266076
15108,1437154792443,-6.975507,6.190807,2.2529438
15109,1437154792462,-6.825869,6.2746043,2.1769278
15110,1437154792483,-6.6534867,6.413468,2.0655975
15111,1437154792503,-6.6175733,6.545149,1.9524715
15112,1437154792522,-6.811504,6.7348895,1.9680338
15113,1437154792570,-6.854001,6.789956,1.9093759
15114,1437154792571,-6.8504095,6.805518,1.9572599
15115,1437154792590,-6.7947445,6.8863225,1.9189527
15116,1437154792604,-6.7103486,6.8528037,1.9249382
15117,1437154792624,-6.6067996,6.827066,1.9405005
15118,1437154792643,-6.6469026,6.841431,1.9782091
15119,1437154792663,-6.7624226,6.899491,2.011728
15120,1437154792685,-6.616975,6.76362,2.0871453
15121,1437154792704,-6.419453,6.730101,2.144606
15122,1437154792725,-6.4607534,6.7360864,2.0278888
15123,1437154792744,-6.554127,6.7851677,2.0081367
15124,1437154792765,-6.5337763,6.646304,1.939902
15125,1437154792786,-6.479907,6.6163764,1.9542671
15126,1437154792806,-6.755839,6.7001734,1.9183542
15127,1437154792826,-6.925827,6.783372,1.8531121
15128,1437154792844,-6.8581905,6.7085533,1.821389
15129,1437154792864,-6.669647,6.743269,1.8680758
15130,1437154792886,-6.689998,6.806117,1.7465701
15131,1437154792906,-6.643311,6.8402343,1.6705543
15132,1437154792926,-6.63553,6.8563952,1.6478093
15133,1437154792946,-6.741473,6.9485717,1.6142905
15134,1437154792964,-6.7480574,6.9581485,1.6376339
15135,1437154792985,-6.6989765,6.947375,1.7130513
15136,1437154793006,-6.6391215,6.8929067,1.7597382
15137,1437154793024,-6.619968,6.8581905,1.8106151
15138,1437154793047,-6.6349316,6.7905545,1.8776526
15139,1437154793064,-6.5068417,6.773795,1.9255368
15140,1437154793086,-6.482301,6.7887588,1.9416976
15141,1437154793106,-6.517616,6.851607,2.0027497
15142,1437154793126,-6.546346,6.974908,1.9800048
15143,1437154793148,-6.505046,7.065289,1.8890251
15144,1437154793164,-6.459556,7.1586633,1.8495208
15145,1437154793187,-6.3224883,7.1407065,1.7411832
15146,1437154793207,-5.99149,7.016208,1.8118122
15147,1437154793226,-5.8963203,7.021595,1.7968484
15148,1437154793244,-6.0130377,7.114969,1.7741034
15149,1437154793313,-6.139332,7.1448965,1.7980455
15150,1437154793314,-6.23091,7.207744,1.8926164
15151,1437154793315,-6.3829417,7.2592196,1.8866309
15152,1437154793335,-6.2620344,7.2310877,1.9434932
15153,1437154793343,-6.293758,7.1748238,2.022502
15154,1437154793366,-6.2793927,7.1867948,2.0081367
15155,1437154793385,-6.323685,7.215525,2.0763714
15156,1437154793404,-6.2542534,7.1664443,2.124854
15157,1437154793425,-6.131551,7.0545154,2.2188265
15158,1437154793445,-5.9202623,6.867768,2.2631192
15159,1437154793467,-5.975329,6.8653736,2.2894554
15160,1437154793486,-6.171055,6.8743515,2.180519
15161,1437154793506,-6.191406,6.843227,2.1960814
15162,1437154793524,-6.281787,6.9198413,2.1697452
15163,1437154793546,-6.4781113,6.9731126,2.1811178
15164,1437154793565,-6.597821,7.000047,2.2307975
15165,1437154793586,-6.591836,7.0221934,2.2212207
15166,1437154793607,-6.7001734,7.0742674,2.244564
15167,1437154793628,-6.579266,7.080253,2.110489
15168,1437154793646,-6.1405287,6.8462195,2.023699
15169,1437154793665,-6.003461,6.736685,1.9207484
15170,1437154793685,-6.355408,6.821679,1.809418
15171,1437154793706,-6.361394,6.7743936,1.8004397
15172,1437154793725,-6.5337763,6.7690067,1.8237832
15173,1437154793746,-6.6469026,6.84203,1.8387469
15174,1437154793766,-6.717531,6.867169,1.8920178
15175,1437154793786,-6.657676,6.8605847,1.9339164
15176,1437154793804,-6.5726824,6.854001,1.9135658
15177,1437154793824,-6.609194,6.9796963,1.8507179
15178,1437154793844,-6.8013287,7.067085,1.8034325
15179,1437154793866,-6.7612257,7.0622964,1.6968905
15180,1437154793887,-6.659472,7.045537,1.6753427
15181,1437154793906,-6.5349736,7.059902,1.5741876
15182,1437154793928,-6.3883286,7.114969,1.483208
15183,1437154793946,-6.2985463,7.091625,1.4059949
15184,1437154793965,-6.130952,7.043741,1.3269863
15185,1437154793995,-6.1620765,7.0982094,1.2240356
15186,1437154794054,-6.3272767,7.2083426,1.0851719
15187,1437154794055,-6.3763576,7.132327,1.0420763
15188,1437154794056,-6.330868,7.133524,1.0708067
15189,1437154794076,-6.489484,7.1790137,1.0133458
15190,1437154794084,-6.5379663,7.165846,1.073201
15191,1437154794107,-6.530185,7.20535,1.0636241
15192,1437154794129,-6.577471,7.1987658,1.091756
15193,1437154794145,-6.555923,7.201759,1.1378443
15194,1437154794178,-6.5026517,7.1909847,1.1755531
15195,1437154794195,-6.4601545,7.1987658,1.1953052
15196,1437154794204,-6.452972,7.219715,1.2366052
15197,1437154794224,-6.4218473,7.2364745,1.2731167
15198,1437154794245,-6.399701,7.16405,1.299453
15199,1437154794265,-6.3284736,7.102998,1.3138182
15200,1437154794285,-6.353014,7.1191587,1.2898762
15201,1437154794305,-6.381745,7.104195,1.2354081
15202,1437154794325,-6.4463882,7.057508,1.2084733
15203,1437154794344,-6.5337763,7.018004,1.1755531
15204,1437154794374,-6.540959,6.9844847,1.174356
15205,1437154794385,-6.670246,6.9767036,1.151611
15206,1437154794405,-6.761824,7.031172,1.13964
15207,1437154794425,-6.7546415,7.017405,1.1629834
15208,1437154794450,-6.699575,7.03177,1.2485762
15209,1437154794465,-6.591237,7.0144124,1.228824
15210,1437154794485,-6.5367694,7.0108213,1.3084313
15211,1437154794505,-6.640917,7.065888,1.3108255
15212,1437154794525,-6.5403605,7.0275807,1.2988545
15213,1437154794545,-6.419453,6.9491706,1.3628993
15214,1437154794565,-6.491279,6.9808936,1.3401544
15215,1437154794584,-6.5744777,7.0156097,1.3449428
15216,1437154794604,-6.4924765,6.9707184,1.3461399
15217,1437154794630,-6.5379663,7.0221934,1.3096284
15218,1437154794650,-6.6684504,6.989872,1.2569559
15219,1437154794666,-6.613982,6.9360023,1.3144168
15220,1437154794685,-6.6385226,6.9228344,1.283292
15221,1437154794705,-6.6684504,6.9449806,1.2449849
15222,1437154794725,-6.637326,6.9599442,1.2443863
15223,1437154794744,-6.6882024,6.983288,1.1737574
15224,1437154794764,-6.5906386,6.929418,1.1833342
15225,1437154794784,-6.6325374,6.9306154,1.1899183
15226,1437154794808,-6.699575,6.9264255,1.1659763
15227,1437154794825,-6.6846113,6.9186444,1.1605892
15228,1437154794845,-6.739079,6.9222355,1.1827357
15229,1437154794865,-6.6983776,6.897695,1.1947067
15230,1437154794885,-6.6786256,6.881534,1.22224
15231,1437154794909,-6.622362,6.8929067,1.2042835
15232,1437154794930,-6.70975,6.951565,1.2228385
15233,1437154794949,-6.6828156,6.964134,1.2162545
15234,1437154794969,-6.6241574,6.9449806,1.2078748
15235,1437154794987,-6.6882024,6.9599442,1.2180501
15236,1437154795009,-6.6864066,6.941389,1.216853
15237,1437154795029,-6.6564794,6.945579,1.2533646
15238,1437154795049,-6.605004,6.9366007,1.2791022
15239,1437154795069,-6.602011,6.995259,1.2485762
15240,1437154795091,-6.64391,7.0209966,1.2084733
15241,1437154795109,-6.6085954,7.0156097,1.1797429
15242,1437154795131,-6.541558,6.9731126,1.1821371
15243,1437154795151,-6.6121864,6.9886746,1.1887212
15244,1437154795170,-6.581062,7.0305734,1.1522095
15245,1437154795189,-6.585252,7.029376,1.1294646
15246,1437154795208,-6.4882865,7.0622964,1.0833763
15247,1437154795226,-6.5750766,7.144298,0.9696517
15248,1437154795246,-6.589442,7.1526775,0.9528923
15249,1437154795271,-6.485294,7.1622543,0.9804256
15250,1437154795293,-6.2943563,7.1460934,0.92895025
15251,1437154795312,-6.3105173,7.1867948,0.9840169
15252,1437154795327,-6.3865333,7.2460513,0.95229375
15253,1437154795349,-6.343437,7.2071457,0.9792285
15254,1437154795454,-6.233304,7.1832037,0.98222125
15255,1437154795455,-6.2219315,7.2268977,0.87208796
15256,1437154795456,-6.26383,7.28795,0.80445176
15257,1437154795457,-6.291962,7.345411,0.7116765
15258,1437154795458,-6.4709287,7.373543,0.59256494
15259,1437154795467,-6.575675,7.41185,0.59376204
15260,1437154795494,-6.6750345,7.373543,0.52732295
15261,1437154795506,-7.0102224,7.3962874,0.581791
15262,1437154795526,-7.386112,7.2508397,0.60573304
15263,1437154795546,-7.006033,7.0646906,0.6374562
15264,1437154795568,-6.5565214,7.0605006,0.6769605
15265,1437154795588,-6.3548098,7.2209125,0.7469909
15266,1437154795607,-5.9705405,7.4070616,0.81761986
15267,1437154795626,-5.7119665,7.4603324,0.94930094
15268,1437154795646,-5.053561,7.3711486,1.06123
15269,1437154795670,-4.5872903,7.451953,1.3305776
15270,1437154795686,-5.2265425,7.805696,1.3874398
15271,1437154795706,-5.7323174,8.108562,1.282095
15272,1437154795726,-5.566519,8.334216,1.3084313
15273,1437154795746,-5.125387,8.400655,1.453879
15274,1437154795766,-4.841076,8.384495,1.5304934
15275,1437154795786,-4.7081976,8.1797905,1.7351977
15276,1437154795806,-4.8159366,8.278551,2.0189106
15277,1437154795831,-4.7602715,8.383896,1.9482816
15278,1437154795846,-4.465186,8.291719,2.0308816
15279,1437154795866,-4.2341456,8.298902,2.019509
15280,1437154795886,-4.257489,8.364143,1.8782512
15281,1437154795906,-4.3155484,8.241441,1.9069817
15282,1437154795926,-4.1162314,8.217499,1.9405005
15283,1437154795946,-4.282628,8.297106,1.785476
15284,1437154795966,-4.159327,8.397064,1.6837224
15285,1437154795986,-4.1282024,8.555081,1.4945804
15286,1437154796009,-3.9043443,8.6017685,1.4161704
15287,1437154796029,-3.7750576,8.779537,1.4161704
15288,1437154796049,-3.774459,8.97646,1.1965023
15289,1437154796067,-3.526659,9.012972,1.0815806
15290,1437154796086,-3.2064347,9.186552,1.0995371
15291,1437154796111,-3.12982,9.466075,0.92535895
15292,1437154796127,-3.1214404,9.457695,0.88525605
15293,1437154796145,-3.168726,9.144653,1.1480197
15294,1437154796165,-3.1411927,9.078215,1.1085154
15295,1437154796188,-3.316568,9.122507,0.97384155
15296,1437154796206,-3.5093012,9.102755,0.97743285
15297,1437154796227,-3.417723,9.0237465,1.0187328
15298,1437154796246,-3.0885203,9.030331,1.0031705
15299,1437154796269,-3.0585926,9.109938,0.95349085
15300,1437154796289,-3.265691,9.132683,0.8912416
15301,1437154796308,-3.2357635,9.025542,0.8242039
15302,1437154796325,-2.9741971,9.203311,0.8379706
15303,1437154796350,-2.7694929,9.498397,0.59735334
15304,1437154796368,-2.8652608,9.503185,0.54408234
15305,1437154796390,-2.9789855,9.328408,0.6015432
15306,1437154796408,-2.9921536,9.250597,0.57161564
15307,1437154796430,-3.177704,9.150639,0.7236475
15308,1437154796449,-3.25372,9.159617,0.7517793
15309,1437154796466,-3.2130187,9.137471,0.7044938
15310,1437154796490,-3.163339,9.141062,0.66259533
15311,1437154796509,-3.0496144,9.151836,0.5398925
15312,1437154796527,-3.1573534,9.2308445,0.4938041
15313,1437154796549,-3.2920272,9.196129,0.41718966
15314,1437154796569,-3.105878,9.178771,0.42197806
15315,1437154796590,-3.1950622,9.186552,0.44891283
15316,1437154796609,-3.221997,9.237429,0.40761283
15317,1437154796630,-3.1387985,9.19553,0.45310268
15318,1437154796654,-2.938284,9.292496,0.46267948
15319,1437154796672,-2.879626,9.371504,0.45190558
15320,1437154796691,-2.7581203,9.385271,0.5279215
15321,1437154796709,-2.7299886,9.392453,0.57041854
15322,1437154796734,-2.6420016,9.389461,0.5231331
15323,1437154796785,-2.6282349,9.288904,0.6356605
15324,1437154796797,-2.5288756,9.278131,0.6386533
15325,1437154796798,-2.6683378,9.408614,0.5781997
15326,1437154796809,-2.6874914,9.41879,0.60693014
15327,1437154796827,-2.630629,9.295488,0.64823014
15328,1437154796850,-2.593519,9.296086,0.6817489
15329,1437154796867,-2.6767175,9.343372,0.55365914
15330,1437154796888,-2.7736826,9.3499565,0.55126494
15331,1437154796910,-2.8137856,9.294291,0.53211135
15332,1437154796928,-2.8963854,9.184756,0.52612585
15333,1437154796947,-2.7760768,9.221268,0.59615624
15334,1437154796970,-2.7515364,9.350554,0.46088383
15335,1437154796987,-2.7252002,9.448717,0.4914099
15336,1437154797010,-2.4929626,9.516354,0.5542577
15337,1437154797030,-2.3948002,9.537901,0.5554548
15338,1437154797051,-2.5025394,9.466674,0.53929394
15339,1437154797070,-2.504335,9.267356,0.664391
15340,1437154797090,-2.4378958,9.229049,0.66020113
15341,1437154797110,-2.789245,9.355343,0.6811504
15342,1437154797130,-2.8048072,9.68694,0.64583594
15343,1437154797151,-2.5965118,9.583989,0.7320272
15344,1437154797171,-2.3385365,9.596559,1.0378864
15345,1437154797189,-2.4007857,9.509171,0.95349085
15346,1437154797211,-2.5342624,9.36073,1.086369
15347,1437154797231,-2.7090392,9.135675,1.1270704
15348,1437154797251,-2.983774,9.035717,1.0480618
15349,1437154797271,-2.9340942,8.961497,0.80804306
15350,1437154797291,-3.1070752,9.099762,0.6488287
15351,1437154797311,-3.309984,9.156625,0.3669114
15352,1437154797331,-2.7670987,9.109938,0.23882163
15353,1437154797350,-2.7132292,8.995016,0.20410569
15354,1437154797371,-2.6910827,9.267356,0.073621705
15355,1437154797392,-2.8215668,9.384073,-0.1376666
15356,1437154797412,-2.3080103,9.496002,-0.05865794
15357,1437154797430,-1.5939398,9.458294,-0.07062895
15358,1437154797451,-1.1899183,9.689334,-0.3250129
15359,1437154797515,-2.1386206,9.834782,-0.86969376
15360,1437154797516,-3.1986535,9.625888,-1.1821371
15361,1437154797517,-4.138976,9.510367,-1.4257472
15362,1437154797532,-5.1888337,9.19553,-1.887828
15363,1437154797553,-5.390545,8.713099,-1.620276
15364,1437154797591,-5.393538,8.2276745,-1.2868834
15365,1437154797592,-5.319318,8.03554,-1.2437878
15366,1437154797671,-5.415086,7.921815,-1.1504139
15367,1437154797672,-5.445612,7.6883802,-1.0546459
15368,1437154797673,-5.2409077,7.6973586,-0.93493575
15369,1437154797674,-5.2486887,7.73806,-0.9223662
15370,1437154797693,-5.4312468,7.7709804,-0.91219085
15371,1437154797712,-5.5778913,7.897873,-0.9947908
15372,1437154797731,-5.761048,7.9194207,-1.0217255
15373,1437154797751,-5.489306,7.9786773,-1.0127473
15374,1437154797770,-5.303157,8.0606785,-1.1019313
15375,1437154797791,-5.5802855,8.147469,-1.0869676
15376,1437154797811,-5.4504004,8.221688,-1.0720038
15377,1437154797831,-5.2385135,8.242638,-1.0654198
15378,1437154797851,-5.115212,8.053496,-0.99060094
15379,1437154797872,-5.0559554,7.8248496,-0.7787141
15380,1437154797891,-4.851251,7.4471645,-0.33399114
15381,1437154797911,-5.159505,7.472902,0.3238158
15382,1437154797929,-6.517616,7.3729444,-0.50278234
15383,1437154797949,-6.6762314,7.4106526,-0.9151836
15384,1437154797970,-7.0545154,7.1742253,-0.90381116
15385,1437154797988,-7.131728,7.138911,-1.3874398
15386,1437154798008,-7.0688806,7.156269,-1.6035166
15387,1437154798030,-7.4028716,7.1550717,-1.5472529
15388,1437154798053,-7.414244,7.1568675,-1.5251064
15389,1437154798075,-7.0850415,6.9348054,-1.4131776
15390,1437154798094,-6.9820905,6.754043,-1.1701661
15391,1437154798111,-7.0221934,6.5367694,-0.9660604
15392,1437154798129,-7.1951747,6.4445925,-0.7254431
15393,1437154798148,-7.1550717,6.371569,-0.6943185
15394,1437154798169,-7.2203135,6.4607534,-0.56982
15395,1437154798189,-7.369353,6.373365,-0.5434838
15396,1437154798212,-7.141305,6.339846,-0.7086837
15397,1437154798282,-7.064092,6.3727665,-0.81402856
15398,1437154798283,-7.091027,6.421249,-0.8888474
15399,1437154798284,-7.271789,6.464943,-0.96785605
15400,1437154798290,-7.4070616,6.5122285,-0.95109665
15401,1437154798309,-7.4884644,6.619968,-0.91937345
15402,1437154798331,-7.4286094,6.694188,-0.97623575
15403,1437154798348,-7.240066,6.5864487,-0.973243
15404,1437154798372,-7.1305313,6.51163,-0.9307459
15405,1437154798388,-7.2783732,6.530185,-0.8619126
15406,1437154798409,-7.304111,6.576872,-0.7811083
15407,1437154798430,-7.2352777,6.622362,-0.7032967
15408,1437154798450,-7.277775,6.619968,-0.70509243
15409,1437154798469,-7.227496,6.6002154,-0.66259533
15410,1437154798490,-7.145495,6.564901,-0.724246
15411,1437154798512,-6.9611416,6.5631056,-0.78050977
15412,1437154798532,-6.892308,6.546346,-0.86370826
15413,1437154798551,-6.9407907,6.5349736,-0.931943
15414,1437154798569,-6.8743515,6.4858923,-1.0378864
15415,1437154798591,-6.8366427,6.505645,-1.1204864
15416,1437154798610,-6.9467764,6.6522894,-1.1282675
15417,1437154798630,-7.089231,6.813898,-1.1587936
15418,1437154798649,-7.0209966,6.9360023,-1.1605892
15419,1437154798680,-7.012018,7.0263834,-1.1456255
15420,1437154798689,-7.03177,7.0874357,-1.1480197
15421,1437154798822,-6.8444242,7.019201,-1.0767922
15422,1437154798823,-6.795343,7.041946,-1.0061632
15423,1437154798824,-6.8330517,7.077859,-1.0642227
15424,1437154798825,-6.6486983,7.047931,-1.0319009
15425,1437154798826,-6.667253,7.0784574,-1.1109096
15426,1437154798827,-6.7480574,7.1107793,-1.1091139
15427,1437154798843,-6.5655,7.100005,-1.1725603
15428,1437154798850,-6.4266357,7.1664443,-1.2844892
15429,1437154799074,-6.498462,7.2370734,-1.364695
15430,1437154799075,-6.576872,7.2340803,-1.34195
15431,1437154799076,-6.6349316,7.2406645,-1.3269863
15432,1437154799077,-6.801927,7.147889,-1.2509704
15433,1437154799078,-7.0102224,7.0048356,-1.091756
15434,1437154799079,-7.1604586,6.8372416,-0.94810385
15435,1437154799080,-7.199963,6.666056,-0.93254155
15436,1437154799081,-7.2981253,6.476914,-0.8678981
15437,1437154799082,-7.3633676,6.364985,-0.84934306
15438,1437154799083,-7.33344,6.4924765,-0.86729956
15439,1437154799084,-6.7241154,6.8689647,-1.0061632
15440,1437154799102,-5.801151,7.229292,-1.0755951
15441,1437154799108,-5.1726727,7.724293,-1.127669
15442,1437154799128,-5.3282957,8.114548,-1.1911154
15443,1437154799148,-5.6604915,8.170214,-1.1402385
15444,1437154799170,-5.8029466,8.079233,-1.0839748
15445,1437154799189,-6.083068,7.8984714,-1.0354922
15446,1437154799210,-6.194997,7.7745714,-1.0049661
15447,1437154799230,-6.363788,7.595605,-0.95827925
15448,1437154799250,-6.4128695,7.3909006,-0.9151836
15449,1437154799272,-6.4481835,7.2819643,-0.9127894
15450,1437154799293,-6.625953,7.080253,-0.87089086
15451,1437154799312,-6.6103907,6.987478,-0.7721301
15452,1437154799333,-6.6469026,6.8970966,-0.7565677
15453,1437154799353,-6.5068417,6.877943,-0.62967503
15454,1437154799369,-6.39192,6.915053,-0.635062
15455,1437154799393,-6.501455,6.993463,-0.6536171
15456,1437154799413,-6.445191,7.0168066,-0.6853402
15457,1437154799433,-6.5625067,7.08564,-0.7098808
15458,1437154799453,-6.7001734,7.0850415,-0.7553706
15459,1437154799473,-6.7725983,7.101801,-0.7032967
15460,1437154799492,-6.83365,7.062895,-0.6919243
15461,1437154799512,-6.669647,7.056311,-0.6290765
15462,1437154799532,-6.712743,7.04434,-0.5931635
15463,1437154799553,-6.689998,7.1251445,-0.641646
15464,1437154799573,-6.6708446,7.1083846,-0.6817489
15465,1437154799601,-6.6325374,7.16405,-0.7745243
15466,1437154799609,-6.661866,7.1167645,-0.866701
15467,1437154799629,-6.508039,6.977302,-0.89303726
15468,1437154799663,-6.631939,6.9611416,-0.9487024
15469,1437154799696,-6.83365,6.9120603,-1.0127473
15470,1437154799697,-6.88752,6.9078703,-0.9756372
15471,1437154799710,-7.025785,6.9665284,-0.9720459
15472,1437154799732,-7.026982,7.0168066,-0.96426475
15473,1437154799750,-6.9407907,7.0461354,-0.8182184
15474,1437154799770,-6.896498,7.068282,-0.7565677
15475,1437154799790,-6.9168487,7.065888,-0.623091
15476,1437154799812,-6.791153,7.0305734,-0.52133745
15477,1437154799830,-6.6989765,7.041946,-0.47884035
15478,1437154799851,-6.691195,7.0341644,-0.46387658
15479,1437154799872,-6.535572,6.947375,-0.45669398
15480,1437154799891,-6.573281,7.021595,-0.4770447
15481,1437154799911,-6.7989345,7.067683,-0.5566519
15482,1437154799932,-6.721721,7.0527196,-0.5279215
15483,1437154799953,-6.6905966,7.049727,-0.59974754
15484,1437154799971,-6.741473,7.028179,-0.635062
15485,1437154799993,-6.728904,6.986879,-0.635062
15486,1437154800013,-6.827665,7.0012445,-0.6751649
15487,1437154800032,-6.8079123,6.923433,-0.6356605
15488,1437154800053,-6.7809777,6.872556,-0.61530983
15489,1437154800072,-6.8252707,6.8228765,-0.6123171
15490,1437154800095,-6.863578,6.7959414,-0.6039374
15491,1437154800111,-6.8342485,6.7606273,-0.62009823
15492,1437154800131,-6.7881603,6.766014,-0.6338649
15493,1437154800150,-6.8689647,6.8569937,-0.6667852
15494,1437154800171,-6.9348054,6.941988,-0.6991069
15495,1437154800191,-6.7881603,6.9306154,-0.6847417
15496,1437154800215,-6.7893577,6.953959,-0.65421563
15497,1437154800230,-6.682217,6.9725137,-0.724246
15498,1437154800256,-6.76362,6.981492,-0.8086416
15499,1437154800273,-6.8683662,7.086837,-0.8230068
15500,1437154800291,-6.9581485,7.097611,-0.83976626
15501,1437154800310,-6.91625,7.023989,-0.8074445
15502,1437154800331,-6.6175733,6.754043,-0.7553706
15503,1437154800351,-6.5948286,6.7534447,-0.8295909
15504,1437154800425,-7.0395517,6.889914,-0.8924387
15505,1437154800427,-7.009624,6.8761473,-0.82121116
15506,1437154800441,-6.7731967,6.76362,-0.7930793
15507,1437154800442,-6.7229185,6.669647,-0.8026561
15508,1437154800452,-6.813898,6.666056,-0.842759
15509,1437154800470,-6.9844847,6.7923503,-0.98461545
15510,1437154800492,-6.9958572,6.743269,-0.9911995
15511,1437154800510,-6.801927,6.694188,-1.0313023
15512,1437154800535,-6.68102,6.64391,-1.1055226
15513,1437154800551,-6.9449806,6.6056023,-1.0737995
15514,1437154800571,-7.237672,6.7630215,-1.1049241
15515,1437154800592,-7.5201874,6.894104,-1.1468226
15516,1437154800612,-7.433996,6.847417,-1.0881647
15517,1437154800636,-7.191583,6.803723,-1.1366472
15518,1437154800654,-7.1844006,6.862979,-1.2294226
15519,1437154800699,-7.041946,6.9066734,-1.2240356
15520,1437154800700,-6.927623,6.947375,-1.2180501
15521,1437154800713,-6.7079544,6.9330096,-1.2234371
15522,1437154800735,-6.8486137,6.981492,-1.2773066
15523,1437154800753,-6.9743094,6.941988,-1.204882
15524,1437154800774,-6.8132997,6.8085113,-1.0899603
15525,1437154800794,-6.913856,6.736685,-0.9935937
15526,1437154800814,-6.904279,6.6684504,-0.8702923
15527,1437154800831,-7.026982,6.63972,-0.7613561
15528,1437154800854,-7.1706343,6.657676,-0.6979098
15529,1437154800874,-7.0688806,6.7360864,-0.6434417
15530,1437154800894,-7.0503254,6.7869635,-0.66498953
15531,1437154800914,-6.8545995,6.8743515,-0.6338649
15532,1437154800933,-6.770204,6.9342065,-0.6931214
15533,1437154800953,-6.7360864,7.0144124,-0.75716627
15534,1437154800974,-6.7725983,7.0581064,-0.75477207
15535,1437154800994,-6.7612257,7.0886326,-0.7457938
15536,1437154801014,-6.6325374,7.029376,-0.7260417
15537,1437154801034,-6.569091,7.0832458,-0.74758947
15538,1437154801051,-6.823475,7.0970125,-0.7392098
15539,1437154801072,-6.742072,7.061698,-0.6835446
15540,1437154801091,-6.6367273,7.031172,-0.6817489
15541,1437154801203,-6.654085,7.012018,-0.6607997
15542,1437154801204,-6.7079544,7.069479,-0.6823475
15543,1437154801205,-6.6732388,7.114969,-0.7302315
15544,1437154801206,-6.6534867,7.156269,-0.7272388
15545,1437154801207,-6.7013707,7.2286935,-0.7942764
15546,1437154801215,-6.7241154,7.219715,-0.8086416
15547,1437154801234,-6.6415157,7.1490865,-0.7787141
15548,1437154801252,-6.591836,7.1131735,-0.81402856
15549,1437154801271,-6.539762,7.0365586,-0.8026561
15550,1437154801305,-6.5481415,6.9485717,-0.8451532
15551,1437154801323,-6.715736,7.01142,-0.93613285
15552,1437154801331,-6.7965403,7.0209966,-0.9768343
15553,1437154801351,-6.700772,7.043741,-0.96546185
15554,1437154801373,-6.6732388,7.028179,-0.9175778
15555,1437154801394,-6.7444663,7.1251445,-0.8738836
15556,1437154801414,-6.82946,7.169437,-0.80325466
15557,1437154801435,-6.670246,7.123947,-0.65062433
15558,1437154801456,-6.6044054,7.192182,-0.58657944
15559,1437154801474,-6.5744777,7.241263,-0.5398925
15560,1437154801495,-6.42903,7.267599,-0.51475334
15561,1437154801515,-6.384139,7.3190746,-0.5327099
15562,1437154801532,-6.3793507,7.328053,-0.5710171
15563,1437154801555,-6.338649,7.33763,-0.6392518
15564,1437154801592,-6.435614,7.3352356,-0.7032967
15565,1437154801593,-6.367379,7.313089,-0.760159
15566,1437154801615,-6.4224463,7.253234,-0.80564886
15567,1437154801634,-6.4362125,7.1724296,-0.83138657
15568,1437154801654,-6.420052,7.129933,-0.85473
15569,1437154801672,-6.597223,7.1634517,-0.93014735
15570,1437154801695,-6.667852,7.1089835,-0.9163807
15571,1437154801715,-6.6744356,7.0545154,-0.9103952
15572,1437154801736,-6.740875,7.0245876,-0.90620536
15573,1437154801755,-6.827665,6.9605427,-0.90859956
15574,1437154801772,-6.8450227,6.938995,-0.82719666
15575,1437154801793,-6.9198413,6.9557543,-0.8098387
15576,1437154801814,-6.9557543,6.945579,-0.8038532
15577,1437154801832,-6.8839283,6.933608,-0.7565677
15578,1437154801909,-6.877943,6.9222355,-0.7787141
15579,1437154801922,-6.7809777,6.905476,-0.7673417
15580,1437154801923,-6.7510505,6.867169,-0.83378077
15581,1437154801924,-6.736685,6.835446,-0.82240826
15582,1437154801935,-6.7510505,6.8450227,-0.91219085
15583,1437154801952,-6.794146,6.8222775,-0.93972415
15584,1437154801974,-6.92044,6.8360443,-0.98341835
15585,1437154801992,-7.0251865,6.8240733,-0.9756372
15586,1437154802012,-6.953959,6.7684083,-0.91697925
15587,1437154802033,-6.87914,6.791752,-0.87328506
15588,1437154802053,-6.988076,6.8468184,-0.8283938
15589,1437154802073,-6.8982935,6.8348475,-0.8487445
15590,1437154802093,-6.8402343,6.8318543,-0.8463503
15591,1437154802113,-6.9144545,6.8647747,-0.87567925
15592,1437154802135,-6.969521,6.88752,-0.89902276
15593,1437154802155,-6.9306154,6.8719573,-0.9091981
15594,1437154802176,-6.8599863,6.8132997,-0.94331545
15595,1437154802193,-6.9479733,6.773795,-0.93014735
15596,1437154802215,-6.9240313,6.7079544,-0.88286185
15597,1437154802235,-6.9808936,6.7690067,-0.88286185
15598,1437154802253,-7.0048356,6.730101,-0.8343793
15599,1437154802277,-6.909666,6.6864066,-0.7978677
15600,1437154802293,-6.9048777,6.670246,-0.7505822
15601,1437154802314,-6.9348054,6.766014,-0.6865373
15602,1437154802336,-7.0012445,6.8462195,-0.70509243
15603,1437154802356,-7.1065893,7.0132155,-0.6817489
15604,1437154802375,-7.1006036,7.1185603,-0.8062474
15605,1437154802393,-6.89171,7.1347213,-0.87328506
15606,1437154802416,-6.7043633,7.120356,-0.92895025
15607,1437154802435,-6.615778,7.177218,-0.9696517
15608,1437154802455,-6.463746,7.2472486,-1.033098
15609,1437154802476,-6.2566476,7.3190746,-0.9864111
15610,1437154802493,-6.2045736,7.402273,-1.0145429
15611,1437154802513,-6.332065,7.5225816,-0.95827925
15612,1437154802533,-6.349423,7.48188,-0.83378077
15613,1437154802553,-6.299743,7.515998,-0.83138657
15614,1437154802585,-6.3248825,7.495647,-0.7799112
15615,1437154802641,-6.1967926,7.418434,-0.74639237
15616,1437154802642,-6.1447186,7.3723454,-0.8098387
15617,1437154802643,-6.2620344,7.3729444,-0.83018947
15618,1437154802661,-6.279991,7.3645644,-0.866701
15619,1437154802672,-6.209362,7.3645644,-0.97743285
15620,1437154802696,-6.1638722,7.439982,-1.1127052
15621,1437154802713,-6.211158,7.521983,-1.1540052
15622,1437154802733,-6.0716953,7.475895,-1.1426327
15623,1437154802753,-6.0884547,7.401076,-1.0672154
15624,1437154802773,-6.293758,7.419631,-1.0235212
15625,1437154802796,-6.4541693,7.3418193,-0.91578215
15626,1437154802813,-6.549339,7.3442135,-0.8283938
15627,1437154802836,-6.571485,7.2514386,-0.7781156
15628,1437154802853,-6.547543,7.2310877,-0.62847793
15629,1437154802874,-6.6654577,7.1502833,-0.45729253
15630,1437154802893,-6.667253,7.1113777,-0.24241292
15631,1437154802913,-6.607398,7.091625,-0.24420857
15632,1437154802936,-6.4685345,7.153276,-0.3633201
15633,1437154802956,-6.419453,7.2424603,-0.49919105
15634,1437154802976,-6.351817,7.3322425,-0.6380547
15635,1437154802996,-6.1836243,7.3567834,-0.7074866
15636,1437154803013,-6.0920463,7.3484035,-0.8050503
15637,1437154803035,-5.9998693,7.4226236,-0.8655039
15638,1437154803055,-5.9968767,7.4950485,-0.9379285
15639,1437154803076,-5.9956794,7.5112095,-1.0019734
15640,1437154803095,-6.099229,7.436989,-1.0109516
15641,1437154803113,-6.181829,7.498041,-1.0019734
15642,1437154803133,-6.3368535,7.463325,-1.0259154
15643,1437154803159,-6.432023,7.489063,-0.97264445
15644,1437154803174,-6.5577183,7.5052238,-0.9475053
15645,1437154803200,-6.528988,7.4591355,-0.9391256
15646,1437154803213,-6.3589997,7.377134,-0.9403227
15647,1437154803234,-6.2901664,7.3226657,-0.92655605
15648,1437154803254,-6.389526,7.341221,-0.99419224
15649,1437154803274,-6.483498,7.351396,-1.0324994
15650,1437154803295,-6.518214,7.367557,-1.0486604
15651,1437154803316,-6.551733,7.4226236,-1.122282
15652,1437154803365,-6.4948707,7.337031,-1.1785458
15653,1437154803366,-6.357204,7.3047094,-1.252766
15654,1437154803377,-6.3985043,7.325659,-1.3485341
15655,1437154803393,-6.4062853,7.335834,-1.3670892
15656,1437154803415,-6.3224883,7.339425,-1.459266
15657,1437154803435,-6.2985463,7.365163,-1.5167267
15658,1437154803453,-6.3129115,7.397485,-1.5688007
15659,1437154803473,-6.3003416,7.391499,-1.6160861
15660,1437154803494,-6.294955,7.363966,-1.6771383
15661,1437154803514,-6.329671,7.3100963,-1.7399861
15662,1437154803535,-6.3470287,7.2580223,-1.7435774
15663,1437154803554,-6.3631897,7.2047515,-1.769315
15664,1437154803574,-6.3661823,7.117962,-1.8166006
15665,1437154803595,-6.4188547,7.0724716,-1.7914615
15666,1437154803616,-6.555324,7.056311,-1.8004397
15667,1437154803634,-6.6349316,7.0515227,-1.8267759
15668,1437154803654,-6.6492968,7.0090256,-1.8351556
15669,1437154803677,-6.669647,7.0329676,-1.8686744
15670,1437154803694,-6.7253127,7.0305734,-1.8471266
15671,1437154803714,-6.627749,6.8689647,-1.834557
15672,1437154803735,-6.577471,6.8450227,-1.8309658
15673,1437154803754,-6.7384806,6.8222775,-1.8219875
15674,1437154803777,-6.815694,6.83365,-1.8321629
15675,1437154803797,-6.950966,6.779781,-1.751957
15676,1437154803816,-6.947375,6.7612257,-1.7585411
15677,1437154803836,-6.96174,6.76362,-1.7788919
15678,1437154803856,-6.915053,6.7199254,-1.775899
15679,1437154803876,-6.815694,6.6846113,-1.8309658
15680,1437154803894,-6.811504,6.669049,-1.8243817
15681,1437154803917,-6.8360443,6.663662,-1.8327614
15682,1437154803935,-6.9102645,6.6905966,-1.821389
15683,1437154803955,-6.952163,6.7109475,-1.8130093
15684,1437154803977,-7.0383544,6.717531,-1.809418
15685,1437154803999,-7.0449386,6.689998,-1.7603368
15686,1437154804020,-6.965331,6.645107,-1.7172412
15687,1437154804036,-6.9186444,6.6486983,-1.7477672
15688,1437154804058,-6.939594,6.6367273,-1.6867151
15689,1437154804137,-7.0048356,6.6427126,-1.6645688
15690,1437154804138,-6.9545574,6.567295,-1.6394296
15691,1437154804139,-6.9383965,6.540959,-1.5945383
15692,1437154804140,-7.015011,6.551733,-1.5693992
15693,1437154804155,-7.00723,6.5720835,-1.4999673
15694,1437154804174,-7.043143,6.597223,-1.477821
15695,1437154804194,-7.00304,6.5864487,-1.4526819
15696,1437154804214,-6.9796963,6.570288,-1.4197617
15697,1437154804249,-7.023989,6.613982,-1.4257472
15698,1437154804256,-7.0581064,6.669647,-1.4317327
15699,1437154804276,-7.0461354,6.724714,-1.441908
15700,1437154804295,-7.021595,6.70975,-1.4598645
15701,1437154804321,-6.893505,6.657078,-1.4885949
15702,1437154804338,-7.019799,6.685808,-1.5185224
15703,1437154804356,-7.0994067,6.6349316,-1.5400703
15704,1437154804378,-7.102998,6.6187706,-1.5370775
15705,1437154804398,-7.2765775,6.6056023,-1.5191209
15706,1437154804417,-7.270592,6.5948286,-1.4478935
15707,1437154804438,-7.1820064,6.5403605,-1.4502877
15708,1437154804456,-7.1113777,6.506243,-1.3628993
15709,1437154804477,-7.0581064,6.4469867,-1.3359646
15710,1437154804498,-7.0156097,6.4589577,-1.3156139
15711,1437154804517,-7.1502833,6.4948707,-1.2779051
15712,1437154804534,-7.252037,6.4870896,-1.282095
15713,1437154804556,-7.2233067,6.4338183,-1.2270284
15714,1437154804575,-7.316082,6.431424,-1.252766
15715,1437154804596,-7.514202,6.4727244,-1.3108255
15716,1437154804614,-7.7332716,6.3404446,-1.2012907
15717,1437154804637,-7.762002,6.302736,-1.2054806
15718,1437154804658,-7.8793178,6.257845,-1.2114661
15719,1437154804677,-8.06008,6.172252,-1.1779473
15720,1437154804698,-8.107366,6.0268044,-0.9888053
15721,1437154804719,-7.626131,6.0423665,-1.0169371
15722,1437154804737,-7.1550717,6.159084,-1.0253168
15723,1437154804757,-6.8282633,6.371569,-0.842759
15724,1437154804778,-6.831256,6.628946,-0.79846627
15725,1437154804800,-6.825869,6.8348475,-0.7062895
15726,1437154804876,-6.6654577,6.8827314,-0.65242
15727,1437154804877,-6.558317,6.875549,-0.57400984
15728,1437154804878,-6.533178,6.7731967,-0.5105635
15729,1437154804879,-6.721721,6.699575,-0.4141969
15730,1437154804898,-6.9228344,6.645107,-0.35913026
15731,1437154804920,-6.921637,6.6708446,-0.43035775
15732,1437154804935,-7.009624,6.7869635,-0.4902128
15733,1437154804964,-6.8168907,6.870162,-0.62488663
15734,1437154804975,-6.467337,7.0209966,-0.6817489
15735,1437154804998,-6.547543,7.1969705,-0.7248446
15736,1437154805016,-6.645705,7.406463,-0.83018947
15737,1437154805035,-6.52001,7.562086,-0.93493575
15738,1437154805061,-6.3949127,7.6614456,-0.99060094
15739,1437154805079,-6.38773,7.685986,-0.9552865
15740,1437154805098,-6.377555,7.630321,-0.9103952
15741,1437154805118,-6.4541693,7.5136037,-0.75477207
15742,1437154805139,-6.5469446,7.33344,-0.63087213
15743,1437154805158,-6.658275,7.0664864,-0.41958386
15744,1437154805178,-7.3166804,6.867768,-0.1945289
15745,1437154805199,-8.304289,6.591237,-0.059855044
15746,1437154805218,-8.185177,5.969343,0.24181437
15747,1437154805238,-6.683414,5.675455,0.39025488
15748,1437154805257,-5.395334,5.955577,0.3226187
15749,1437154805276,-4.6220064,7.1622543,0.093373865
15750,1437154805299,-5.191228,8.3072815,-0.5021838
15751,1437154805315,-6.057929,8.641273,-0.6973112
15752,1437154805336,-6.485294,8.439561,-0.45729253
15753,1437154805355,-6.3272767,8.004415,-0.521936
15754,1437154805379,-6.2967505,7.4854717,-0.3854665
15755,1437154805402,-6.667852,7.237672,-0.23642741
15756,1437154805418,-6.999449,7.079056,-0.28670564
15757,1437154805439,-7.083844,6.904279,-0.23163901
15758,1437154805459,-6.996456,6.7199254,-0.17956513
15759,1437154805475,-6.7761893,6.6391215,-0.12030864
15760,1437154805495,-6.4523735,6.6427126,-0.08678981
15761,1437154805518,-6.3500214,6.8581905,-0.16699557
15762,1437154805540,-6.59423,7.100005,-0.2136825
15763,1437154805590,-6.67683,7.2245035,-0.18974048
15764,1437154805591,-6.742072,7.321469,-0.22924481
15765,1437154805609,-6.7522473,7.229292,-0.25438392
15766,1437154805617,-6.940192,7.1101804,-0.16160862
15767,1437154805645,-7.3747396,7.123947,-0.2136825
15768,1437154805659,-6.830059,6.951565,-0.23223756
15769,1437154805675,-6.1848216,6.92044,-0.16998832
15770,1437154805696,-6.4224463,7.116166,-0.14305355
15771,1437154805715,-6.619968,7.217321,-0.25558102
15772,1437154805739,-6.3967085,7.08983,-0.1340753
15773,1437154805758,-6.3129115,7.025785,0.04309563
15774,1437154805776,-6.477513,7.0730705,-0.012569559
15775,1437154805796,-6.5804634,7.165846,-0.11791443
15776,1437154805819,-6.6187706,7.259818,-0.21428105
15777,1437154805839,-6.5828576,7.2849574,-0.3549404
15778,1437154805859,-6.591237,7.3579803,-0.42676646
15779,1437154805876,-6.5523314,7.374141,-0.44592008
15780,1437154805899,-6.531981,7.4483614,-0.52492875
15781,1437154805919,-6.4404025,7.5028296,-0.50637364
15782,1437154805939,-6.3326635,7.53575,-0.48003745
15783,1437154805959,-6.2728086,7.4681134,-0.3669114
15784,1437154805979,-6.163274,7.4148426,-0.24779987
15785,1437154805998,-6.1638722,7.410054,-0.14963761
15786,1437154806017,-6.2195373,7.3867106,-0.11851298
15787,1437154806039,-6.302736,7.387908,-0.10354923
15788,1437154806059,-6.2626333,7.355586,-0.15622166
15789,1437154806076,-6.3793507,7.3753386,-0.10175357
15790,1437154806098,-6.3344593,7.392098,-0.15143326
15791,1437154806118,-6.283582,7.4046674,-0.13467385
15792,1437154806139,-6.3242836,7.4507556,-0.09876082
15793,1437154806169,-6.3793507,7.4974427,-0.10474633
15794,1437154806201,-6.297349,7.462128,-0.11492168
15795,1437154806202,-6.250662,7.3849154,-0.061052144
15796,1437154806217,-6.361394,7.3950906,-0.06464344
15797,1437154806237,-6.35062,7.3992805,-0.108337626
15798,1437154806256,-6.2404866,7.3867106,-0.06344634
15799,1437154806310,-6.2847795,7.48188,-0.08439561
15800,1437154806311,-6.250662,7.455544,-0.14544775
15801,1437154806316,-6.2554507,7.4561424,-0.110731825
15802,1437154806336,-6.2500634,7.5082164,-0.15562311
15803,1437154806357,-6.283582,7.438186,-0.16160862
15804,1437154806376,-6.265626,7.459734,-0.05925649
15805,1437154806396,-6.31351,7.463924,-0.091578215
15806,1437154806424,-6.3470287,7.4842744,-0.050876785
15807,1437154806443,-6.2985463,7.491457,-0.12629414
15808,1437154806456,-6.213552,7.467515,-0.14724341
15809,1437154806477,-6.157887,7.480085,-0.108936176
15810,1437154806496,-6.1507044,7.489063,-0.109534726
15811,1437154806516,-6.1740475,7.4627266,-0.08439561
15812,1437154806536,-6.18542,7.487866,-0.10295067
15813,1437154806556,-6.095039,7.4746976,-0.09995792
15814,1437154806576,-6.156091,7.511808,-0.09876082
15815,1437154806596,-6.277597,7.53156,-0.15622166
15816,1437154806616,-6.2099605,7.4866686,-0.16519992
15817,1437154806636,-6.217143,7.489063,-0.1604115
15818,1437154806660,-6.194997,7.4884644,-0.20649989
15819,1437154806676,-6.167464,7.4926543,-0.20709845
15820,1437154806696,-6.2524576,7.5471225,-0.272939
15821,1437154806717,-6.271013,7.608773,-0.30825347
15822,1437154806739,-6.0956373,7.619547,-0.3441665
15823,1437154806760,-6.0184245,7.6171527,-0.3172317
15824,1437154806780,-5.9741316,7.6243353,-0.33877954
15825,1437154806796,-5.9849057,7.644686,-0.36750996
15826,1437154806816,-5.981913,7.6680293,-0.37469256
15827,1437154806838,-5.911284,7.681796,-0.40342298
15828,1437154806860,-5.786187,7.739257,-0.4201824
15829,1437154806875,-5.6161985,7.8571715,-0.40761283
15830,1437154806895,-5.127183,7.9433627,-0.3812766
15831,1437154806916,-4.68665,8.236652,-0.5434838
15832,1437154806938,-4.4538136,8.689755,-1.1779473
15833,1437154806965,-4.6740804,9.095572,-1.8321629
15834,1437154806975,-5.1385555,9.020754,-2.0326772
15835,1437154806996,-5.1200004,8.705916,-2.1499932
15836,1437154807018,-5.177461,8.697536,-2.5019407
15837,1437154807036,-5.580884,8.483255,-2.7868507
15838,1437154807059,-5.8143187,7.9786773,-2.493561
15839,1437154807077,-6.297349,7.404069,-2.0374656
15840,1437154807098,-6.803723,6.952163,-1.7872716
15841,1437154807120,-7.116166,6.4565635,-1.3138182
15842,1437154807141,-7.3699512,5.9902925,-0.6374562
15843,1437154807157,-7.3699512,5.9029045,-0.31902736
15844,1437154807176,-7.29214,6.091448,-0.5105635
15845,1437154807197,-7.6363063,6.1884127,-0.45429978
15846,1437154807220,-7.727885,6.2488666,-0.35793316
15847,1437154807238,-7.394492,6.3224883,-0.427365
15848,1437154807261,-7.2969284,6.379949,-0.44711718
15849,1437154807281,-7.189788,6.4565635,-0.4189853
15850,1437154807300,-7.161656,6.5206084,-0.36032736
15851,1437154807317,-7.041347,6.5505357,-0.31603462
15852,1437154807341,-6.8079123,6.579266,-0.29628247
15853,1437154807359,-6.9545574,6.6056023,-0.2100912
15854,1437154807378,-7.176021,6.5858502,-0.29568392
15855,1437154807399,-7.0970125,6.534375,-0.36631286
15856,1437154807420,-7.053318,6.5487404,-0.5243302
15857,1437154807443,-7.2969284,6.5511346,-0.7062895
15858,1437154807463,-7.3669586,6.4523735,-0.7870938
15859,1437154807481,-7.405266,6.3111157,-0.8834604
15860,1437154807498,-7.510012,6.2913637,-0.99299514
15861,1437154807519,-7.5686703,6.271013,-1.1366472
15862,1437154807538,-7.4812818,6.3182983,-1.2264298
15863,1437154807557,-7.425018,6.3548098,-1.3227965
15864,1437154807595,-7.4854717,6.4487824,-1.365892
15865,1437154807601,-7.4226236,6.4487824,-1.400608
15866,1437154807617,-7.28795,6.4828997,-1.4514848
15867,1437154807637,-7.2322845,6.491279,-1.4856021
15868,1437154807657,-7.1820064,6.4697313,-1.4742297
15869,1437154807690,-7.1670427,6.4457893,-1.5065514
15870,1437154807700,-7.089231,6.501455,-1.5173253
15871,1437154807718,-7.1347213,6.5098343,-1.5388732
15872,1437154807739,-7.191583,6.4709287,-1.536479
15873,1437154807759,-7.2670007,6.39611,-1.5717934
15874,1437154807779,-7.316082,6.3482256,-1.5676036
15875,1437154807804,-7.465719,6.419453,-1.5933412
15876,1437154807818,-7.4286094,6.3781533,-1.6537948
15877,1437154807841,-7.307702,6.389526,-1.6208745
15878,1437154807861,-7.301118,6.4044895,-1.6472107
15879,1437154807881,-7.2831616,6.506243,-1.6531962
15880,1437154807901,-7.271789,6.477513,-1.5927427
15881,1437154807920,-7.121553,6.443994,-1.5765818
15882,1437154807942,-7.1185603,6.4583592,-1.5879543
15883,1437154807960,-7.2005615,6.4427967,-1.5855601
15884,1437154807984,-7.08983,6.4140663,-1.602918
15885,1437154807999,-7.0569096,6.4427967,-1.6400281
15886,1437154808018,-7.2209125,6.4697313,-1.6106992
15887,1437154808039,-7.3687544,6.5008564,-1.596334
15888,1437154808063,-7.3789296,6.4421983,-1.543063
15889,1437154808083,-7.4166384,6.342839,-1.4502877
15890,1437154808104,-7.3460093,6.223129,-1.4401124
15891,1437154808121,-7.3286514,6.3087215,-1.42455
15892,1437154808138,-7.4286094,6.362591,-1.5514427
15893,1437154808159,-7.2149267,6.3542113,-1.5269021
15894,1437154808178,-6.8557963,6.2943563,-1.6023195
15895,1437154808201,-6.9689226,6.453571,-1.7238252
15896,1437154808219,-7.2580223,6.4840965,-1.780089
15897,1437154808290,-7.193379,6.445191,-1.75076
15898,1437154808291,-7.132327,6.362591,-1.83336
15899,1437154808292,-7.189189,6.3392477,-1.7729063
15900,1437154808300,-7.271789,6.381745,-1.8046296
15901,1437154808319,-7.162853,6.339846,-1.6968905
15902,1437154808338,-7.1742253,6.315904,-1.6484078
15903,1437154808359,-7.16824,6.353613,-1.6274586
15904,1437154808383,-7.4764934,6.5110316,-1.6232687
15905,1437154808400,-7.1754227,6.5607114,-1.7076644
15906,1437154808421,-7.141305,6.603807,-1.8710686
15907,1437154808440,-7.1047935,6.569091,-1.8339585
15908,1437154808460,-7.189189,6.5337763,-1.7603368
15909,1437154808478,-7.4567413,6.55293,-1.8567034
15910,1437154808501,-7.08983,6.661866,-1.8028339
15911,1437154808522,-6.849811,6.669647,-1.8339585
15912,1437154808543,-6.7468605,6.3380504,-1.7531542
15913,1437154808560,-6.9132576,6.4858923,-1.6190789
15914,1437154808581,-7.33344,6.547543,-1.8016368
15915,1437154808606,-7.1287355,6.567295,-1.6585833
15916,1437154808620,-7.1395097,6.55293,-1.6478093
15917,1437154808640,-7.047931,6.658275,-1.7429788
15918,1437154808659,-6.9581485,6.5666966,-1.6753427
15919,1437154808681,-7.0982094,6.595427,-1.6328455
15920,1437154808701,-7.1371155,6.6247563,-1.6256629
15921,1437154808722,-7.03177,6.5696893,-1.6759412
15922,1437154808742,-6.951565,6.5601125,-1.6190789
15923,1437154808759,-6.9731126,6.5882444,-1.6651673
15924,1437154808779,-7.0102224,6.581062,-1.6352397
15925,1437154808800,-7.0287776,6.5505357,-1.584363
15926,1437154808820,-6.933608,6.5098343,-1.5897499
15927,1437154808841,-6.9467764,6.5385647,-1.5945383
15928,1437154808862,-7.00723,6.575675,-1.6340426
15929,1437154808880,-7.0365586,6.6864066,-1.6980876
15930,1437154808900,-7.028179,6.6229606,-1.6705543
15931,1437154808920,-7.1425023,6.652888,-1.6478093
15932,1437154808951,-7.0970125,6.5924344,-1.6897079
15933,1437154809005,-7.0491285,6.6067996,-1.6543933
15934,1437154809017,-7.0712748,6.601413,-1.6657659
15935,1437154809018,-7.125743,6.597821,-1.6519991
15936,1437154809019,-7.0940194,6.5361705,-1.6298528
15937,1437154809040,-7.1263413,6.517017,-1.6597804
15938,1437154809060,-7.1700354,6.4840965,-1.6017209
15939,1437154809079,-7.156269,6.465542,-1.5933412
15940,1437154809099,-7.2484455,6.5307837,-1.5855601
15941,1437154809122,-7.3711486,6.547543,-1.6005238
15942,1437154809140,-7.037756,6.5762734,-1.5394717
15943,1437154809163,-6.7965403,6.4344172,-1.602918
15944,1437154809179,-6.75943,6.543952,-1.5346833
15945,1437154809202,-7.138911,6.739678,-1.6675615
15946,1437154809223,-7.1927805,6.7450647,-1.7178397
15947,1437154809240,-6.76781,6.545149,-1.5382746
15948,1437154809262,-6.9916677,6.567295,-1.5400703
15949,1437154809282,-6.8863225,6.499659,-1.5466543
15950,1437154809302,-7.021595,6.493075,-1.4616601
15951,1437154809322,-7.1844006,6.581062,-1.525705
15952,1437154809340,-7.270592,6.5068417,-1.5765818
15953,1437154809362,-7.2191167,6.549339,-1.4490906
15954,1437154809382,-7.049727,6.4188547,-1.6172832
15955,1437154809403,-7.1808095,6.5367694,-1.4987702
15956,1437154809419,-7.1514807,6.599617,-1.6968905
15957,1437154809442,-7.0569096,6.7133417,-1.6472107
15958,1437154809460,-6.9222355,6.7600284,-1.7657237
15959,1437154809480,-6.7827735,6.5990186,-1.6849195
15960,1437154809500,-6.964134,6.6750345,-1.6424223
15961,1437154809525,-7.1101804,6.659472,-1.7118542
15962,1437154809548,-7.1311297,6.7223196,-1.6304513
15963,1437154809560,-6.9982514,6.7013707,-1.6873137
15964,1437154809582,-6.7923503,6.517616,-1.6005238
15965,1437154809601,-6.904279,6.758233,-1.6304513
15966,1437154809629,-6.9108634,6.6325374,-1.6777369
15967,1437154809644,-6.9970546,6.7223196,-1.4640543
15968,1437154809663,-7.20116,6.7600284,-1.7052702
15969,1437154809763,-6.8132997,6.8246717,-1.5304934
15970,1437154809764,-6.7887588,6.725911,-1.5957354
15971,1437154809765,-6.7306995,6.7708025,-1.6196774
15972,1437154809766,-6.8647747,6.7199254,-1.6011224
15973,1437154809767,-6.891111,6.807314,-1.6035166
15974,1437154809842,-7.0012445,6.8324533,-1.6555905
15975,1437154809843,-6.945579,6.8091097,-1.745373
15976,1437154809844,-6.5020533,6.5858502,-1.6304513
15977,1437154809845,-6.847417,6.7223196,-1.6531962
15978,1437154809861,-7.023989,6.7085533,-1.7579426
15979,1437154809880,-6.976105,6.6708446,-1.6154876
15980,1437154809900,-7.053917,6.667852,-1.6944963
15981,1437154809920,-7.045537,6.661866,-1.6992847
15982,1437154809940,-7.08564,6.743269,-1.6531962
15983,1437154809960,-7.001843,6.7384806,-1.6741456
15984,1437154809980,-6.9904704,6.7612257,-1.6591818
15985,1437154810002,-6.9066734,6.71813,-1.6531962
15986,1437154810122,-6.8563952,6.8198833,-1.6980876
15987,1437154810123,-6.7731967,6.8611836,-1.6813282
15988,1437154810124,-6.6229606,6.8462195,-1.745373
15989,1437154810125,-6.6079965,6.769605,-1.5831659
15990,1437154810126,-6.862979,6.8013287,-1.6537948
15991,1437154810127,-6.8563952,6.7426705,-1.5933412
15992,1437154810302,-6.785766,6.6744356,-1.4981717
15993,1437154810303,-6.8581905,6.7684083,-1.6244658
15994,1437154810304,-7.0126166,6.9000893,-1.6753427
15995,1437154810305,-6.881534,6.839636,-1.6897079
15996,1437154810306,-6.853402,6.8528037,-1.6921021
15997,1437154810307,-6.9784994,6.8761473,-1.7160441
15998,1437154810308,-6.915053,6.827066,-1.6382325
15999,1437154810309,-6.931214,6.7684083,-1.6208745
16000,1437154810310,-6.8013287,6.6564794,-1.5831659
16001,1437154810318,-6.7133417,6.6870055,-1.6454151
16002,1437154810338,-6.6241574,6.766014,-1.7842789
16003,1437154810358,-6.63553,6.8587894,-1.8237832
16004,1437154810378,-6.700772,6.8707604,-1.9153614
16005,1437154810398,-6.6666546,6.83365,-1.8393455
16006,1437154810418,-6.8330517,6.891111,-1.8698715
16007,1437154810438,-6.9605427,6.871359,-1.8890251
16008,1437154810458,-6.8653736,6.809708,-1.8339585
16009,1437154810478,-6.8486137,6.873753,-1.9099745
16010,1437154810499,-6.8198833,6.906075,-1.9512744
16011,1437154810519,-6.7253127,6.88333,-1.9416976
16012,1437154810539,-6.731298,6.851607,-1.9512744
16013,1437154810559,-6.745663,6.8522053,-1.9147629
16014,1437154810579,-6.7654157,6.8288617,-1.9057846
16015,1437154810603,-6.7109475,6.777985,-1.917157
16016,1437154810619,-6.70556,6.739678,-1.8369513
16017,1437154810643,-6.758233,6.7905545,-1.9231426
16018,1437154810663,-6.7546415,6.7654157,-1.8734628
16019,1437154810704,-6.7492547,6.740875,-1.8848352
16020,1437154810705,-6.754043,6.7504516,-1.8956091
16021,1437154810720,-6.8426285,6.8228765,-2.006341
16022,1437154810740,-6.811504,6.799533,-2.0266917
16023,1437154810760,-6.7468605,6.8049197,-2.066196
16024,1437154810784,-6.7851677,6.783372,-2.1254525
16025,1437154810804,-6.8162923,6.787562,-2.106299
16026,1437154810821,-6.862979,6.7492547,-2.0949266
16027,1437154810843,-6.854001,6.700772,-2.0362685
16028,1437154810865,-6.849811,6.673837,-2.043451
16029,1437154810885,-6.9306154,6.7546415,-2.034473
16030,1437154810905,-6.9144545,6.7749925,-2.083554
16031,1437154810922,-6.821679,6.7426705,-2.1122844
16032,1437154810941,-6.7719994,6.7205243,-2.0697873
16033,1437154810960,-6.794146,6.7283053,-2.0608091
16034,1437154810980,-6.8264675,6.7013707,-2.047641
16035,1437154811005,-6.8522053,6.724714,-2.0290859
16036,1437154811025,-6.903681,6.725911,-2.0380642
16037,1437154811045,-6.882133,6.7121444,-1.9949685
16038,1437154811061,-6.8773446,6.741473,-2.0111294
16039,1437154811083,-6.9264255,6.741473,-1.9788077
16040,1437154811116,-6.8587894,6.6828156,-1.9590555
16041,1437154811122,-6.897695,6.6612678,-1.9213469
16042,1437154811142,-6.9342065,6.679224,-1.8854338
16043,1437154811161,-6.9210386,6.640917,-1.863886
16044,1437154811181,-6.8168907,6.5870476,-1.8662802
16045,1437154811201,-6.8492126,6.599617,-1.8632874
16046,1437154811224,-6.9527617,6.6361284,-1.9033904
16047,1437154811249,-7.0006456,6.669647,-1.8770541
16048,1437154811261,-6.976105,6.6588736,-1.8746599
16049,1437154811282,-6.9826894,6.6840124,-1.8052281
16050,1437154811301,-7.017405,6.701969,-1.8124107
16051,1437154811322,-6.8653736,6.694188,-1.8010383
16052,1437154811343,-6.8545995,6.757634,-1.8369513
16053,1437154811364,-6.89171,6.761824,-1.8686744
16054,1437154811384,-6.891111,6.7863646,-1.8435353
16055,1437154811408,-6.857592,6.7199254,-1.8124107
16056,1437154811424,-6.719327,6.6732388,-1.7495629
16057,1437154811444,-6.803124,6.7306995,-1.775899
16058,1437154811464,-6.889914,6.767211,-1.774702
16059,1437154811484,-6.931214,6.7785835,-1.8070238
16060,1437154811504,-6.8210807,6.817489,-1.8351556
16061,1437154811522,-6.8025255,6.8043213,-1.8142064
16062,1437154811543,-6.8222775,6.8563952,-1.8459295
16063,1437154811564,-6.727707,6.8007298,-1.8387469
16064,1437154811582,-6.7893577,6.839636,-1.858499
16065,1437154811603,-6.849811,6.8486137,-1.8902222
16066,1437154811625,-6.8127007,6.803723,-1.858499
16067,1437154811643,-6.7881603,6.7947445,-1.8800468
16068,1437154811663,-6.8982935,6.7983356,-1.8734628
16069,1437154811684,-6.9527617,6.785766,-1.8734628
16070,1437154811705,-6.8958993,6.725911,-1.8363527
16071,1437154811725,-6.8210807,6.63134,-1.7729063
16072,1437154811905,-6.851008,6.615179,-1.7549498
16073,1437154811906,-6.932411,6.6480994,-1.7411832
16074,1437154811907,-6.9581485,6.6265516,-1.7286136
16075,1437154811908,-6.9186444,6.6002154,-1.7363948
16076,1437154811909,-6.989872,6.637924,-1.6968905
16077,1437154811910,-7.023391,6.6600704,-1.7034745
16078,1437154811948,-7.00723,6.6750345,-1.6861166
16079,1437154811949,-6.9719152,6.697779,-1.6986861
16080,1437154811950,-6.8085113,6.682217,-1.7202339
16081,1437154811951,-6.879739,6.76362,-1.7363948
16082,1437154811952,-6.927024,6.8109055,-1.7932571
16083,1437154812119,-6.9090676,6.7827735,-1.7585411
16084,1437154812128,-6.877943,6.757634,-1.7537527
16085,1437154812129,-6.827665,6.7480574,-1.7154455
16086,1437154812130,-6.9024835,6.7725983,-1.7040731
16087,1437154812131,-6.9066734,6.7845693,-1.7208325
16088,1437154812132,-6.8785415,6.7749925,-1.7399861
16089,1437154812133,-6.8641763,6.7666125,-1.7166426
16090,1437154812134,-6.84203,6.777985,-1.7088615
16091,1437154812135,-6.8563952,6.7923503,-1.7244238
16092,1437154812169,-6.7306995,6.717531,-1.6885108
16093,1437154812170,-6.8121023,6.801927,-1.7316064
16094,1437154812182,-6.9186444,6.8198833,-1.7357962
16095,1437154812202,-6.8246717,6.7330937,-1.7034745
16096,1437154812222,-6.8067155,6.735488,-1.7166426
16097,1437154812241,-6.919243,6.723517,-1.7082629
16098,1437154812261,-6.941389,6.743269,-1.7070658
16099,1437154812281,-6.8988924,6.746262,-1.7010803
16100,1437154812313,-6.815095,6.7079544,-1.6938977
16101,1437154812321,-6.8228765,6.7510505,-1.714847
16102,1437154812341,-6.8492126,6.7983356,-1.7531542
16103,1437154812361,-6.818088,6.813898,-1.738789
16104,1437154812381,-6.7809777,6.7989345,-1.751957
16105,1437154812400,-6.717531,6.8144965,-1.7417817
16106,1437154812420,-6.758233,6.813898,-1.7962499
16107,1437154812441,-6.7612257,6.830059,-1.7986441
16108,1437154812460,-6.7785835,6.7959414,-1.7836803
16109,1437154812481,-6.742072,6.7731967,-1.7980455
16110,1437154812500,-6.9557543,6.857592,-1.8381484
16111,1437154812521,-6.9461775,6.8288617,-1.8435353
16112,1437154812541,-6.8468184,6.7905545,-1.8195933
16113,1437154812561,-6.82946,6.757634,-1.8148049
16114,1437154812581,-6.7666125,6.791153,-1.8273745
16115,1437154812601,-6.8384385,6.8198833,-1.8189948
16116,1437154812621,-6.815694,6.830059,-1.8363527
16117,1437154812641,-6.703166,6.7845693,-1.8543092
16118,1437154812661,-6.6804214,6.7570357,-1.8794483
16119,1437154812682,-6.7959414,6.770204,-1.8668787
16120,1437154812702,-6.892308,6.7845693,-1.8830396
16121,1437154812723,-6.8384385,6.749853,-1.8806454
16122,1437154812743,-6.9240313,6.8264675,-1.917157
16123,1437154812763,-6.9826894,6.885724,-2.0021513
16124,1437154812782,-6.8462195,6.8599863,-2.019509
16125,1437154812803,-6.779182,6.851008,-2.0871453
16126,1437154812823,-6.7342906,6.8007298,-2.106299
16127,1437154812843,-6.7570357,6.7600284,-2.1380222
16128,1437154812864,-6.7743936,6.68102,-2.1176715
16129,1437154812883,-6.8324533,6.613384,-2.1068976
16130,1437154812903,-6.915053,6.5864487,-2.1176715
16131,1437154812923,-7.000047,6.5427547,-2.0937295
16132,1437154812943,-7.08564,6.535572,-2.0961237
16133,1437154812963,-7.0503254,6.495469,-2.1080947
16134,1437154812984,-6.9342065,6.467337,-2.110489
16135,1437154813004,-6.8970966,6.4900823,-2.1176715
16136,1437154813026,-7.0066314,6.59004,-2.1134815
16137,1437154813043,-6.986879,6.613982,-2.1092918
16138,1437154813063,-6.884527,6.587646,-2.0883424
16139,1437154813084,-6.819285,6.667253,-2.094328
16140,1437154813103,-6.9144545,6.741473,-2.1051018
16141,1437154813124,-6.892308,6.767211,-2.0392613
16142,1437154813162,-6.839037,6.729502,-1.9746178
16143,1437154813165,-6.8121023,6.8240733,-1.9476831
16144,1437154813184,-6.867768,6.9467764,-1.965041
16145,1437154813203,-6.692991,6.9503675,-2.0290859
16146,1437154813222,-6.5152216,6.935404,-2.03148
16147,1437154813243,-6.570288,6.9767036,-2.0925324
16148,1437154813263,-6.643311,6.9904704,-2.078167
16149,1437154813283,-6.59004,6.89171,-2.0242975
16150,1437154813303,-6.646304,6.867768,-1.9949685
16151,1437154813323,-6.769605,6.8641763,-2.0171149
16152,1437154813343,-6.8025255,6.7959414,-1.970428
16153,1437154813363,-6.7690067,6.785766,-1.9716251
16154,1437154813385,-6.815694,6.761824,-1.9716251
16155,1437154813404,-6.823475,6.76781,-1.9303252
16156,1437154813426,-6.8426285,6.817489,-1.9255368
16157,1437154813443,-6.809708,6.7959414,-1.9686323
16158,1437154813464,-6.667253,6.787562,-1.9620483
16159,1437154813483,-6.657078,6.7983356,-1.9722236
16160,1437154813504,-6.7546415,6.791153,-1.9800048
16161,1437154813525,-6.7253127,6.787562,-1.9446903
16162,1437154813544,-6.7743936,6.7654157,-1.9387048
16163,1437154813564,-6.8623805,6.7785835,-1.9045875
16164,1437154813584,-6.940192,6.7851677,-1.917157
16165,1437154813603,-6.9342065,6.733692,-1.9375077
16166,1437154813623,-6.827066,6.7223196,-1.963844
16167,1437154813643,-6.8773446,6.7402763,-2.030283
16168,1437154813664,-6.9078703,6.8001313,-2.0320787
16169,1437154813690,-7.0006456,6.8689647,-2.03148
16170,1437154813704,-6.8043213,6.7690067,-1.9123687
16171,1437154813723,-6.716933,6.7845693,-1.851915
16172,1437154813745,-6.781576,6.8462195,-1.8770541
16173,1437154813764,-6.727108,6.9066734,-1.851915
16174,1437154813784,-6.634333,6.915053,-1.863886
16175,1437154813804,-6.5655,6.9090676,-1.8579005
16176,1437154813876,-6.6588736,6.953959,-1.8602947
16177,1437154813877,-6.679224,6.939594,-1.8698715
16178,1437154813878,-6.6121864,6.903681,-1.8118122
16179,1437154813885,-6.6959834,6.9330096,-1.8166006
16180,1437154813914,-6.75943,6.8887167,-1.7393875
16181,1437154813926,-6.743269,6.9126587,-1.5987282
16182,1437154813943,-6.652888,6.927024,-1.6687586
16183,1437154813964,-6.6774287,6.9719152,-1.6154876
16184,1437154813984,-6.711546,7.028179,-1.6561891
16185,1437154814006,-6.6492968,7.086837,-1.7675194
16186,1437154814025,-6.505645,7.0144124,-1.769315
16187,1437154814045,-6.6391215,7.04434,-1.7830818
16188,1437154814068,-6.700772,7.029975,-1.797447
16189,1437154814085,-6.6642604,6.9862804,-1.8543092
16190,1437154814108,-6.7600284,7.0329676,-1.8477252
16191,1437154814126,-6.941389,7.0108213,-1.882441
16192,1437154814147,-6.855198,6.92044,-1.8423382
16193,1437154814168,-6.8773446,6.8186865,-1.7950528
16194,1437154814186,-6.8743515,6.8091097,-1.6843209
16195,1437154814204,-6.964134,6.8222775,-1.6424223
16196,1437154814225,-6.811504,6.8204823,-1.520318
16197,1437154814246,-6.895301,6.9144545,-1.4502877
16198,1437154814268,-6.6642604,6.941389,-1.3455414
16199,1437154814285,-6.494272,6.9168487,-1.1336545
16200,1437154814305,-6.4392056,6.9126587,-1.0235212
16201,1437154814326,-6.4721255,6.938995,-0.81522566
16202,1437154814346,-6.5619082,6.951565,-0.7350199
16203,1437154814367,-6.47033,7.01142,-0.6667852
16204,1437154814386,-6.3458314,6.9701195,-0.6171055
16205,1437154814409,-6.2883706,7.0664864,-0.6985083
16206,1437154814425,-6.3697734,7.132327,-0.75237787
16207,1437154814448,-6.3153057,7.231686,-0.8242039
16208,1437154814468,-6.5666966,7.5201874,-0.99658644
16209,1437154814486,-6.67683,7.602189,-0.94690675
16210,1437154814519,-6.4068837,7.7207017,-0.9175778
16211,1437154814588,-6.4044895,7.8613615,-0.93972415
16212,1437154814589,-6.1447186,7.928399,-0.87567925
16213,1437154814590,-5.9902925,7.8625584,-0.7380127
16214,1437154814591,-5.843049,7.702147,-0.60932434
16215,1437154814605,-5.8095303,7.4812818,-0.36032736
16216,1437154814624,-6.007651,7.3088994,-0.24301147
16217,1437154814648,-6.181829,7.100005,-0.2136825
16218,1437154814664,-6.4344172,7.001843,-0.14664486
16219,1437154814685,-6.7091517,6.9970546,-0.15502456
16220,1437154814705,-6.813898,7.03177,-0.20530279
16221,1437154814728,-6.694188,7.1341224,-0.2088941
16222,1437154814745,-6.573281,7.229292,-0.15203181
16223,1437154814767,-6.4230447,7.337031,-0.08140286
16224,1437154814786,-6.3009405,7.4495587,-0.05207389
16225,1437154814807,-6.3248825,7.5668745,0.002992752
16226,1437154814825,-6.3967085,7.739257,-0.060453594
16227,1437154814847,-6.3033347,7.735666,-0.02633622
16228,1437154814868,-6.0597243,7.595605,0.092775315
16229,1437154814888,-5.8604074,7.5692687,0.12210429
16230,1437154814907,-5.9489927,7.5453267,0.08379706
16231,1437154814925,-6.0728927,7.6189485,0.05626374
16232,1437154814947,-5.9621606,7.666234,-0.04189853
16233,1437154814966,-5.607819,7.5722613,-0.039504327
16234,1437154814986,-5.9118824,7.5507135,-0.11671733
16235,1437154815009,-6.06152,7.644686,-0.17417817
16236,1437154815026,-6.1608796,7.5944076,-0.31304187
16237,1437154815045,-5.9998693,7.314286,-0.17357962
16238,1437154815064,-6.081272,7.351995,-0.2160767
16239,1437154815087,-6.3991027,7.389105,-0.35913026
16240,1437154815111,-6.5110316,7.350199,-0.24420857
16241,1437154815128,-6.4924765,7.315483,-0.36032736
16242,1437154815148,-6.4978633,7.165247,-0.36750996
16243,1437154815172,-6.3883286,7.04015,-0.31184477
16244,1437154815185,-6.3284736,7.0263834,-0.43035775
16245,1437154815205,-6.096236,6.9024835,-0.39085343
16246,1437154815226,-6.1662664,7.007828,-0.38187516
16247,1437154815247,-6.2009826,7.1006036,-0.4381389
16248,1437154815327,-6.1261635,7.183802,-0.3489549
16249,1437154815332,-6.3643866,7.4986396,-0.32321724
16250,1437154815333,-6.613982,7.6051817,-0.4369418
16251,1437154815334,-6.2793927,7.727286,-0.10594343
16252,1437154815346,-6.600814,7.909844,-0.10654198
16253,1437154815368,-6.199187,7.9631147,-0.095169514
16254,1437154815385,-6.127361,8.215703,0.06404489
16255,1437154815405,-5.899313,8.384495,-0.12868834
16256,1437154815427,-5.593454,8.445546,-0.12509704
16257,1437154815445,-5.6419363,8.435371,-0.15023616
16258,1437154815466,-5.61979,8.363545,-0.32800564
16259,1437154815485,-5.674258,8.281544,-0.21787235
16260,1437154815511,-5.607819,8.0684595,-0.34117374
16261,1437154815529,-5.5126495,7.754221,-0.320823
16262,1437154815547,-5.909488,7.756615,-0.26036942
16263,1437154815569,-6.201581,7.656657,-0.32202014
16264,1437154815589,-6.2087636,7.5746555,-0.22146365
16265,1437154815608,-6.4978633,7.5704656,-0.22266077
16266,1437154815629,-6.129755,7.337031,-0.2837129
16267,1437154815645,-6.0040593,7.132327,-0.16639702
16268,1437154815668,-6.3099184,7.2221093,-0.24540567
16269,1437154815689,-6.4601545,7.354389,-0.29807812
16270,1437154815707,-6.3913217,7.3208704,-0.2669535
16271,1437154815726,-6.365584,7.4776907,-0.24480712
16272,1437154815749,-6.1764417,7.4106526,-0.3477578
16273,1437154815765,-6.2889695,7.736264,-0.3609259
16274,1437154815788,-5.4144874,7.4992385,-0.47465047
16275,1437154815823,-5.8717794,7.6985555,-0.33039984
16276,1437154815826,-5.990891,7.747637,-0.5398925
16277,1437154815866,-5.7646394,7.574057,-0.30526072
16278,1437154815867,-6.0118403,7.603985,-0.272939
16279,1437154815885,-6.0208187,7.563882,-0.29149407
16280,1437154815905,-6.1501055,7.575254,-0.19632454
16281,1437154815925,-6.6247563,7.8547773,-0.12389994
16282,1437154815945,-6.095039,7.6907744,-0.2088941
16283,1437154815968,-5.9388175,7.7248917,-0.033518825
16284,1437154815986,-6.136339,7.7488337,-0.09935937
16285,1437154816047,-6.163274,7.755418,-0.037708677
16286,1437154816062,-6.2243257,7.6351094,-0.034117375
16287,1437154816063,-6.3697734,7.5525093,-0.02873042
16288,1437154816067,-6.2225304,7.4387846,0.048482586
16289,1437154816090,-6.4152637,7.4549456,0.061052144
16290,1437154816109,-6.2458735,7.3190746,0.024540568
16291,1437154816128,-6.0764837,7.3083005,0.13587095
16292,1437154816148,-6.180033,7.4429746,-0.02873042
16293,1437154816167,-6.103419,7.265804,0.04189853
16294,1437154816187,-6.3584013,7.3645644,0.092775315
16295,1437154816209,-6.203975,7.264008,-0.016759412
16296,1437154816226,-6.18961,7.185598,0.18495208
16297,1437154816246,-6.301539,7.241862,0.18016368
16298,1437154816268,-6.297349,7.215525,0.2825158
16299,1437154816289,-6.408081,7.2382703,0.40880993
16300,1437154816306,-6.459556,7.255628,0.4297592
16301,1437154816326,-6.3907228,7.265804,0.5117606
16302,1437154816349,-6.4541693,7.321469,0.53809685
16303,1437154816369,-6.4020953,7.3352356,0.58119243
16304,1437154816420,-6.3206925,7.28795,0.6380547
16305,1437154816421,-6.2859764,7.277775,0.6278794
16306,1437154816426,-6.297349,7.258621,0.65062433
16307,1437154816446,-6.4565635,7.347805,0.6464345
16308,1437154816466,-6.5984197,7.410054,0.676362
16309,1437154816486,-6.5259953,7.4202294,0.741604
16310,1437154816506,-6.425439,7.4776907,0.7691373
16311,1437154816526,-6.2746043,7.414244,0.8283938
16312,1437154816546,-6.121375,7.3747396,0.85652566
16313,1437154816566,-6.141726,7.365163,0.8523358
16314,1437154816586,-6.275801,7.385514,0.8595184
16315,1437154816606,-6.2859764,7.380127,0.83976626
16316,1437154816626,-6.341043,7.3537903,0.8643068
16317,1437154816646,-6.3260794,7.3029137,0.82719666
16318,1437154816666,-6.235698,7.305308,0.81283146
16319,1437154816686,-6.193201,7.256227,0.8026561
16320,1437154816706,-6.2434793,7.253833,0.7368156
16321,1437154816755,-6.2644286,7.2298903,0.6907272
16322,1437154816756,-6.2512608,7.1724296,0.7368156
16323,1437154816766,-6.3584013,7.217321,0.7170634
16324,1437154816785,-6.493075,7.2610154,0.777517
16325,1437154816805,-6.505645,7.2729864,0.7966706
16326,1437154816825,-6.3781533,7.2245035,0.8403648
16327,1437154816845,-6.2883706,7.215525,0.90141696
16328,1437154816867,-6.307524,7.221511,0.84096336
16329,1437154816887,-6.305729,7.301717,0.8062474
16330,1437154816907,-6.26383,7.319673,0.7577648
16331,1437154816925,-6.294955,7.401076,0.7290344
16332,1437154816950,-6.244078,7.4310036,0.7445967
16333,1437154816966,-6.177639,7.4693108,0.7685388
16334,1437154816988,-6.193201,7.5267715,0.8122329
16335,1437154817009,-6.301539,7.52737,0.93972415
16336,1437154817029,-6.2165446,7.48188,0.9816227
16337,1437154817049,-6.275801,7.4806833,0.9792285
16338,1437154817067,-6.241085,7.417835,0.9684546
16339,1437154817087,-6.2632318,7.404069,0.9504981
16340,1437154817107,-6.2123547,7.375937,0.9008184
16341,1437154817129,-6.1596823,7.387908,0.7811083
16342,1437154817150,-6.1644707,7.4429746,0.6374562
16343,1437154817170,-6.1686606,7.4723034,0.57640404
16344,1437154817189,-6.1626754,7.487866,0.5363012
16345,1437154817209,-6.0980315,7.4351935,0.53330845
16346,1437154817229,-6.1447186,7.4567413,0.5201403
16347,1437154817250,-6.245275,7.477092,0.5386954
16348,1437154817271,-6.220136,7.5052238,0.62728083
16349,1437154817289,-6.203377,7.523779,0.5847838
16350,1437154817307,-6.2362967,7.536947,0.60932434
16351,1437154817327,-6.1542954,7.5441294,0.6607997
16352,1437154817349,-6.1249666,7.5309615,0.7062895
16353,1437154817367,-6.1507044,7.506421,0.7787141
16354,1437154817409,-6.1686606,7.4525514,0.789488
16355,1437154817410,-6.187216,7.4244194,0.78888947
16356,1437154817433,-6.2195373,7.3537903,0.80804306
16357,1437154817450,-6.235698,7.295731,0.8050503
16358,1437154817467,-6.320094,7.257424,0.82779527
16359,1437154817489,-6.469133,7.2550297,0.8487445
16360,1437154817507,-6.5218053,7.273585,0.83497787
16361,1437154817530,-6.488885,7.2723875,0.7811083
16362,1437154817597,-6.2063694,7.277176,0.7763199
16363,1437154817598,-6.153697,7.3268557,0.7260417
16364,1437154817599,-6.0944405,7.3232646,0.7272388
16365,1437154817608,-6.0531406,7.3406224,0.7032967
16366,1437154817629,-6.201581,7.383718,0.6907272
16367,1437154817652,-6.369175,7.4363904,0.6973112
16368,1437154817670,-6.429629,7.4082584,0.7272388
16369,1437154817690,-6.495469,7.3885064,0.7589619
16370,1437154817710,-6.497265,7.399879,0.78050977
16371,1437154817730,-6.4487824,7.4148426,0.8182184
16372,1437154817750,-6.4846954,7.378331,0.8403648
16373,1437154817770,-6.353014,7.294534,0.84455466
16374,1437154817791,-6.2763996,7.20954,0.89662856
16375,1437154817810,-6.192004,7.2394676,0.8750807
16376,1437154817831,-6.1848216,7.2831616,0.83378077
16377,1437154817847,-6.1387334,7.289746,0.84216046
16378,1437154817870,-6.232107,7.289746,0.7679402
16379,1437154817890,-6.30932,7.3603745,0.7433996
16380,1437154817910,-6.339846,7.4106526,0.7553706
16381,1437154817931,-6.3021374,7.4441714,0.7158663
16382,1437154817950,-6.3404446,7.4549456,0.717662
16383,1437154817971,-6.345233,7.44896,0.6985083
16384,1437154817990,-6.2883706,7.423821,0.7404069
16385,1437154818008,-6.266823,7.40347,0.7332243
16386,1437154818031,-6.2584434,7.406463,0.78649527
16387,1437154818051,-6.253655,7.3687544,0.82121116
16388,1437154818071,-6.3009405,7.3112936,0.81343
16389,1437154818089,-6.2351,7.2448545,0.84575176
16390,1437154818111,-6.194997,7.245453,0.8283938
16391,1437154818181,-6.101623,7.2969284,0.79966336
16392,1437154818182,-6.227319,7.3747396,0.8074445
16393,1437154818183,-6.296152,7.404069,0.7793127
16394,1437154818191,-6.3248825,7.3711486,0.8170213
16395,1437154818211,-6.439804,7.3579803,0.8002619
16396,1437154818229,-6.473323,7.327454,0.8242039
16397,1437154818249,-6.5391636,7.2849574,0.80564886
16398,1437154818269,-6.570288,7.231686,0.8343793
16399,1437154818290,-6.6103907,7.1287355,0.9355343
16400,1437154818309,-6.8366427,6.851607,1.1599907
16401,1437154818329,-7.135918,6.2650275,1.6950948
16402,1437154818349,-6.939594,5.6467247,2.348712
16403,1437154818371,-6.4787097,5.763442,2.235586
16404,1437154818391,-6.3548098,6.4697313,1.0283096
16405,1437154818411,-6.3392477,7.0569096,0.31543607
16406,1437154818431,-6.0998273,7.37055,-0.09935937
16407,1437154818451,-6.0890536,7.644686,-0.4770447
16408,1437154818471,-6.206968,7.8475947,-0.7858967
16409,1437154818491,-6.057929,7.855974,-0.736217
16410,1437154818511,-6.081272,7.9194207,-0.84575176
16411,1437154818531,-6.289568,7.9541364,-0.87448215
16412,1437154818551,-6.5684924,7.8823104,-0.7823054
16413,1437154818569,-6.603208,7.7877398,-0.75596917
16414,1437154818589,-6.4469867,7.595605,-0.6985083
16415,1437154818621,-6.47033,7.385514,-0.44352585
16416,1437154818631,-6.742072,7.3609734,-0.2681506
16417,1437154818649,-6.2991447,7.3352356,-0.44352585
16418,1437154818671,-5.113416,7.6291237,-0.7930793
16419,1437154818689,-4.9661727,8.258201,-0.88944596
16420,1437154818710,-6.1100025,8.388684,-0.91578215
16421,1437154818729,-6.194997,8.263587,-0.7074866
16422,1437154818751,-6.3769565,7.9272017,-0.41359833
16423,1437154818771,-6.5655,7.4866686,-0.2184709
16424,1437154818790,-6.6666546,7.056311,-0.02932897
16425,1437154818808,-6.549339,6.7654157,0.18794483
16426,1437154818851,-6.145317,6.997653,0.1376666
16427,1437154818852,-6.3805475,7.2634096,-0.004189853
16428,1437154818953,-6.5367694,7.2927384,0.11552023
16429,1437154818954,-6.6654577,7.289147,0.08619126
16430,1437154818955,-6.723517,7.2083426,-0.05865794
16431,1437154818956,-6.6726403,7.0688806,-0.050876785
16432,1437154818957,-6.673837,7.052121,-0.092775315
16433,1437154818969,-6.8013287,7.1490865,-0.21188685
16434,1437154818994,-6.659472,7.215525,-0.30585927
16435,1437154819009,-6.2626333,7.338228,-0.32441434
16436,1437154819029,-6.2165446,7.4884644,-0.40162733
16437,1437154819056,-6.3362546,7.574057,-0.35194764
16438,1437154819069,-6.3470287,7.53994,-0.24121583
16439,1437154819090,-6.3368535,7.4268136,-0.15083471
16440,1437154819109,-6.38354,7.3340383,-0.074220255
16441,1437154819132,-6.503849,7.281366,-0.02873042
16442,1437154819150,-6.5720835,7.2023573,0.023343466
16443,1437154819168,-6.4487824,7.015011,0.1364695
16444,1437154819192,-6.2889695,6.894104,0.31184477
16445,1437154819212,-6.432023,6.9886746,0.2837129
16446,1437154819232,-6.505046,7.0832458,0.092775315
16447,1437154819252,-6.4128695,7.1748238,0.091578215
16448,1437154819271,-6.3883286,7.33763,-0.0676362
16449,1437154819292,-6.3985043,7.510012,-0.23403321
16450,1437154819312,-6.367379,7.620744,-0.27593175
16451,1437154819331,-6.319495,7.638102,-0.25079262
16452,1437154819352,-6.2781954,7.607576,-0.18794483
16453,1437154819372,-6.211756,7.5321584,-0.17178397
16454,1437154819392,-6.2123547,7.4549456,-0.047884032
16455,1437154819412,-6.283582,7.428011,0.019153614
16456,1437154819432,-6.408081,7.4441714,0.10055647
16457,1437154819451,-6.3326635,7.3753386,0.092176765
16458,1437154819471,-6.293758,7.280169,0.13826515
16459,1437154819491,-6.451775,7.2819643,0.14844051
16460,1437154819512,-6.4846954,7.2370734,0.08798691
16461,1437154819531,-6.506243,7.2203135,0.14604631
16462,1437154819551,-6.6349316,7.2430587,0.11851298
16463,1437154819569,-6.621165,7.233482,0.021547815
16464,1437154819692,-6.494272,7.197569,0.10354923
16465,1437154819693,-6.464943,7.1448965,0.11731588
16466,1437154819694,-6.4421983,7.2179193,0.18375498
16467,1437154819695,-6.4122705,7.243657,0.20949265
16468,1437154819696,-6.227319,7.2867527,0.15562311
16469,1437154819697,-6.3368535,7.340024,0.12749124
16470,1437154819743,-6.4086795,7.4136457,0.02633622
16471,1437154819744,-6.342839,7.442376,0.02633622
16472,1437154819811,-6.3619924,7.425018,-0.026934769
16473,1437154819812,-6.3338604,7.433996,-0.0053869537
16474,1437154819813,-6.3883286,7.397485,0.035913024
16475,1437154819843,-6.3781533,7.392098,-0.024540568
16476,1437154819844,-6.3578024,7.32506,0.004189853
16477,1437154819850,-6.299743,7.318476,0.025737667
16478,1437154819869,-6.327875,7.3507977,0.022744916
16479,1437154819901,-6.3542113,7.365163,0.073023155
16480,1437154819972,-6.314707,7.417835,0.010175358
16481,1437154819973,-6.39611,7.450157,0.011372458
16482,1437154819974,-6.3338604,7.409456,-0.03172317
16483,1437154819975,-6.3859344,7.4166384,-0.039504327
16484,1437154819990,-6.35062,7.383718,-0.047285482
16485,1437154820009,-6.3709707,7.482479,-0.031124622
16486,1437154820030,-6.175245,7.5231805,-0.10414778
16487,1437154820049,-5.988497,7.5106106,-0.10295067
16488,1437154820072,-5.81791,7.579444,-0.09696517
16489,1437154820094,-5.6156,7.753622,-0.28431144
16490,1437154820113,-5.587468,7.9744873,-0.5386954
16491,1437154820132,-5.8226986,8.062474,-0.7368156
16492,1437154820152,-5.7203465,8.0684595,-0.9451111
16493,1437154820171,-5.7263317,8.129512,-1.1186907
16494,1437154820190,-6.075287,7.9391727,-1.2958617
16495,1437154820209,-6.251859,7.575254,-1.039682
16496,1437154820230,-6.4242415,7.435792,-1.073201
16497,1437154820250,-6.7229185,7.2370734,-1.0582372
16498,1437154820271,-6.7971387,7.097611,-0.9451111
16499,1437154820292,-7.065888,6.8569937,-0.88046765
16500,1437154820310,-6.987478,6.570288,-0.7164649
16501,1437154820331,-6.991069,6.4338183,-0.4842273
16502,1437154820350,-7.2544312,6.463746,-0.50397944
16503,1437154820371,-7.342418,6.419453,-0.5398925
16504,1437154820457,-6.918046,6.2608376,-0.42197806
16505,1437154820458,-7.023391,6.353014,-0.38067806
16506,1437154820459,-7.267599,6.413468,-0.49799395
16507,1437154820460,-7.3106947,6.505645,-0.56323594
16508,1437154820470,-7.4848733,6.4948707,-0.6314707
16509,1437154820490,-7.5566993,6.3601966,-0.6560113
16510,1437154820513,-7.5267715,6.1183825,-0.47046062
16511,1437154820530,-7.5106106,6.0172276,-0.27114335
16512,1437154820550,-7.797915,6.083068,-0.2705448
16513,1437154820573,-7.880515,6.0621185,-0.2184709
16514,1437154820591,-7.651869,6.083068,-0.16101007
16515,1437154820613,-7.7248917,5.979519,-0.18854338
16516,1437154820631,-7.6608467,5.781399,-0.022146367
16517,1437154820652,-7.6249337,5.793968,0.08379706
16518,1437154820673,-7.800309,5.843648,-0.021547815
16519,1437154820721,-7.943961,5.8292828,0.022146367
16520,1437154820722,-7.780557,5.7029886,0.029927522
16521,1437154820732,-7.5088153,5.61979,-0.006584055
16522,1437154820753,-7.630321,5.6628857,-0.048482586
16523,1437154820773,-7.93199,5.6551046,-0.053869538
16524,1437154820793,-8.034343,5.762245,-0.16639702
16525,1437154820814,-8.122928,5.783194,-0.2669535
16526,1437154820833,-8.111555,5.710171,-0.2717419
16527,1437154820851,-8.121731,5.6126075,-0.25079262
16528,1437154820872,-8.085817,5.559935,-0.21667525
16529,1437154820893,-7.9726915,5.494693,-0.23343466
16530,1437154820915,-7.9649105,5.3761797,-0.14065935
16531,1437154820932,-8.06427,5.342661,-0.034715924
16532,1437154820954,-8.244433,5.333683,0.046686932
16533,1437154820973,-8.29531,5.2618566,0.13227965
16534,1437154820993,-8.278551,5.104438,0.17597382
16535,1437154821014,-8.207922,5.037999,0.16220717
16536,1437154821034,-8.239645,5.003283,0.22804771
16537,1437154821054,-8.412027,4.9559975,0.3298013
16538,1437154821071,-8.575432,4.956596,0.39384618
16539,1437154821092,-8.565256,4.8602295,0.43394905
16540,1437154821112,-8.309077,4.739322,0.46208093
16541,1437154821199,-8.301296,4.6686935,0.51954174
16542,1437154821200,-8.508993,4.6459484,0.56203884
16543,1437154821201,-8.613739,4.675876,0.57520694
16544,1437154821202,-8.526949,4.621408,0.61112
16545,1437154821211,-8.492832,4.6034513,0.6218939
16546,1437154821231,-8.655638,4.5962687,0.6075287
16547,1437154821251,-8.7532015,4.583699,0.6266823
16548,1437154821271,-8.655638,4.5657425,0.6368576
16549,1437154821295,-8.519168,4.607641,0.6051345
16550,1437154821311,-8.496424,4.683657,0.599149
16551,1437154821331,-8.459911,4.7141833,0.57999533
16552,1437154821357,-8.426991,4.745308,0.59615624
16553,1437154821372,-8.504205,4.7788267,0.492607
16554,1437154821392,-8.482059,4.771644,0.4830302
16555,1437154821414,-8.364143,4.799177,0.43035775
16556,1437154821433,-8.361151,4.8338933,0.3585317
16557,1437154821454,-8.405443,4.8320975,0.38367084
16558,1437154821474,-8.471883,4.811148,0.3752911
16559,1437154821494,-8.549694,4.8344917,0.40940848
16560,1437154821514,-8.503007,4.8763905,0.42078096
16561,1437154821534,-8.407239,4.9494133,0.3824737
16562,1437154821552,-8.375516,5.033809,0.40880993
16563,1437154821593,-8.383896,5.068525,0.40462008
16564,1437154821594,-8.374918,5.088876,0.46327803
16565,1437154821612,-8.278551,5.096657,0.52732295
16566,1437154821635,-8.190564,5.109226,0.52073884
16567,1437154821653,-8.24563,5.113416,0.59256494
16568,1437154821674,-8.274361,5.09546,0.65301853
16569,1437154821694,-8.213309,5.048773,0.7110779
16570,1437154821714,-8.158841,4.982932,0.7260417
16571,1437154821734,-8.24204,5.016451,0.7218518
16572,1437154821753,-8.362348,5.077503,0.6919243
16573,1437154821774,-8.499416,5.144541,0.7721301
16574,1437154821795,-8.543709,5.171476,0.7739257
16575,1437154821814,-8.612542,5.151125,0.8230068
16576,1437154821834,-8.7532015,5.118803,0.89064306
16577,1437154821858,-8.592192,4.9721584,0.87328506
16578,1437154821934,-8.2276745,4.84347,0.85652566
16579,1437154821935,-8.190564,4.7842135,0.7823054
16580,1437154821936,-8.191761,4.7937903,0.6751649
16581,1437154821937,-8.039729,4.7135844,0.62249243
16582,1437154821951,-8.063073,4.7070007,0.545878
16583,1437154821976,-8.224682,4.739322,0.4381389
16584,1437154821991,-8.257602,4.687847,0.41120413
16585,1437154822012,-8.273763,4.6818614,0.29807812
16586,1437154822049,-8.373122,4.653131,0.26156655
16587,1437154822051,-8.406042,4.614824,0.22744916
16588,1437154823588,-8.497022,4.607043,0.17417817
16589,1437154823589,-8.581417,4.6279917,0.10295067
16590,1437154823590,-8.754398,4.6926355,0.079008654
16591,1437154823591,-8.783129,4.650737,-0.024540568
16592,1437154823592,-8.717887,4.634576,-0.0047884034
16593,1437154823593,-8.623316,4.575918,-0.07062895
16594,1437154823594,-8.425196,4.550779,-0.088585466
16595,1437154823595,-8.464102,4.5154643,-0.09756372
16596,1437154823596,-8.523358,4.5280337,-0.10414778
16597,1437154823597,-8.596381,4.5364137,-0.108337626
16598,1437154823598,-8.5862055,4.5112743,-0.1364695
16599,1437154823599,-8.550293,4.486734,-0.19572599
16600,1437154823600,-8.58022,4.483143,-0.23642741
16601,1437154823601,-8.521563,4.465186,-0.30585927
16602,1437154823602,-8.507197,4.461595,-0.3477578
16603,1437154823603,-8.437765,4.502895,-0.41718966
16604,1437154823604,-8.475474,4.614824,-0.52253455
16605,1437154823605,-8.456919,4.666898,-0.57520694
16606,1437154823606,-8.486248,4.689044,-0.6206968
16607,1437154823607,-8.455722,4.670489,-0.6572084
16608,1437154823608,-8.451532,4.6806645,-0.66139823
16609,1437154823609,-8.528147,4.718373,-0.7134721
16610,1437154823610,-8.486847,4.6381674,-0.7457938
16611,1437154823611,-8.504205,4.6220064,-0.7164649
16612,1437154823612,-8.640076,4.594473,-0.7661445
16613,1437154823613,-8.544906,4.5082817,-0.74519527
16614,1437154823614,-8.476072,4.485537,-0.8002619
16615,1437154823615,-8.554482,4.486734,-0.85532856
16616,1437154823616,-8.589199,4.4765587,-0.84096336
16617,1437154823617,-8.6334915,4.469376,-0.8888474
16618,1437154823618,-8.686164,4.4580035,-0.89782566
16619,1437154823619,-8.769362,4.518457,-0.9427169
16620,1437154823620,-8.831612,4.548983,-0.9804256
16621,1437154823621,-8.837597,4.5543704,-0.9983821
16622,1437154823622,-8.798691,4.5663414,-1.0079589
16623,1437154823623,-8.711902,4.549582,-1.033098
16624,1437154823624,-8.677784,4.5699325,-1.0935516
16625,1437154823625,-8.639477,4.5902834,-1.1198878
16626,1437154823626,-8.604162,4.597466,-1.1653777
16627,1437154823627,-8.487445,4.5579615,-1.2282255
16628,1437154823628,-8.501212,4.5633483,-1.3042414
16629,1437154823629,-8.549694,4.514866,-1.2761095
16630,1437154823630,-8.555081,4.502895,-1.276708
16631,1437154823631,-8.555679,4.4562078,-1.2276269
16632,1437154823632,-8.437167,4.4502225,-1.2120646
16633,1437154823633,-8.414422,4.520851,-1.2623428
16634,1437154823634,-8.231265,4.542998,-1.3557167
16635,1437154823635,-8.051102,4.6160207,-1.4927847
16636,1437154823636,-8.039131,4.780622,-1.6915035
16637,1437154823637,-8.101978,5.083489,-1.9494787
16638,1437154823638,-8.12592,5.366603,-2.319383
16639,1437154823639,-7.85777,5.5150437,-2.565387
16640,1437154823640,-7.5225816,5.6736593,-2.783858
16641,1437154823641,-7.2622123,5.805939,-3.0280666
16642,1437154823642,-7.0587053,5.839458,-3.1064768
16643,1437154823643,-6.8731546,5.928642,-3.193865
16644,1437154823644,-7.009624,6.0423665,-3.2375593
16645,1437154823645,-7.119757,6.103419,-3.3123782
16646,1437154823646,-7.2729864,6.1123967,-3.2782607
16647,1437154823647,-7.523779,6.0130377,-3.2154129
16648,1437154823648,-7.615357,5.9142766,-3.1160536
16649,1437154823649,-7.8332295,5.9160724,-2.9813797
16650,1437154823650,-8.252813,5.953781,-2.9311013
16651,1437154823651,-8.363545,5.9142766,-2.7353754
16652,1437154823652,-8.169016,5.8226986,-2.5378537
16653,1437154823653,-7.85777,5.7005944,-2.3948002
16654,1437154823654,-7.5842323,5.5539494,-2.2373815
16655,1437154823655,-7.453748,5.46297,-2.131438
16656,1437154823656,-7.5471225,5.357026,-2.0398598
16657,1437154823657,-7.8092875,5.3037553,-1.8291701
16658,1437154823658,-8.16363,5.2486887,-1.6849195
16659,1437154823659,-8.346188,5.229535,-1.6142905
16660,1437154823660,-8.388085,5.155315,-1.5352819
16661,1437154823661,-8.350377,5.1301756,-1.5221137
16662,1437154823662,-8.415619,5.097854,-1.4508862
16663,1437154823663,-8.371924,5.063138,-1.3946224
16664,1437154823664,-8.207922,5.0212393,-1.3551182
16665,1437154823665,-8.158242,5.0320134,-1.3257892
16666,1437154823666,-8.22947,5.0667295,-1.2497733
16667,1437154823667,-8.255806,5.027225,-1.1671734
16668,1437154823671,-8.156446,4.969764,-1.0384849
16669,1437154823691,-8.245032,5.0158525,-0.98700964
16670,1437154823711,-8.364143,5.0637364,-0.88765025
16671,1437154823731,-8.342596,5.061941,-0.79487497
16672,1437154823751,-8.361151,5.103241,-0.7433996
16673,1437154823771,-8.444948,5.1690817,-0.6548142
16674,1437154823791,-8.45213,5.179257,-0.5650316
16675,1437154823812,-8.380304,5.1846437,-0.48961425
16676,1437154823833,-8.310873,5.1942205,-0.39683893
16677,1437154823853,-8.248624,5.1786585,-0.3274071
16678,1437154823875,-8.205527,5.159505,-0.24600422
16679,1437154823892,-8.205527,5.179257,-0.17058687
16680,1437154823912,-8.224682,5.197213,-0.073621705
16681,1437154823934,-8.316259,5.277419,0.021547815
16682,1437154823953,-8.42759,5.395334,0.075417355
16683,1437154823976,-8.485649,5.466561,0.107739076
16684,1437154823995,-8.153454,5.3498435,0.19273324
16685,1437154824012,-8.054094,5.3223104,0.3238158
16686,1437154824036,-8.025364,5.313332,0.53570265
16687,1437154824055,-7.884106,5.331289,0.78050977
16688,1437154824075,-7.8649526,5.3504424,0.92416185
16689,1437154824095,-7.867945,5.457583,0.9828198
16690,1437154824115,-7.890092,5.593454,1.027711
16691,1437154824133,-7.638102,5.5868697,0.997185
16692,1437154824163,-7.294534,5.5856724,0.99898064
16693,1437154824172,-7.1963716,5.647323,1.0570401
16694,1437154824194,-7.2262993,5.9041014,1.0253168
16695,1437154824214,-7.291541,6.1159883,0.95708215
16696,1437154824237,-7.2993226,6.289568,0.8798691
16697,1437154824255,-7.433398,6.351817,0.789488
16698,1437154824274,-7.5549035,6.453571,0.7613561
16699,1437154824297,-7.5088153,6.459556,0.7188591
16700,1437154824317,-7.291541,6.505046,0.60333884
16701,1437154824334,-7.252037,6.529587,0.56922144
16702,1437154824354,-7.167641,6.4601545,0.53211135
16703,1437154824375,-7.0287776,6.3769565,0.557849
16704,1437154824396,-7.0012445,6.4062853,0.5374983
16705,1437154824418,-7.08145,6.5499372,0.48482585
16706,1437154824438,-7.0766616,6.6947865,0.43275195
16707,1437154824456,-7.028179,6.789956,0.36391866
16708,1437154824477,-6.945579,6.819285,0.320823
16709,1437154824495,-6.979098,6.8246717,0.32022446
16710,1437154824518,-6.9599442,6.791752,0.26036942
16711,1437154824538,-6.9449806,6.766014,0.207697
16712,1437154824556,-6.88333,6.621165,0.19812019
16713,1437154824576,-6.950966,6.6067996,0.15442601
16714,1437154824596,-7.0209966,6.5744777,0.1340753
16715,1437154824616,-7.183802,6.603208,0.14664486
16716,1437154824638,-7.2113357,6.6109896,0.08439561
16717,1437154824657,-7.15567,6.645107,0.10474633
16718,1437154824678,-7.197569,6.704962,0.049679685
16719,1437154824696,-7.098808,6.6486983,-0.011971008
16720,1437154824716,-7.053917,6.622362,-0.018555064
16721,1437154824736,-7.0156097,6.5762734,-0.075417355
16722,1437154824756,-7.0425444,6.5858502,-0.12090719
16723,1437154824838,-7.1383123,6.64391,-0.15263036
16724,1437154824839,-7.1071877,6.564901,-0.21667525
16725,1437154824840,-6.995259,6.558317,-0.19632454
16726,1437154824841,-7.1143703,6.5846534,-0.28072014
16727,1437154824858,-7.1460934,6.6079965,-0.2681506
16728,1437154824882,-7.2089415,6.6067996,-0.2741361
16729,1437154824895,-7.2245035,6.6067996,-0.30226797
16730,1437154824928,-7.183802,6.549339,-0.31364042
16731,1437154824935,-7.187992,6.519411,-0.30466217
16732,1437154824958,-7.223905,6.4583592,-0.30645782
16733,1437154824976,-7.3005195,6.4469867,-0.29149407
16734,1437154824996,-7.358579,6.3943143,-0.31543607
16735,1437154825014,-7.404069,6.449381,-0.27712885
16736,1437154825037,-7.465719,6.4164605,-0.28790274
16737,1437154825058,-7.36217,6.4152637,-0.24061728
16738,1437154825077,-7.297527,6.4272346,-0.22924481
16739,1437154825098,-7.2568254,6.519411,-0.2873042
16740,1437154825118,-7.2622123,6.5846534,-0.24361002
16741,1437154825137,-7.153276,6.602011,-0.3286042
16742,1437154825158,-7.1425023,6.5882444,-0.3184288
16743,1437154825178,-7.0724716,6.566098,-0.3250129
16744,1437154825198,-7.057508,6.5966244,-0.3573346
16745,1437154825216,-7.0766616,6.615778,-0.36032736
16746,1437154825239,-7.080253,6.6546836,-0.43873745
16747,1437154825257,-7.1622543,6.71394,-0.44592008
16748,1437154825278,-7.086837,6.679224,-0.47345337
16749,1437154825296,-6.9689226,6.6852098,-0.5374983
16750,1437154825317,-6.949769,6.7121444,-0.5907693
16751,1437154825338,-6.9581485,6.735488,-0.60453594
16752,1437154825359,-6.993463,6.7510505,-0.6266823
16753,1437154825378,-6.950966,6.739079,-0.7080852
16754,1437154825398,-6.880337,6.7187285,-0.7589619
16755,1437154825417,-6.95336,6.777985,-0.80684596
16756,1437154825438,-7.043143,6.821679,-0.8463503
16757,1437154825459,-7.0545154,6.880337,-0.8810662
16758,1437154825479,-7.053318,6.8228765,-0.8810662
16759,1437154825556,-6.9743094,6.817489,-0.8242039
16760,1437154825557,-7.0634937,6.8557963,-0.8415619
16761,1437154825558,-7.105392,6.88752,-0.8122329
16762,1437154825559,-7.017405,6.869563,-0.7930793
16763,1437154825576,-6.9371996,6.8246717,-0.7338228
16764,1437154825599,-6.8905125,6.880337,-0.7230489
16765,1437154825615,-6.9120603,6.9246297,-0.6991069
16766,1437154825635,-6.8103065,6.9246297,-0.6811504
16767,1437154825657,-6.7486563,6.964134,-0.6302736
16768,1437154825677,-6.725911,6.9371996,-0.6500258
16769,1437154825697,-6.6989765,6.986879,-0.7068881
16770,1437154825716,-6.7444663,7.0126166,-0.7170634
16771,1437154825741,-6.8366427,7.0688806,-0.741604
16772,1437154825759,-6.8773446,7.052121,-0.7182605
16773,1437154825778,-6.7522473,6.999449,-0.7260417
16774,1437154825798,-6.6893997,6.9892735,-0.7410054
16775,1437154825818,-6.6654577,7.0132155,-0.777517
16776,1437154825839,-6.6085954,7.005434,-0.801459
16777,1437154825859,-6.578069,6.9988503,-0.8122329
16778,1437154825878,-6.6600704,7.065289,-0.89782566
16779,1437154825898,-6.695385,7.1131735,-0.9187749
16780,1437154825919,-6.6415157,7.0964136,-0.9403227
16781,1437154825937,-6.707356,7.140108,-0.9816227
16782,1437154825959,-6.692991,7.0928226,-1.009156
16783,1437154825978,-6.7013707,7.0024414,-0.9295488
16784,1437154825999,-6.71394,6.9701195,-0.9708488
16785,1437154826015,-6.803723,6.9545574,-0.91219085
16786,1437154826039,-6.839636,6.9581485,-0.908001
16787,1437154826059,-6.8557963,6.9844847,-0.90021986
16788,1437154826078,-6.881534,7.028179,-0.92655605
16789,1437154826099,-6.7480574,7.009624,-0.9588778
16790,1437154826119,-6.6750345,6.968324,-0.9504981
16791,1437154826138,-6.767211,6.979098,-0.95947635
16792,1437154826159,-6.7923503,6.947375,-0.9451111
16793,1437154826178,-6.8025255,6.870162,-0.8924387
16794,1437154826198,-6.779182,6.818088,-0.88166475
16795,1437154826275,-6.8587894,6.8198833,-0.8355764
16796,1437154826276,-6.8468184,6.825869,-0.83018947
16797,1437154826287,-6.8132997,6.8246717,-0.8535329
16798,1437154826288,-6.875549,6.8647747,-0.8319851
16799,1437154826298,-6.993463,6.894104,-0.86011696
16800,1437154826321,-6.9958572,6.885724,-0.8265981
16801,1437154826343,-6.9862804,6.8731546,-0.78290397
16802,1437154826358,-6.9904704,6.9024835,-0.7787141
16803,1437154826375,-7.0186024,6.953959,-0.79128367
16804,1437154826398,-6.9527617,6.903082,-0.8038532
16805,1437154826416,-6.8887167,6.847417,-0.8146271
16806,1437154826437,-6.9264255,6.7654157,-0.83497787
16807,1437154826456,-7.038953,6.7085533,-0.86490536
16808,1437154826476,-7.08145,6.553529,-0.88405895
16809,1437154826499,-7.117962,6.503849,-0.8774749
16810,1437154826519,-7.1724296,6.3619924,-0.9259575
16811,1437154826535,-7.3148847,6.259042,-0.84455466
16812,1437154826559,-7.3807254,6.187814,-0.83856916
16813,1437154826579,-7.5213847,6.2243257,-0.8367735
16814,1437154826616,-7.7069354,6.2482677,-0.82001406
16815,1437154826617,-7.6883802,6.269217,-0.7835025
16816,1437154826653,-7.5614877,6.247669,-0.7691373
16817,1437154826656,-7.5082164,6.26802,-0.7577648
16818,1437154826679,-7.48607,6.3224883,-0.7799112
16819,1437154826696,-7.4124484,6.335656,-0.8110358
16820,1437154826716,-7.330447,6.3326635,-0.8038532
16821,1437154826736,-7.3088994,6.3165026,-0.7793127
16822,1437154826756,-7.3484035,6.314707,-0.79487497
16823,1437154826776,-7.3992805,6.3470287,-0.79726917
16824,1437154826796,-7.442376,6.333262,-0.7954735
16825,1437154826816,-7.4232225,6.2686186,-0.7565677
16826,1437154826836,-7.4190326,6.2249246,-0.7751228
16827,1437154826856,-7.5866265,6.223129,-0.7649474
16828,1437154826876,-7.6165543,6.242881,-0.7727286
16829,1437154826896,-7.6428905,6.211158,-0.7733272
16830,1437154826916,-7.5333557,6.142923,-0.741604
16831,1437154826936,-7.465121,6.095039,-0.7517793
16832,1437154826956,-7.5483193,6.1369376,-0.7038953
16833,1437154826990,-7.65127,6.1806316,-0.7218518
16834,1437154827001,-7.5590935,6.1507044,-0.6967127
16835,1437154827016,-7.417237,6.1303535,-0.7074866
16836,1437154827036,-7.3537903,6.1279593,-0.6991069
16837,1437154827056,-7.2951326,6.041768,-0.66618663
16838,1437154827078,-7.229292,6.0465565,-0.6206968
16839,1437154827096,-7.451354,6.1746464,-0.66139823
16840,1437154827128,-7.5932107,6.3260794,-0.65900403
16841,1437154827147,-7.627927,6.4002995,-0.6847417
16842,1437154827156,-7.6027875,6.4541693,-0.7020996
16843,1437154827179,-7.595605,6.5259953,-0.7020996
16844,1437154827198,-7.410054,6.5361705,-0.74519527
16845,1437154827217,-7.2448545,6.5804634,-0.7074866
16846,1437154827238,-7.1724296,6.581062,-0.7104794
16847,1437154827258,-6.9958572,6.55712,-0.6907272
16848,1437154827276,-6.815095,6.527791,-0.6596026
16849,1437154827296,-6.870162,6.600814,-0.64583594
16850,1437154827320,-7.102998,6.6564794,-0.6362591
16851,1437154827338,-7.1730285,6.6367273,-0.5793968
16852,1437154827358,-7.1592617,6.603208,-0.6135142
16853,1437154827378,-7.153875,6.625953,-0.6326678
16854,1437154827400,-7.0850415,6.597223,-0.65182143
16855,1437154827418,-7.04015,6.581062,-0.7092823
16856,1437154827438,-7.0946183,6.6205664,-0.688333
16857,1437154827457,-7.173627,6.715736,-0.7170634
16858,1437154827478,-7.3005195,6.8438253,-0.7218518
16859,1437154827499,-7.2101383,6.896498,-0.7026982
16860,1437154827519,-7.026982,6.8611836,-0.61411273
16861,1437154827539,-6.9144545,6.7923503,-0.47105917
16862,1437154827560,-6.673837,6.715137,-0.5566519
16863,1437154827578,-6.499659,6.719327,-0.58418524
16864,1437154827598,-6.567295,6.877943,-0.6781576
16865,1437154827618,-6.7163343,7.089231,-0.777517
16866,1437154827640,-6.6265516,7.2382703,-0.87208796
16867,1437154827658,-6.461352,7.354389,-0.961272
16868,1437154827678,-6.3979053,7.381324,-1.0696096
16869,1437154827707,-6.271013,7.392098,-1.079785
16870,1437154827721,-5.971139,7.463924,-1.0791864
16871,1437154827738,-5.619191,7.6943655,-1.2042835
16872,1437154827758,-5.477335,7.917625,-1.292869
16873,1437154827778,-5.322909,8.059482,-1.2940661
16874,1437154827799,-4.759074,8.170812,-1.3754689
16875,1437154827820,-4.03004,8.618527,-1.5077485
16876,1437154827837,-3.915717,8.948928,-1.666963
16877,1437154827858,-3.9516299,9.112331,-1.5849615
16878,1437154827880,-4.0025067,9.115923,-1.4502877
16879,1437154827900,-3.9600096,9.035119,-1.4191631
16880,1437154827918,-3.9653966,8.941146,-1.3138182
16881,1437154827940,-3.8606503,8.956709,-1.2623428
16882,1437154827959,-3.7553053,8.942344,-1.2593501
16883,1437154827980,-3.6062663,8.756793,-1.1976994
16884,1437154828000,-3.4099417,8.6712,-1.0217255
16885,1437154828019,-3.229778,8.835801,-1.0426749
16886,1437154828040,-3.0783448,8.872313,-1.0708067
16887,1437154828061,-2.8640637,8.930372,-0.98820674
16888,1437154828079,-2.4953568,9.120711,-0.92416185
16889,1437154828098,-1.7681179,9.467871,-0.98102415
16890,1437154828120,-1.1438298,9.630077,-0.99778354
16891,1437154828138,-1.1288661,9.617508,-0.8690952
16892,1437154828157,-0.8643068,9.528923,-0.81761986
16893,1437154828179,-0.42556936,9.767744,-0.80804306
16894,1437154828203,-0.7074866,10.056246,-0.8948329
16895,1437154828223,-0.81522566,10.223241,-0.9331401
16896,1437154828243,-0.56084174,10.304046,-0.99658644
16897,1437154828262,-0.2148796,10.123283,-1.0324994
16898,1437154828277,-0.415394,9.959879,-0.8643068
16899,1437154828297,-0.599149,9.81922,-0.89303726
16900,1437154828318,-0.2825158,9.807847,-0.90381116
16901,1437154828341,-0.26994625,9.88925,-0.93732995
16902,1437154828469,-0.41359833,9.911995,-1.003769
16903,1437154828470,-0.39264908,9.853935,-0.9888053
16904,1437154828471,-0.2837129,9.873089,-1.0175357
16905,1437154828472,-0.4165911,9.920973,-1.0109516
16906,1437154828473,-0.50996494,9.91439,-1.0193313
16907,1437154828474,-0.4141969,9.923966,-0.96067345
16908,1437154828483,-0.3274071,9.947908,-0.9768343
16909,1437154828500,-0.3776853,9.918579,-0.94930094
16910,1437154828519,-0.35194764,9.838972,-0.9283517
16911,1437154828539,-0.3441665,9.835979,-0.87927055
16912,1437154828561,-0.46926352,9.828198,-0.86610246
16913,1437154828584,-0.52133745,9.792884,-0.92535895
16914,1437154828599,-0.5351041,9.7402115,-0.943914
16915,1437154828631,-0.635062,9.812037,-1.0295067
16916,1437154828640,-0.7338228,9.822212,-1.0833763
16917,1437154828658,-0.87687635,9.764751,-1.0672154
16918,1437154828678,-0.84455466,9.7007065,-1.146224
16919,1437154828698,-0.8882488,9.709685,-1.1372458
16920,1437154828719,-0.9588778,9.754577,-1.1731589
16921,1437154828738,-1.0348936,9.776124,-1.2054806
16922,1437154828759,-1.0193313,9.76954,-1.1851299
16923,1437154828780,-1.0319009,9.738416,-1.1965023
16924,1437154828801,-1.0618285,9.68275,-1.1899183
16925,1437154828821,-1.1162965,9.679757,-1.1653777
16926,1437154828841,-1.122282,9.731832,-1.2419921
16927,1437154828861,-1.163582,9.750985,-1.2090719
16928,1437154828877,-1.2096704,9.688137,-1.1647792
16929,1437154828897,-1.2479776,9.690532,-1.1540052
16930,1437154828918,-1.2916719,9.667188,-1.1198878
16931,1437154828941,-1.3024458,9.625289,-1.0953473
16932,1437154828961,-1.3676877,9.624691,-1.0851719
16933,1437154828978,-1.3311762,9.622895,-1.091756
16934,1437154829000,-1.3557167,9.602545,-1.0546459
16935,1437154829020,-1.3970166,9.661801,-1.0755951
16936,1437154829041,-1.377863,9.661202,-1.1085154
16937,1437154829059,-1.4221559,9.681553,-1.1001357
16938,1437154829078,-1.4401124,9.662998,-1.1168951
16939,1437154829098,-1.3652935,9.689334,-1.0815806
16940,1437154829119,-1.3437457,9.680955,-1.0893618
16941,1437154829140,-1.4508862,9.722255,-1.1115081
16942,1437154829179,-1.4981717,9.725846,-1.1085154
16943,1437154829180,-1.4389153,9.719262,-1.1091139
16944,1437154829200,-1.5041572,9.701305,-1.062427
16945,1437154829218,-1.5765818,9.723452,-1.0726024
16946,1437154829241,-1.5915456,9.661202,-1.039682
16947,1437154829259,-1.5197195,9.639056,-0.9744401
16948,1437154829280,-1.6047137,9.630077,-0.9947908
16949,1437154829299,-1.6645688,9.616311,-0.961272
16950,1437154829321,-1.6891093,9.619903,-1.0348936
16951,1437154829342,-1.6514006,9.629479,-1.0570401
16952,1437154829362,-1.6095021,9.729437,-1.1127052
16953,1437154829380,-1.6448165,9.741408,-1.1605892
16954,1437154829400,-1.6053122,9.71986,-1.1438298
16955,1437154829422,-1.702876,9.72824,-1.1492168
16956,1437154829442,-1.721431,9.68694,-1.0911574
16957,1437154829462,-1.7393875,9.582193,-0.96905315
16958,1437154829483,-1.7597382,9.539697,-0.93972415
16959,1437154829502,-1.8567034,9.490017,-0.86610246
16960,1437154829520,-1.9285295,9.45171,-0.82899237
16961,1437154829546,-1.9710265,9.387665,-0.79008657
16962,1437154829561,-2.054225,9.414001,-0.7613561
16963,1437154829580,-2.147599,9.428367,-0.7368156
16964,1437154829610,-2.142212,9.510367,-0.7763199
16965,1437154829619,-2.0799627,9.56723,-0.79128367
16966,1437154829641,-1.9375077,9.693524,-0.81402856
16967,1437154829662,-1.8267759,9.667787,-0.8182184
16968,1437154829682,-1.8728642,9.510367,-0.5141548
16969,1437154829702,-1.6927006,9.516354,-0.43275195
16970,1437154829722,-1.4556746,9.725247,-0.4902128
16971,1437154829741,-1.163582,10.290278,-0.83617496
16972,1437154829760,-1.2378023,10.472239,-1.1019313
16973,1437154829781,-1.2228385,10.305243,-0.83617496
16974,1437154829844,-1.1623849,10.303447,-0.789488
16975,1437154829845,-1.1216835,10.556634,-1.1019313
16976,1437154829846,-1.5628152,10.216059,-1.0187328
16977,1437154829859,-1.6531962,9.665991,-0.47644615
16978,1437154829879,-2.333748,9.263166,-0.14065935
16979,1437154829899,-3.4997244,8.893262,0.28790274
16980,1437154829920,-3.855862,8.438364,0.670975
16981,1437154829941,-3.9965212,8.114548,1.0319009
16982,1437154829961,-4.179079,8.099585,1.1438298
16983,1437154829980,-4.331111,8.199542,1.1875241
16984,1437154830001,-3.8061821,8.336611,0.99538934
16985,1437154830021,-4.132392,8.526949,0.87089086
16986,1437154830043,-4.1144357,8.72507,0.748188
16987,1437154830062,-3.453636,8.835801,0.7374141
16988,1437154830083,-2.9592333,9.190742,0.7224504
16989,1437154830101,-2.7323828,9.620501,0.51834464
16990,1437154830122,-3.2453403,9.478046,0.83856916
16991,1437154830142,-4.4663835,9.019556,1.0995371
16992,1437154830162,-4.9135003,7.9846625,1.2862848
16993,1437154830182,-5.069722,7.7667904,1.5382746
16994,1437154830200,-5.01286,7.9756846,1.3144168
16995,1437154830222,-4.964976,8.104971,1.1540052
16996,1437154830244,-4.97156,8.100183,1.1486182
16997,1437154830260,-4.8320975,8.181585,0.97264445
16998,1437154830283,-4.6202106,8.288128,0.7721301
16999,1437154830304,-4.6920366,8.398261,0.6404489
17000,1437154830323,-4.8362875,8.480263,0.5129577
17001,1437154830343,-4.76087,8.473679,0.40102878
17002,1437154830363,-4.991312,8.3072815,0.43634325
17003,1437154830381,-5.4091,8.199542,0.45729253
17004,1437154830403,-5.649119,8.007407,0.5267244
17005,1437154830422,-5.5587378,7.9026613,0.56802434
17006,1437154830443,-5.4204726,8.005612,0.52612585
17007,1437154830463,-5.5563436,8.131308,0.41599256
17008,1437154830484,-5.4486046,8.1558485,0.46986207
17009,1437154830503,-5.363012,8.094197,0.41958386
17010,1437154830525,-5.5527525,8.127716,0.48961425
17011,1437154830645,-5.6203885,8.030751,0.5363012
17012,1437154830655,-5.716755,7.969699,0.6003461
17013,1437154830656,-5.4845176,7.716512,0.65660983
17014,1437154830661,-5.695806,7.7183075,0.5805939
17015,1437154830663,-6.0345855,7.7224975,0.41240123
17016,1437154830664,-5.920861,7.6369047,0.46686932
17017,1437154830665,-5.973533,7.6345105,0.39803603
17018,1437154830733,-6.165668,7.514202,0.3705027
17019,1437154830734,-6.634333,7.48188,0.42437226
17020,1437154830735,-7.0503254,7.4908586,0.12030864
17021,1437154830832,-7.1550717,7.401076,-0.33039984
17022,1437154830833,-6.9407907,7.1371155,-0.62368953
17023,1437154830834,-6.4266357,7.290344,-1.0127473
17024,1437154830835,-5.697003,7.542334,-1.2988545
17025,1437154830836,-5.3318872,7.9307933,-1.2737153
17026,1437154830842,-5.482722,8.2276745,-1.1833342
17027,1437154830860,-4.6016555,8.503606,-1.4490906
17028,1437154830879,-3.5206735,8.540716,-1.4766239
17029,1437154830899,-3.674501,8.818443,-0.92775315
17030,1437154830922,-4.6220064,9.061455,-0.6895301
17031,1437154830939,-4.6603136,8.942942,-0.712275
17032,1437154830960,-4.138976,8.482059,-0.5243302
17033,1437154830983,-3.879804,8.267777,-0.43993455
17034,1437154831003,-4.343082,8.366538,-0.6997054
17035,1437154831020,-4.2359414,8.371326,-0.9487024
17036,1437154831040,-4.2401314,8.316259,-1.0031705
17037,1437154831062,-4.7506948,8.446145,-1.0546459
17038,1437154831083,-4.957793,8.610746,-1.4867992
17039,1437154831100,-4.9775453,8.497022,-1.6142905
17040,1437154831120,-5.083489,8.382699,-1.6370354
17041,1437154831140,-5.583278,8.298902,-1.590947
17042,1437154831161,-5.771223,8.062474,-1.6555905
17043,1437154831183,-5.675455,8.104373,-1.5831659
17044,1437154831203,-5.7867856,8.055291,-1.6753427
17045,1437154831222,-5.8388596,7.912238,-1.5933412
17046,1437154831241,-5.8825536,7.976283,-1.602918
17047,1437154831260,-5.929839,8.137892,-1.8800468
17048,1437154831281,-5.386954,8.182783,-2.071583
17049,1437154831300,-4.758476,8.410232,-2.1080947
17050,1437154831322,-4.653131,8.648455,-2.0979192
17051,1437154831349,-4.7261543,8.764574,-1.9147629
17052,1437154831360,-4.573524,8.784326,-1.7118542
17053,1437154831380,-4.5537715,8.771756,-1.6244658
17054,1437154831401,-4.735731,8.711902,-1.423353
17055,1437154831422,-4.6884456,8.513782,-1.3563153
17056,1437154831444,-5.084686,8.608353,-1.0660183
17057,1437154831461,-5.2385135,8.533533,-1.2294226
17058,1437154831480,-5.0020857,8.150461,-1.115698
17059,1437154831503,-5.366603,8.071452,-0.7032967
17060,1437154831529,-5.4659624,7.976283,-0.8948329
17061,1437154831541,-5.3528366,7.8637557,-0.6859388
17062,1437154831561,-5.6784477,7.8206596,-0.55725044
17063,1437154831582,-5.6802435,7.902063,-0.82899237
17064,1437154831604,-5.595848,7.8422074,-0.7158663
17065,1437154831625,-5.915474,7.9068513,-0.6596026
17066,1437154831643,-5.7766104,7.915829,-0.670975
17067,1437154831664,-5.5467668,7.905654,-0.7266402
17068,1437154831684,-5.6066217,7.875128,-0.7517793
17069,1437154831703,-5.659294,7.81228,-0.6997054
17070,1437154831723,-5.5760956,7.753622,-0.6607997
17071,1437154831743,-5.5790887,7.915829,-0.75596917
17072,1437154831762,-5.5910597,7.8446016,-0.86490536
17073,1437154831784,-5.896919,7.7943234,-0.7128736
17074,1437154831802,-5.820903,7.578247,-0.8158242
17075,1437154831823,-6.0944405,7.6015906,-0.65421563
17076,1437154831843,-5.8562174,7.6931686,-0.7248446
17077,1437154831863,-5.7670336,7.768586,-0.74639237
17078,1437154831883,-5.6964045,7.756615,-0.7721301
17079,1437154831904,-5.727529,7.7811556,-0.8230068
17080,1437154831923,-5.7963624,7.8745294,-0.8086416
17081,1437154831943,-5.4641666,7.9331875,-0.8230068
17082,1437154831963,-4.8428717,8.180987,-0.79726917
17083,1437154831983,-4.5166616,8.483853,-1.3215994
17084,1437154832002,-5.0026846,8.775348,-1.8321629
17085,1437154832032,-5.1523223,8.813056,-1.7483658
17086,1437154832108,-4.5819035,8.823232,-2.1583729
17087,1437154832109,-4.4484267,8.579023,-2.179322
17088,1437154832110,-5.185242,8.284536,-1.834557
17089,1437154832111,-6.0040593,8.302493,-1.9129672
17090,1437154832121,-6.0387754,7.9996266,-1.7848774
17091,1437154832149,-5.8963203,7.575254,-1.2431892
17092,1437154832162,-6.247669,7.32506,-0.8726865
17093,1437154832183,-6.5966244,7.5447283,-0.8086416
17094,1437154832202,-6.5367694,7.48607,-0.95827925
17095,1437154832222,-6.1237693,7.20535,-0.5470751
17096,1437154832243,-5.9807158,7.117363,-0.24001873
17097,1437154832262,-6.027403,7.275979,-0.44891283
17098,1437154832283,-5.9442043,7.406463,-0.5177461
17099,1437154832314,-5.98311,7.607576,-0.64463884
17100,1437154832322,-5.9304376,7.805696,-0.9032126
17101,1437154832341,-5.6616883,7.916428,-1.079785
17102,1437154832362,-5.6419363,8.033744,-1.2485762
17103,1437154832382,-5.783793,8.053496,-1.2707225
17104,1437154832402,-5.831078,8.019978,-1.1246762
17105,1437154832421,-5.932832,7.9182234,-0.9588778
17106,1437154832442,-5.865794,7.8344264,-0.741604
17107,1437154832462,-5.6347537,7.817667,-0.6380547
17108,1437154832482,-5.6724625,7.8571715,-0.5883751
17109,1437154832501,-5.6138043,7.833828,-0.53929394
17110,1437154832522,-5.595848,7.754221,-0.5201403
17111,1437154832541,-5.79337,7.7865424,-0.61171854
17112,1437154832561,-5.761048,7.764396,-0.7870938
17113,1437154832582,-5.8681884,7.7530236,-0.8834604
17114,1437154832602,-6.117784,7.772177,-0.97982705
17115,1437154832622,-6.1620765,7.760206,-1.0684125
17116,1437154832641,-6.0483522,7.727885,-1.0947487
17117,1437154832662,-6.0890536,7.674015,-1.0067618
17118,1437154832682,-5.98311,7.6111674,-0.90740246
17119,1437154832702,-6.041768,7.5962033,-0.78050977
17120,1437154832722,-6.1369376,7.5052238,-0.66858083
17121,1437154832742,-5.947197,7.450157,-0.5823896
17122,1437154832762,-6.022016,7.586028,-0.4770447
17123,1437154832782,-5.7239375,7.5495167,-0.5177461
17124,1437154832802,-5.0493712,7.5644803,-0.45848963
17125,1437154832822,-5.6604915,7.6410947,-0.52253455
17126,1437154832843,-6.467337,7.6482773,-0.60094464
17127,1437154832862,-6.5230026,7.441777,-0.6039374
17128,1437154832881,-6.3607955,7.229292,-0.6835446
17129,1437154832901,-6.5247984,7.233482,-0.7110779
17130,1437154832923,-6.619968,7.2233067,-0.7930793
17131,1437154832942,-6.5966244,7.33344,-0.85891986
17132,1437154832966,-6.5684924,7.4004774,-0.91937345
17133,1437154832983,-6.587646,7.37055,-0.8631097
17134,1437154833006,-6.3967085,7.2592196,-0.84096336
17135,1437154833026,-6.3326635,7.2550297,-0.8487445
17136,1437154833046,-6.5367694,7.451354,-0.85413146
17137,1437154833063,-6.695385,7.5213847,-0.8936358
17138,1437154833082,-6.381146,7.425018,-0.8643068
17139,1437154833106,-6.271611,7.337031,-0.8218097
17140,1437154833126,-6.26802,7.2544312,-0.81402856
17141,1437154833146,-6.2979474,7.2191167,-0.80205756
17142,1437154833162,-6.3589997,7.095815,-0.74519527
17143,1437154833182,-6.4709287,7.0407486,-0.7386112
17144,1437154833206,-6.467337,6.951565,-0.6967127
17145,1437154833226,-6.4577603,6.9210386,-0.63087213
17146,1437154833246,-6.566098,7.019799,-0.6715736
17147,1437154833262,-6.5684924,7.049727,-0.7386112
17148,1437154833282,-6.5140243,7.147889,-0.85413146
17149,1437154833305,-6.5505357,7.167641,-1.0474633
17150,1437154833325,-6.5744777,7.199963,-1.2192472
17151,1437154833342,-6.806117,7.225102,-1.3437457
17152,1437154833366,-6.8958993,7.15567,-1.4449008
17153,1437154833383,-6.9228344,7.074866,-1.4449008
17154,1437154833404,-6.8958993,7.0587053,-1.4664485
17155,1437154833433,-6.9090676,6.989872,-1.4736311
17156,1437154833486,-6.8528037,6.9383965,-1.4089876
17157,1437154833490,-6.8144965,6.857592,-1.4143747
17158,1437154833491,-6.8504095,6.8893156,-1.3509283
17159,1437154833502,-6.7534447,6.8504095,-1.3563153
17160,1437154833523,-6.791153,6.893505,-1.4065934
17161,1437154833543,-6.8462195,6.9012866,-1.4287399
17162,1437154833562,-6.7690067,6.9144545,-1.4526819
17163,1437154833583,-6.789956,6.9024835,-1.4820108
17164,1437154833616,-6.8384385,6.925827,-1.5119383
17165,1437154833624,-6.959346,6.959346,-1.5173253
17166,1437154833644,-6.8504095,6.892308,-1.4999673
17167,1437154833664,-6.647501,6.831256,-1.4987702
17168,1437154833684,-6.576872,6.8683662,-1.5286977
17169,1437154833704,-6.719327,6.935404,-1.5328877
17170,1437154833726,-6.721721,6.8893156,-1.5119383
17171,1437154833746,-6.7480574,6.8767457,-1.508347
17172,1437154833766,-6.815694,6.8731546,-1.5155296
17173,1437154833783,-6.882133,6.827066,-1.4975731
17174,1437154833803,-6.875549,6.7773867,-1.5376761
17175,1437154833826,-6.8252707,6.7241154,-1.5454572
17176,1437154833846,-6.935404,6.7648168,-1.5658079
17177,1437154833863,-7.043143,6.787562,-1.6059108
17178,1437154833884,-7.029376,6.773795,-1.6208745
17179,1437154833903,-7.0664864,6.797737,-1.6262615
17180,1437154833923,-7.01142,6.793547,-1.6460136
17181,1437154833943,-6.9437833,6.782175,-1.5927427
17182,1437154833963,-6.9467764,6.7767878,-1.532289
17183,1437154833983,-6.9198413,6.7666125,-1.4981717
17184,1437154834005,-6.863578,6.7384806,-1.4796166
17185,1437154834027,-6.830059,6.7211227,-1.4808137
17186,1437154834045,-6.83784,6.7480574,-1.4730326
17187,1437154834064,-6.8246717,6.7887588,-1.4449008
17188,1437154834086,-6.8689647,6.811504,-1.4646529
17189,1437154834105,-6.851008,6.8372416,-1.4987702
17190,1437154834124,-6.8067155,6.8091097,-1.5155296
17191,1437154834144,-6.7851677,6.8306575,-1.5185224
17192,1437154834220,-6.8761473,6.839037,-1.5520413
17193,1437154834239,-6.901885,6.8647747,-1.4987702
17194,1437154834240,-6.863578,6.8306575,-1.5173253
17195,1437154834258,-6.7863646,6.7893577,-1.477821
17196,1437154834259,-6.7642183,6.7851677,-1.508347
17197,1437154834267,-6.881534,6.8109055,-1.5053543
17198,1437154834285,-6.92044,6.8204823,-1.5089456
17199,1437154834306,-6.996456,6.777985,-1.4808137
17200,1437154834324,-6.9623384,6.7905545,-1.448492
17201,1437154834345,-6.894104,6.781576,-1.4628572
17202,1437154834363,-6.845621,6.841431,-1.4903905
17203,1437154834383,-6.803723,6.841431,-1.5233108
17204,1437154834410,-6.740875,6.859388,-1.5532384
17205,1437154834423,-6.830059,6.9048777,-1.5957354
17206,1437154834446,-6.8569937,6.882133,-1.6112977
17207,1437154834467,-6.931214,6.9264255,-1.5975311
17208,1437154834484,-6.9000893,6.8647747,-1.5490485
17209,1437154834507,-6.789956,6.815095,-1.5143325
17210,1437154834525,-6.825869,6.8228765,-1.4748282
17211,1437154834544,-6.8761473,6.8324533,-1.4562732
17212,1437154834567,-6.8450227,6.7881603,-1.3623008
17213,1437154834584,-6.8563952,6.7504516,-1.3299791
17214,1437154834607,-6.8982935,6.7959414,-1.3198037
17215,1437154834625,-6.8480153,6.7492547,-1.3347675
17216,1437154834646,-6.818088,6.735488,-1.3605051
17217,1437154834668,-6.939594,6.742072,-1.4377182
17218,1437154834684,-7.005434,6.6893997,-1.4215573
17219,1437154834704,-6.994062,6.70975,-1.453879
17220,1437154834726,-7.076063,6.679224,-1.4383167
17221,1437154834748,-7.0365586,6.6864066,-1.4059949
17222,1437154834769,-7.0126166,6.706159,-1.4239515
17223,1437154834788,-7.091027,6.7145386,-1.3880384
17224,1437154834807,-6.9012866,6.6846113,-1.4676456
17225,1437154834824,-6.803723,6.6840124,-1.5047557
17226,1437154834844,-6.8905125,6.758233,-1.5520413
17227,1437154834865,-6.940192,6.83365,-1.5813702
17228,1437154834888,-6.932411,6.7731967,-1.5263035
17229,1437154834975,-6.906075,6.7205243,-1.5143325
17230,1437154834976,-6.9545574,6.6612678,-1.4586674
17231,1437154834977,-6.8887167,6.609194,-1.4083891
17232,1437154834978,-6.9246297,6.663662,-1.5286977
17233,1437154834985,-6.9916677,6.6732388,-1.6112977
17234,1437154835004,-7.055114,6.683414,-1.6250644
17235,1437154835024,-7.107786,6.691794,-1.6579847
17236,1437154835044,-7.1431007,6.7229185,-1.6346412
17237,1437154835066,-7.1353197,6.754043,-1.6005238
17238,1437154835084,-7.053318,6.739678,-1.6232687
17239,1437154835105,-7.017405,6.6864066,-1.5981296
17240,1437154835127,-6.8689647,6.6546836,-1.6262615
17241,1437154835146,-6.7839704,6.6504936,-1.5945383
17242,1437154835165,-6.8372416,6.76362,-1.6172832
17243,1437154835188,-6.7666125,6.7929487,-1.6124948
17244,1437154835206,-6.7450647,6.870162,-1.6514006
17245,1437154835228,-6.7510505,6.880337,-1.6795325
17246,1437154835247,-6.701969,6.877943,-1.6795325
17247,1437154835266,-6.6145806,6.8839283,-1.7088615
17248,1437154835288,-6.5367694,6.9623384,-1.797447
17249,1437154835306,-6.5505357,6.9838862,-1.863886
17250,1437154835327,-6.5655,6.9120603,-1.8495208
17251,1437154835346,-6.830059,6.879739,-1.775899
17252,1437154835373,-6.9958572,6.8079123,-1.7782934
17253,1437154835388,-7.061698,6.785766,-1.7226281
17254,1437154835407,-7.0994067,6.6666546,-1.7256209
17255,1437154835428,-7.1502833,6.575675,-1.6921021
17256,1437154835444,-7.1820064,6.597821,-1.7004818
17257,1437154835467,-7.1592617,6.467936,-1.8100165
17258,1437154835486,-6.994062,6.4745197,-1.6555905
17259,1437154835507,-6.975507,6.7959414,-1.7938557
17260,1437154835524,-6.4128695,6.959346,-1.9596541
17261,1437154835547,-6.003461,7.3124905,-1.9698294
17262,1437154835567,-6.1967926,7.5561004,-2.100912
17263,1437154835588,-6.2644286,7.5590935,-2.0739772
17264,1437154835606,-6.4541693,7.392098,-1.7788919
17265,1437154835626,-6.633734,7.219715,-1.7256209
17266,1437154835698,-6.685808,7.0622964,-1.6328455
17267,1437154835699,-6.817489,6.8001313,-1.4598645
17268,1437154835712,-7.0874357,6.75524,-1.4999673
17269,1437154835713,-7.021595,6.539762,-1.5598224
17270,1437154835725,-6.871359,6.3979053,-1.4203602
17271,1437154835746,-6.853402,6.627749,-1.5574282
17272,1437154835765,-6.5666966,6.8851256,-1.7088615
17273,1437154835798,-6.5840545,7.0970125,-1.6681601
17274,1437154835805,-6.435614,7.1724296,-1.7076644
17275,1437154835826,-6.385336,7.216124,-1.6609775
17276,1437154835845,-6.559514,7.2227077,-1.6514006
17277,1437154835866,-6.575675,7.1688385,-1.5520413
17278,1437154835888,-6.615179,7.1113777,-1.4808137
17279,1437154835905,-6.623559,7.0383544,-1.4856021
17280,1437154835929,-6.70556,6.9485717,-1.441908
17281,1437154835948,-6.7929487,6.9707184,-1.4856021
17282,1437154835967,-7.0305734,6.906075,-1.4347254
17283,1437154835987,-6.6864066,6.986879,-1.5406688
17284,1437154836009,-6.043564,7.1101804,-1.661576
17285,1437154836030,-6.2530565,7.3460093,-1.7202339
17286,1437154836048,-6.105214,7.4028716,-1.7046716
17287,1437154836068,-6.0597243,7.354389,-1.5460558
17288,1437154836088,-5.9412117,7.386112,-1.5825673
17289,1437154836106,-6.0956373,7.53575,-1.6430209
17290,1437154836129,-6.1716533,7.560889,-1.6903064
17291,1437154836145,-6.1782374,7.3819222,-1.6741456
17292,1437154836165,-6.203377,7.3579803,-1.6873137
17293,1437154836185,-6.3643866,7.301118,-1.7830818
17294,1437154836211,-6.459556,7.2987237,-1.7603368
17295,1437154836231,-6.4404025,7.2370734,-1.8770541
17296,1437154836251,-6.3661823,7.179612,-1.9141643
17297,1437154836270,-6.4631476,7.141904,-1.9201498
17298,1437154836285,-6.6762314,7.2083426,-1.9488802
17299,1437154836305,-6.7570357,7.256227,-1.9686323
17300,1437154836325,-6.5846534,7.3124905,-2.034473
17301,1437154836348,-6.227917,7.3747396,-2.0649989
17302,1437154836425,-5.9304376,7.457938,-2.0248961
17303,1437154836437,-5.9956794,7.4806833,-1.9794062
17304,1437154836438,-5.846042,7.4483614,-1.8974048
17305,1437154836439,-6.0022635,7.462128,-1.6980876
17306,1437154836448,-6.169858,7.453748,-1.7136499
17307,1437154836468,-6.0519433,7.4058642,-1.6346412
17308,1437154836491,-6.282984,7.345411,-1.6095021
17309,1437154836505,-6.357204,7.2927384,-1.5628152
17310,1437154836535,-6.345233,7.2340803,-1.5011644
17311,1437154836545,-6.4523735,7.2699933,-1.3910311
17312,1437154836568,-6.569091,7.3083005,-1.3395559
17313,1437154836591,-6.457162,7.3723454,-1.335366
17314,1437154836613,-6.2901664,7.371747,-1.3389573
17315,1437154836641,-6.0699,7.406463,-1.3700819
17316,1437154836646,-5.922058,7.41604,-1.4215573
17317,1437154836666,-5.9052987,7.442376,-1.4981717
17318,1437154836686,-6.019023,7.5189905,-1.5101427
17319,1437154836706,-6.1967926,7.5824366,-1.5292963
17320,1437154836726,-6.0866594,7.5285673,-1.5442601
17321,1437154836746,-6.0639143,7.4693108,-1.5975311
17322,1437154836766,-5.988497,7.422025,-1.6256629
17323,1437154836786,-6.1584854,7.429208,-1.6490064
17324,1437154836806,-6.184223,7.358579,-1.6005238
17325,1437154836826,-6.232107,7.269395,-1.5556326
17326,1437154836846,-6.3446345,7.237672,-1.525705
17327,1437154836866,-6.3422403,7.233482,-1.4628572
17328,1437154836884,-6.4008985,7.2424603,-1.4323312
17329,1437154836910,-6.455366,7.271789,-1.4275428
17330,1437154836928,-6.4631476,7.3340383,-1.4371196
17331,1437154836947,-6.3129115,7.319673,-1.4700398
17332,1437154836965,-6.271013,7.340024,-1.4466964
17333,1437154836987,-6.3141084,7.418434,-1.5472529
17334,1437154837009,-6.3871317,7.4190326,-1.5574282
17335,1437154837030,-6.306926,7.3567834,-1.5394717
17336,1437154837047,-6.353613,7.241862,-1.4634558
17337,1437154837069,-6.4697313,7.2286935,-1.407192
17338,1437154837088,-6.5738792,7.153276,-1.3395559
17339,1437154837106,-6.591237,7.0874357,-1.3018472
17340,1437154837125,-6.6786256,7.091027,-1.240795
17341,1437154837145,-6.7163343,7.0688806,-1.2497733
17342,1437154837169,-6.6504936,7.062895,-1.2072762
17343,1437154837186,-6.5152216,7.0940194,-1.1988965
17344,1437154837206,-6.5804634,7.1706343,-1.1935096
17345,1437154837227,-6.619369,7.1808095,-1.1785458
17346,1437154837246,-6.4882865,7.0808516,-1.1761516
17347,1437154837269,-6.5032506,7.0305734,-1.151611
17348,1437154837290,-6.5218053,7.016208,-1.1402385
17349,1437154837310,-6.6415157,7.0365586,-1.1486182
17350,1437154837327,-6.7690067,7.109582,-1.1737574
17351,1437154837350,-6.7845693,7.123947,-1.22224
17352,1437154837370,-6.667253,7.105392,-1.22224
17353,1437154837390,-6.6056023,7.1113777,-1.2378023
17354,1437154837410,-6.618172,7.138911,-1.2791022
17355,1437154837430,-6.5828576,7.1622543,-1.2785037
17356,1437154837450,-6.63134,7.1431007,-1.2892777
17357,1437154837467,-6.637924,7.0970125,-1.2988545
17358,1437154837488,-6.583456,7.0012445,-1.2964603
17359,1437154837508,-6.666056,6.9731126,-1.2802993
17360,1437154837532,-6.809708,6.935404,-1.283292
17361,1437154837554,-6.879739,6.8743515,-1.2898762
17362,1437154837567,-6.919243,6.849811,-1.2731167
17363,1437154837588,-6.881534,6.8468184,-1.2593501
17364,1437154837607,-6.9485717,6.8869214,-1.2575544
17365,1437154837631,-6.891111,6.92044,-1.2366052
17366,1437154837646,-6.8186865,6.9366007,-1.2234371
17367,1437154837669,-6.749853,7.0108213,-1.22224
17368,1437154837690,-6.637326,7.006033,-1.2455834
17369,1437154837749,-6.63134,7.129334,-1.2455834
17370,1437154837750,-6.6067996,7.187992,-1.2473791
17371,1437154837751,-6.4763155,7.1688385,-1.2707225
17372,1437154837767,-6.43322,7.2047515,-1.2575544
17373,1437154837789,-6.5858502,7.177817,-1.2892777
17374,1437154837812,-6.593033,7.1688385,-1.2707225
17375,1437154837827,-6.603807,7.1730285,-1.2653356
17376,1437154837853,-6.528988,7.1502833,-1.2635399
17377,1437154837867,-6.417059,7.1484876,-1.299453
17378,1437154837892,-6.4044895,7.1347213,-1.30484
17379,1437154837912,-6.531981,7.1143703,-1.2892777
17380,1437154837928,-6.5218053,7.1526775,-1.2545617
17381,1437154837947,-6.582259,7.177218,-1.282095
17382,1437154837970,-6.631939,7.1448965,-1.270124
17383,1437154837990,-6.4685345,7.0970125,-1.2659341
17384,1437154838012,-6.546346,7.1287355,-1.2904748
17385,1437154838032,-6.609194,7.1059904,-1.3024458
17386,1437154838050,-6.618172,7.053318,-1.2611457
17387,1437154838070,-6.6654577,7.149685,-1.3479356
17388,1437154838090,-6.7845693,7.121553,-1.3820529
17389,1437154838110,-6.809708,7.1155677,-1.3479356
17390,1437154838131,-6.835446,7.03596,-1.3239936
17391,1437154838147,-6.8222775,6.894104,-1.2719196
17392,1437154838170,-6.803124,6.7845693,-1.2132617
17393,1437154838190,-6.827066,6.7330937,-1.1815386
17394,1437154838210,-6.835446,6.8468184,-1.1318588
17395,1437154838230,-6.6684504,7.3831196,-1.2234371
17396,1437154838250,-5.9801173,7.6255326,-1.4413095
17397,1437154838270,-5.006874,7.85358,-1.2779051
17398,1437154838290,-4.386776,8.065467,-1.1575965
17399,1437154838310,-4.1946416,8.098388,-0.8948329
17400,1437154838331,-4.140772,8.166023,-0.45908818
17401,1437154838351,-4.9284644,8.533533,-0.521936
17402,1437154838371,-5.309142,8.789713,-0.94092125
17403,1437154838390,-5.127183,8.957307,-1.1563994
17404,1437154838409,-4.6154222,9.01776,-1.5592239
17405,1437154838489,-4.4873323,9.100361,-1.7567455
17406,1437154838490,-4.631583,9.029732,-1.75076
17407,1437154838491,-4.5681367,8.801085,-1.70946
17408,1437154838492,-4.805163,8.5622635,-1.4850036
17409,1437154838510,-5.2199583,8.327033,-1.3736732
17410,1437154838534,-5.3923407,8.04392,-1.2084733
17411,1437154838549,-5.7359085,7.7506294,-1.0594343
17412,1437154838607,-5.9370217,7.5429325,-1.0223241
17413,1437154838628,-6.099229,7.227496,-0.92535895
17414,1437154838629,-6.2339025,7.037756,-0.7649474
17415,1437154838630,-6.5259953,7.1101804,-0.75716627
17416,1437154838653,-6.5152216,7.147889,-1.0043676
17417,1437154838672,-6.090849,7.3298483,-1.0546459
17418,1437154838691,-5.705383,7.5812397,-1.1456255
17419,1437154838711,-5.2379146,7.916428,-1.1881226
17420,1437154838731,-5.0038815,8.322844,-1.1623849
17421,1437154838751,-5.309142,8.5778265,-1.2144588
17422,1437154838770,-5.393538,8.649054,-1.1779473
17423,1437154838791,-5.3408656,8.508394,-1.1941081
17424,1437154838811,-5.4180784,8.406641,-1.1761516
17425,1437154838831,-5.345654,8.197746,-1.216853
17426,1437154838851,-5.3288946,8.040926,-1.1707647
17427,1437154838871,-5.6868277,7.9182234,-1.1414356
17428,1437154838889,-5.819107,7.748235,-1.0785879
17429,1437154838910,-5.928642,7.6267295,-1.0055647
17430,1437154838928,-6.099229,7.61835,-0.94092125
17431,1437154838948,-6.161478,7.593809,-0.8846575
17432,1437154838971,-6.053739,7.587824,-0.85173726
17433,1437154838988,-6.105813,7.6985555,-0.7858967
17434,1437154839011,-6.168062,7.7440453,-0.7679402
17435,1437154839029,-6.007651,7.745841,-0.7015011
17436,1437154839050,-5.895123,7.730279,-0.66139823
17437,1437154839070,-5.825691,7.8505874,-0.6410475
17438,1437154839093,-5.719748,7.820061,-0.6739678
17439,1437154839114,-5.7017913,7.819463,-0.64463884
17440,1437154839134,-5.9184666,7.826047,-0.623091
17441,1437154839148,-5.9920883,7.74225,-0.5506664
17442,1437154839171,-5.9627595,7.653664,-0.52492875
17443,1437154839223,-6.0381765,7.587824,-0.45609543
17444,1437154839224,-5.9920883,7.5614877,-0.47405192
17445,1437154839233,-6.042965,7.5465236,-0.44232875
17446,1437154839249,-6.1524997,7.5345526,-0.46567222
17447,1437154839270,-6.241085,7.5483193,-0.46447513
17448,1437154839288,-6.1728506,7.4645224,-0.43873745
17449,1437154839308,-6.125565,7.4615297,-0.4225766
17450,1437154839329,-6.183026,7.4962454,-0.4165911
17451,1437154839364,-6.1046157,7.5291657,-0.39145198
17452,1437154839370,-6.1357403,7.5572977,-0.41359833
17453,1437154839390,-6.14831,7.567473,-0.38845924
17454,1437154839409,-6.0687027,7.542334,-0.37708676
17455,1437154839432,-6.1141925,7.6009917,-0.3633201
17456,1437154839451,-6.0740895,7.5848308,-0.338181
17457,1437154839470,-6.117784,7.577648,-0.28909984
17458,1437154839491,-6.2303114,7.602189,-0.25797522
17459,1437154839512,-6.14831,7.6375036,-0.2633622
17460,1437154839531,-6.0944405,7.638102,-0.33159694
17461,1437154839551,-5.8945246,7.4764934,-0.30166942
17462,1437154839571,-6.1405287,7.530363,-0.3238158
17463,1437154839591,-6.363788,7.5644803,-0.42796355
17464,1437154839609,-6.167464,7.441179,-0.38307226
17465,1437154839634,-6.159084,7.439383,-0.4141969
17466,1437154839648,-6.1943984,7.3579803,-0.4405331
17467,1437154839673,-6.297349,7.387908,-0.48722005
17468,1437154839695,-6.3901243,7.369353,-0.45789108
17469,1437154839714,-6.389526,7.313089,-0.45729253
17470,1437154839732,-6.339846,7.259818,-0.44651863
17471,1437154839749,-6.031593,7.113772,-0.45489833
17472,1437154839771,-5.849035,7.008427,-0.3238158
17473,1437154839788,-6.277597,7.0904284,-0.17477672
17474,1437154839815,-6.795343,7.299921,-0.22685061
17475,1437154839835,-6.6265516,7.302315,-0.45609543
17476,1437154839855,-6.2662244,7.187992,-0.43035775
17477,1437154839873,-6.085462,7.1861963,-0.66379243
17478,1437154839898,-6.3907228,7.358579,-0.82599956
17479,1437154839991,-6.3284736,7.4046674,-1.0205284
17480,1437154839992,-6.371569,7.4028716,-1.1264719
17481,1437154839993,-6.0268044,7.3729444,-1.3018472
17482,1437154839994,-6.0381765,7.4244194,-1.4059949
17483,1437154839995,-6.349423,7.5112095,-1.6071079
17484,1437154840010,-6.261436,7.5602903,-1.7363948
17485,1437154840040,-6.241085,7.5830355,-1.9003977
17486,1437154840049,-6.1836243,7.451953,-1.8770541
17487,1437154840082,-6.6510925,7.469909,-1.7238252
17488,1437154840090,-6.9623384,7.2867527,-1.7136499
17489,1437154840109,-7.00304,7.0581064,-1.4939818
17490,1437154840132,-6.8318543,6.715137,-1.3892355
17491,1437154840149,-7.0287776,6.8438253,-1.3335704
17492,1437154840170,-7.2472486,6.88333,-1.4802152
17493,1437154840192,-6.8168907,6.7223196,-1.5035586
17494,1437154840212,-6.602011,6.606201,-1.5514427
17495,1437154840232,-6.5098343,6.703166,-1.6795325
17496,1437154840252,-6.558317,6.728904,-1.6825253
17497,1437154840272,-6.806117,6.9611416,-1.8363527
17498,1437154840292,-7.0329676,6.9569516,-2.0266917
17499,1437154840312,-6.8306575,6.9886746,-1.9764135
17500,1437154840331,-6.9545574,6.9000893,-2.094328
17501,1437154840354,-6.941988,6.9198413,-2.1242554
17502,1437154840372,-6.7690067,6.8144965,-1.977012
17503,1437154840391,-6.8348475,6.977302,-1.8860323
17504,1437154840410,-6.8665705,6.986879,-1.9333179
17505,1437154840430,-6.4523735,7.0407486,-1.7782934
17506,1437154840450,-6.425439,6.987478,-1.7878702
17507,1437154840475,-6.4350157,7.043741,-1.7459716
17508,1437154840491,-6.5367694,7.0221934,-1.7369933
17509,1437154840515,-6.4427967,6.901885,-1.7399861
17510,1437154840533,-6.6480994,6.939594,-1.6106992
17511,1437154840554,-6.8958993,6.9826894,-1.7405846
17512,1437154840570,-6.749853,6.84203,-1.6705543
17513,1437154840595,-6.6510925,6.7564373,-1.560421
17514,1437154840614,-6.827665,6.8839283,-1.6244658
17515,1437154840734,-7.303512,7.0664864,-1.8219875
17516,1437154840735,-6.963536,6.995259,-1.7675194
17517,1437154840736,-6.739678,6.885724,-1.584363
17518,1437154840737,-6.8851256,6.9904704,-1.6693572
17519,1437154840738,-6.863578,6.979098,-1.5747862
17520,1437154840739,-6.706159,6.7923503,-1.5131354
17521,1437154840803,-6.715736,6.8665705,-1.4634558
17522,1437154840804,-6.867768,6.8306575,-1.4443022
17523,1437154840805,-6.9144545,6.8827314,-1.400608
17524,1437154840823,-6.941389,6.779781,-1.4867992
17525,1437154840878,-6.754043,6.6750345,-1.400608
17526,1437154840879,-6.729502,6.7887588,-1.4879963
17527,1437154840880,-6.884527,6.749853,-1.4802152
17528,1437154840906,-6.8528037,6.757634,-1.4688427
17529,1437154840911,-6.896498,6.8013287,-1.5388732
17530,1437154840931,-6.9000893,6.6385226,-1.4341269
17531,1437154840967,-7.004237,6.7324953,-1.316811
17532,1437154840969,-7.0329676,6.745663,-1.4239515
17533,1437154840989,-6.7241154,6.655881,-1.3036429
17534,1437154841010,-6.637924,6.6067996,-1.3293805
17535,1437154841031,-6.682217,6.645107,-1.3928268
17536,1437154841052,-6.915652,6.794146,-1.477821
17537,1437154841072,-6.892308,6.789956,-1.5927427
17538,1437154841091,-6.9198413,6.8210807,-1.6705543
17539,1437154841109,-6.841431,6.8282633,-1.8064252
17540,1437154841130,-6.8222775,6.8306575,-1.8130093
17541,1437154841151,-6.952163,6.918046,-1.9045875
17542,1437154841172,-6.879739,6.8366427,-1.751957
17543,1437154841193,-7.162853,6.8893156,-1.7106571
17544,1437154841211,-6.9862804,6.8324533,-1.6950948
17545,1437154841231,-6.8085113,6.827665,-1.6310499
17546,1437154841249,-6.6989765,6.7983356,-1.6220716
17547,1437154841271,-6.6947865,6.831256,-1.543063
17548,1437154841291,-6.6624646,6.8988924,-1.5298948
17549,1437154841312,-6.6002154,6.8773446,-1.489792
17550,1437154841333,-6.669647,6.8958993,-1.4281414
17551,1437154841351,-6.755839,6.8947024,-1.4622587
17552,1437154841372,-6.7223196,6.880337,-1.3874398
17553,1437154841391,-6.871359,6.9090676,-1.4317327
17554,1437154841411,-6.7522473,6.8773446,-1.3790601
17555,1437154841492,-6.761824,6.865972,-1.3940239
17556,1437154841493,-6.681618,6.8342485,-1.389834
17557,1437154841494,-6.6786256,6.7839704,-1.299453
17558,1437154841495,-6.767211,6.8492126,-1.292869
17559,1437154841511,-6.712743,6.8210807,-1.2868834
17560,1437154841537,-6.7025676,6.8127007,-1.2940661
17561,1437154841552,-6.6852098,6.7725983,-1.3108255
17562,1437154841576,-6.815095,6.843227,-1.3335704
17563,1437154841596,-6.901885,6.849811,-1.3485341
17564,1437154841614,-6.9228344,6.8743515,-1.3700819
17565,1437154841631,-6.9288197,6.871359,-1.4197617
17566,1437154841652,-6.892308,6.771401,-1.4101849
17567,1437154841672,-6.9006877,6.8013287,-1.417966
17568,1437154841694,-6.996456,6.7348895,-1.4490906
17569,1437154841713,-7.0156097,6.775591,-1.4065934
17570,1437154841731,-7.147889,6.769605,-1.4089876
17571,1437154841754,-6.992266,6.703166,-1.4251486
17572,1437154841774,-7.050924,6.6666546,-1.4269443
17573,1437154841798,-7.0365586,6.658275,-1.484405
17574,1437154841810,-7.0766616,6.634333,-1.5023615
17575,1437154841831,-7.1610575,6.692991,-1.5131354
17576,1437154841883,-7.176021,6.691195,-1.5346833
17577,1437154841884,-7.2502413,6.728904,-1.5436616
17578,1437154841896,-7.3202715,6.703166,-1.5448587
17579,1437154841911,-7.211934,6.623559,-1.5298948
17580,1437154841931,-7.121553,6.5619082,-1.4903905
17581,1437154841953,-7.114969,6.579266,-1.4706384
17582,1437154841972,-7.1371155,6.559514,-1.4221559
17583,1437154841993,-7.1371155,6.5523314,-1.4083891
17584,1437154842012,-7.1849995,6.619968,-1.4167689
17585,1437154842036,-7.2185183,6.6367273,-1.3605051
17586,1437154842053,-7.144298,6.6175733,-1.3503298
17587,1437154842072,-7.1251445,6.634333,-1.3413515
17588,1437154842091,-7.041347,6.63553,-1.299453
17589,1437154842111,-6.9252286,6.7265096,-1.2880806
17590,1437154842131,-6.9491706,6.8043213,-1.3150153
17591,1437154842233,-6.9491706,6.839636,-1.2593501
17592,1437154842234,-7.004237,6.8330517,-1.2665327
17593,1437154842235,-7.128137,6.797737,-1.1767502
17594,1437154842239,-7.1873937,6.7067575,-1.1264719
17595,1437154842240,-7.2394676,6.602011,-1.0414777
17596,1437154842255,-7.217321,6.5068417,-0.99538934
17597,1437154842282,-7.2382703,6.43741,-0.93373865
17598,1437154842292,-7.325659,6.4523735,-0.91219085
17599,1437154842313,-7.3633676,6.4547677,-0.8900445
17600,1437154842332,-7.323863,6.439804,-0.84335756
17601,1437154842352,-7.1712327,6.439804,-0.8583213
17602,1437154842375,-7.1431007,6.4421983,-0.8379706
17603,1437154842394,-7.0527196,6.4260373,-0.8295909
17604,1437154842412,-7.1754227,6.4924765,-0.7781156
17605,1437154842433,-7.189788,6.543353,-0.82240826
17606,1437154842451,-7.1484876,6.5966244,-0.79248077
17607,1437154842473,-7.128137,6.563704,-0.75716627
17608,1437154842494,-7.0874357,6.5750766,-0.7098808
17609,1437154842515,-7.08145,6.5337763,-0.7158663
17610,1437154842535,-7.1502833,6.5523314,-0.64942724
17611,1437154842554,-7.165247,6.55712,-0.64823014
17612,1437154842573,-7.1431007,6.5577183,-0.6290765
17613,1437154842595,-7.08564,6.5505357,-0.6368576
17614,1437154842614,-7.038953,6.5720835,-0.61650693
17615,1437154842632,-6.9970546,6.579266,-0.6356605
17616,1437154842655,-7.053917,6.6241574,-0.6679823
17617,1437154842673,-7.0341644,6.6163764,-0.700304
17618,1437154842694,-7.0581064,6.6965823,-0.6859388
17619,1437154842714,-7.101801,6.777985,-0.7350199
17620,1437154842734,-6.9982514,6.831256,-0.7164649
17621,1437154842756,-6.930017,6.9186444,-0.76195467
17622,1437154842773,-6.8240733,6.949769,-0.7870938
17623,1437154842795,-6.664859,6.9491706,-0.7942764
17624,1437154842815,-6.691195,6.975507,-0.7697359
17625,1437154842835,-6.755839,7.017405,-0.7703344
17626,1437154842854,-6.7881603,7.0168066,-0.7541735
17627,1437154842874,-6.8091097,7.008427,-0.7589619
17628,1437154842896,-6.8013287,7.009624,-0.7685388
17629,1437154842973,-6.8067155,6.9623384,-0.76075757
17630,1437154842974,-6.7600284,6.9360023,-0.8230068
17631,1437154842975,-6.7803793,6.9252286,-0.86251116
17632,1437154842976,-6.739079,6.8887167,-0.90620536
17633,1437154842992,-6.7839704,6.8605847,-0.9008184
17634,1437154843015,-6.831256,6.8144965,-0.8972271
17635,1437154843032,-6.904279,6.8091097,-0.8714894
17636,1437154843052,-6.9982514,6.8198833,-0.91099375
17637,1437154843086,-6.9946604,6.7881603,-0.9163807
17638,1437154843094,-7.035362,6.730101,-0.8702923
17639,1437154843114,-7.0305734,6.7893577,-0.82599956
17640,1437154843134,-6.973711,6.8348475,-0.9888053
17641,1437154843152,-6.9545574,6.8605847,-0.91099375
17642,1437154843173,-6.919243,6.8204823,-1.009156
17643,1437154843193,-6.7929487,6.8085113,-0.95827925
17644,1437154843215,-6.8144965,6.7372837,-0.9995792
17645,1437154843235,-6.8001313,6.7211227,-0.97144735
17646,1437154843255,-6.779781,6.666056,-1.0187328
17647,1437154843272,-6.8067155,6.91625,-1.0815806
17648,1437154843294,-6.896498,7.04434,-1.2425907
17649,1437154843312,-6.7342906,7.089231,-1.1875241
17650,1437154843332,-6.6427126,7.117962,-1.2384008
17651,1437154843355,-6.6923923,7.1688385,-1.2725182
17652,1437154843373,-6.7025676,7.103596,-1.2575544
17653,1437154843393,-6.6840124,7.0646906,-1.264737
17654,1437154843412,-6.7690067,7.001843,-1.2306197
17655,1437154843433,-6.83365,6.9000893,-1.2258313
17656,1437154843452,-6.8887167,6.8121023,-1.1546037
17657,1437154843472,-6.9731126,6.8109055,-1.1522095
17658,1437154843493,-7.001843,6.7253127,-1.1552023
17659,1437154843515,-6.9725137,6.733692,-1.0672154
17660,1437154843535,-7.0186024,6.695385,-1.122282
17661,1437154843553,-6.9599442,6.7384806,-1.0450691
17662,1437154843575,-6.9198413,6.754043,-1.0636241
17663,1437154843594,-6.9186444,6.818088,-1.0767922
17664,1437154843614,-6.906075,6.8204823,-1.0690111
17665,1437154843635,-6.821679,6.851008,-1.1019313
17666,1437154843714,-6.9318123,6.930017,-1.1366472
17667,1437154843715,-6.9264255,6.8988924,-1.1593921
17668,1437154843716,-7.0168066,6.839037,-1.1528081
17669,1437154843717,-6.988076,6.731298,-1.1001357
17670,1437154843734,-6.976105,6.699575,-1.0259154
17671,1437154843756,-7.050924,6.7468605,-1.0336965
17672,1437154843772,-6.96174,6.7606273,-1.0642227
17673,1437154843793,-6.927623,6.7881603,-1.0354922
17674,1437154843814,-6.938995,6.8408327,-1.0384849
17675,1437154843835,-6.9318123,6.8522053,-1.0073603
17676,1437154843853,-6.8767457,6.875549,-0.98461545
17677,1437154843873,-6.775591,6.8013287,-0.93373865
17678,1437154843893,-6.8324533,6.9066734,-0.9995792
17679,1437154843916,-6.904279,6.9581485,-1.0301052
17680,1437154843936,-6.847417,6.986879,-0.9911995
17681,1437154843956,-6.730101,6.9719152,-1.0498575
17682,1437154843976,-6.7283053,6.9701195,-1.0169371
17683,1437154843993,-6.7666125,6.981492,-1.0217255
17684,1437154844013,-6.7773867,6.977302,-1.0079589
17685,1437154844033,-6.8204823,6.9719152,-0.9804256
17686,1437154845342,-6.8127007,6.935404,-0.97144735
17687,1437154845343,-6.8557963,6.9126587,-0.9283517
17688,1437154845344,-6.861782,6.9808936,-0.9588778
17689,1437154845345,-6.783372,6.895301,-0.9223662
17690,1437154845346,-6.8318543,6.905476,-0.86490536
17691,1437154845347,-6.8480153,6.9342065,-0.90740246
17692,1437154845348,-6.806117,6.930017,-0.8451532
17693,1437154845349,-6.785766,6.9743094,-0.88286185
17694,1437154845350,-6.76781,6.9784994,-0.85473
17695,1437154845351,-6.727707,6.9988503,-0.87448215
17696,1437154845352,-6.730101,6.983288,-0.86490536
17697,1437154845353,-6.8007298,6.986879,-0.83976626
17698,1437154845354,-6.8204823,6.9946604,-0.85891986
17699,1437154845355,-6.853402,6.9677253,-0.7739257
17700,1437154845356,-6.8013287,6.9545574,-0.8098387
17701,1437154845357,-6.7743936,6.980295,-0.8367735
17702,1437154845358,-6.758233,7.015011,-0.84216046
17703,1437154845359,-6.6965823,6.95755,-0.86849666
17704,1437154845360,-6.7025676,6.9677253,-0.878672
17705,1437154845361,-6.7570357,6.9838862,-0.8619126
17706,1437154845362,-6.7600284,6.9198413,-0.83378077
17707,1437154845363,-6.7684083,6.9168487,-0.8098387
17708,1437154845364,-6.9048777,6.959346,-0.85413146
17709,1437154845365,-6.935404,6.964134,-0.85054016
17710,1437154845366,-6.815694,6.915652,-0.86370826
17711,1437154845367,-6.8091097,6.9222355,-0.83018947
17712,1437154845368,-6.823475,6.931214,-0.8331822
17713,1437154845369,-6.7145386,6.935404,-0.8283938
17714,1437154845370,-6.7013707,6.976105,-0.8822633
17715,1437154845371,-6.6893997,6.988076,-0.9139865
17716,1437154845372,-6.727108,7.020398,-0.9163807
17717,1437154845373,-6.745663,7.0036387,-0.95588505
17718,1437154845374,-6.7725983,7.061698,-0.93254155
17719,1437154845375,-6.787562,7.033566,-0.9355343
17720,1437154845376,-6.749853,6.9886746,-0.9271546
17721,1437154845377,-6.7283053,6.9886746,-0.93852705
17722,1437154845378,-6.7121444,6.965331,-0.9115923
17723,1437154845379,-6.7534447,6.997653,-0.9331401
17724,1437154845380,-6.7187285,6.9599442,-0.9840169
17725,1437154845381,-6.731298,6.962937,-0.9307459
17726,1437154845382,-6.818088,6.983288,-0.9768343
17727,1437154845383,-6.8665705,7.023391,-0.9935937
17728,1437154845384,-6.8522053,6.96174,-0.9247604
17729,1437154845385,-6.724714,6.9012866,-0.8619126
17730,1437154845386,-6.689998,6.929418,-0.88046765
17731,1437154845387,-6.7444663,7.013814,-0.9223662
17732,1437154845388,-6.7606273,7.086837,-0.98461545
17733,1437154845389,-6.667253,7.0449386,-1.0253168
17734,1437154845390,-6.675633,7.043741,-1.0055647
17735,1437154845391,-6.7468605,7.0646906,-1.0073603
17736,1437154845392,-6.7283053,6.987478,-0.9923966
17737,1437154845393,-6.688801,6.9557543,-0.9876082
17738,1437154845394,-6.815095,6.980295,-1.0067618
17739,1437154845395,-6.901885,6.9743094,-0.9888053
17740,1437154845396,-6.8563952,6.9066734,-0.98940384
17741,1437154845397,-6.88333,6.947375,-0.94930094
17742,1437154845398,-6.9330096,6.9360023,-0.94451255
17743,1437154845399,-6.811504,6.9006877,-0.89543146
17744,1437154845400,-6.7773867,6.8743515,-0.9211691
17745,1437154845401,-6.743868,6.8623805,-0.93014735
17746,1437154845402,-6.8186865,6.904279,-0.9343372
17747,1437154845403,-6.835446,6.879739,-0.9564836
17748,1437154845404,-6.8827314,6.921637,-0.94570965
17749,1437154845405,-6.921637,6.8881183,-0.9923966
17750,1437154845406,-6.88333,6.88333,-0.9451111
17751,1437154845407,-6.9090676,6.881534,-0.98700964
17752,1437154845408,-6.8569937,6.8641763,-0.9756372
17753,1437154845409,-6.851008,6.884527,-0.9708488
17754,1437154845412,-6.7522473,6.861782,-0.9911995
17755,1437154845432,-6.7809777,6.9078703,-1.0097545
17756,1437154845452,-6.882133,6.9605427,-1.0450691
17757,1437154845472,-6.89171,6.992266,-1.0528502
17758,1437154845493,-6.8851256,6.904279,-0.97862995
17759,1437154845513,-6.76781,6.907272,-0.91697925
17760,1437154845533,-6.823475,6.9557543,-0.94930094
17761,1437154845553,-6.7767878,6.976105,-0.9995792
17762,1437154845573,-6.6265516,7.08145,-0.97623575
17763,1437154845596,-6.55712,7.047333,-1.0809821
17764,1437154845615,-6.583456,7.1742253,-1.0564415
17765,1437154845637,-6.589442,7.189788,-1.0881647
17766,1437154845656,-6.4631476,7.1688385,-1.0660183
17767,1437154845673,-6.517616,7.289746,-1.0546459
17768,1437154845693,-6.59004,7.3460093,-1.1168951
17769,1437154845715,-6.389526,7.3567834,-1.0618285
17770,1437154845737,-6.227917,7.421427,-1.1240777
17771,1437154845757,-6.1423244,7.5285673,-1.1360487
17772,1437154845778,-6.147113,7.6243353,-1.13964
17773,1437154845797,-6.1423244,7.6602483,-1.1186907
17774,1437154845815,-6.0884547,7.589619,-1.0618285
17775,1437154845834,-6.139332,7.550115,-1.0145429
17776,1437154845855,-6.199187,7.4884644,-0.9768343
17777,1437154845878,-6.2243257,7.409456,-0.93613285
17778,1437154845897,-6.3021374,7.32925,-0.89902276
17779,1437154845921,-6.413468,7.277775,-0.8798691
17780,1437154845936,-6.4870896,7.2143283,-0.8062474
17781,1437154845956,-6.547543,7.15567,-0.8026561
17782,1437154845973,-6.625355,7.117363,-0.75836337
17783,1437154845994,-6.609194,7.03596,-0.74399817
17784,1437154846016,-6.692991,7.033566,-0.7715315
17785,1437154846034,-6.8198833,7.04015,-0.74998367
17786,1437154846054,-6.83365,7.037756,-0.78769237
17787,1437154846078,-6.7959414,6.945579,-0.7338228
17788,1437154846099,-6.75524,6.980295,-0.7422025
17789,1437154846117,-6.7666125,6.9725137,-0.79726917
17790,1437154846134,-6.803723,6.95336,-0.74399817
17791,1437154846159,-6.818088,6.9503675,-0.81642276
17792,1437154846179,-6.75524,6.907272,-0.8026561
17793,1437154846198,-6.7342906,6.859388,-0.7990648
17794,1437154846217,-6.797737,6.9144545,-0.78410107
17795,1437154846235,-6.8743515,6.9078703,-0.80205756
17796,1437154846259,-6.8252707,6.95336,-0.825401
17797,1437154846276,-6.8504095,6.931214,-0.8343793
17798,1437154846298,-6.8408327,7.007828,-0.81522566
17799,1437154846319,-6.761824,7.1209545,-0.88645315
17800,1437154846336,-6.612785,7.183802,-0.88286185
17801,1437154846356,-6.564901,7.237672,-0.87208796
17802,1437154846376,-6.4469867,7.295731,-0.866701
17803,1437154846398,-6.38354,7.375937,-0.8230068
17804,1437154846419,-6.3153057,7.4028716,-0.8738836
17805,1437154846438,-6.278794,7.4058642,-0.83258367
17806,1437154846459,-6.306926,7.451354,-0.84216046
17807,1437154846476,-6.325481,7.4471645,-0.83378077
17808,1437154846496,-6.242881,7.381324,-0.8194155
17809,1437154846517,-6.2746043,7.3310456,-0.7739257
17810,1437154846539,-6.320094,7.3232646,-0.7541735
17811,1437154846559,-6.408081,7.277775,-0.74998367
17812,1437154846628,-6.407482,7.213131,-0.7278373
17813,1437154846629,-6.4978633,7.2065473,-0.7787141
17814,1437154846630,-6.6067996,7.2005615,-0.789488
17815,1437154846637,-6.652888,7.1610575,-0.83737206
17816,1437154846660,-6.695385,7.117962,-0.7751228
17817,1437154846676,-6.6534867,7.08983,-0.74399817
17818,1437154846695,-6.678027,7.083844,-0.7164649
17819,1437154846715,-6.646304,7.0610995,-0.7517793
17820,1437154846742,-6.6067996,7.109582,-0.79487497
17821,1437154846757,-6.5906386,7.117962,-0.8110358
17822,1437154846778,-6.622362,7.1460934,-0.83138657
17823,1437154846826,-6.6744356,7.1844006,-0.82001406
17824,1437154846827,-6.623559,7.1604586,-0.78769237
17825,1437154846865,-6.6067996,7.189788,-0.7763199
17826,1437154846866,-6.566098,7.169437,-0.78888947
17827,1437154846877,-6.481104,7.153875,-0.7751228
17828,1437154846898,-6.4840965,7.21373,-0.81343
17829,1437154846919,-6.5337763,7.247847,-0.8086416
17830,1437154846938,-6.503849,7.256227,-0.82001406
17831,1437154846958,-6.5098343,7.277775,-0.80924016
17832,1437154846979,-6.4421983,7.2310877,-0.7811083
17833,1437154846998,-6.476914,7.2406645,-0.8158242
17834,1437154847019,-6.4978633,7.2352777,-0.80804306
17835,1437154847036,-6.5026517,7.2203135,-0.81402856
17836,1437154847059,-6.534375,7.2209125,-0.8379706
17837,1437154847079,-6.5283895,7.2107368,-0.83258367
17838,1437154847118,-6.522404,7.1909847,-0.84934306
17839,1437154847119,-6.5206084,7.165247,-0.84335756
17840,1437154847157,-6.540959,7.137714,-0.8343793
17841,1437154847158,-6.540959,7.1191587,-0.87328506
17842,1437154847176,-6.633734,7.109582,-0.8475474
17843,1437154847196,-6.6840124,7.1586633,-0.89902276
17844,1437154847216,-6.777985,7.1484876,-0.8912416
17845,1437154847236,-6.7534447,7.1448965,-0.8194155
17846,1437154847256,-6.6612678,7.1263413,-0.86729956
17847,1437154847276,-6.658275,7.1724296,-0.8678981
17848,1437154847296,-6.559514,7.16405,-0.88645315
17849,1437154847316,-6.43741,7.152079,-0.89603
17850,1437154847347,-6.4685345,7.1754227,-0.8762778
17851,1437154847364,-6.611588,7.2083426,-0.8948329
17852,1437154847376,-6.622362,7.137714,-0.88046765
17853,1437154847396,-6.637326,7.1191587,-0.84216046
17854,1437154847416,-6.719327,7.1371155,-0.90381116
17855,1437154847436,-6.7342906,7.0970125,-0.84575176
17856,1437154847456,-6.6564794,7.0712748,-0.82121116
17857,1437154847485,-6.63134,7.067085,-0.84814596
17858,1437154847504,-6.613384,7.064092,-0.8331822
17859,1437154847517,-6.5966244,7.0826473,-0.81881696
17860,1437154847538,-6.655282,7.0742674,-0.8146271
17861,1437154847556,-6.6588736,7.079654,-0.7733272
17862,1437154847575,-6.581062,7.071873,-0.7835025
17863,1437154847596,-6.625355,7.093421,-0.7445967
17864,1437154847620,-6.6510925,7.150882,-0.7727286
17865,1437154847637,-6.625355,7.128137,-0.7637503
17866,1437154847657,-6.6391215,7.141305,-0.7529764
17867,1437154847681,-6.6229606,7.162853,-0.7469909
17868,1437154847697,-6.633734,7.153276,-0.75357497
17869,1437154847716,-6.483498,7.080253,-0.7691373
17870,1437154847737,-6.5020533,7.1071877,-0.7715315
17871,1437154847756,-6.7265096,7.1820064,-0.79966336
17872,1437154847780,-6.730101,7.189189,-0.8194155
17873,1437154847799,-6.657078,7.091625,-0.7727286
17874,1437154847817,-6.633734,7.064092,-0.74639237
17875,1437154847837,-6.704962,7.092224,-0.7691373
17876,1437154847860,-6.669049,7.0994067,-0.7846996
17877,1437154847879,-6.621763,7.0569096,-0.78050977
17878,1437154847900,-6.601413,7.073669,-0.81761986
17879,1437154847917,-6.6325374,7.1329255,-0.8206126
17880,1437154847936,-6.671443,7.1407065,-0.8230068
17881,1437154847960,-6.6044054,7.0784574,-0.79966336
17882,1437154847980,-6.642114,7.069479,-0.80086046
17883,1437154847996,-6.715736,7.1083846,-0.801459
17884,1437154848019,-6.716933,7.079056,-0.7757214
17885,1437154848046,-6.6630635,7.1071877,-0.7835025
17886,1437154848061,-6.6846113,7.1143703,-0.79607207
17887,1437154848077,-6.6367273,7.1754227,-0.81522566
17888,1437154848097,-6.615179,7.128137,-0.7763199
17889,1437154848117,-6.5625067,7.1167645,-0.7769185
17890,1437154848144,-6.5619082,7.105392,-0.7823054
17891,1437154848158,-6.567295,7.103596,-0.81163436
17892,1437154848181,-6.621165,7.125743,-0.7823054
17893,1437154848199,-6.633136,7.0826473,-0.7954735
17894,1437154848218,-6.6546836,7.0700774,-0.76434886
17895,1437154848242,-6.6947865,7.069479,-0.7505822
17896,1437154848257,-6.735488,7.0407486,-0.7541735
17897,1437154848280,-6.646304,7.0371575,-0.7685388
17898,1437154848300,-6.669647,7.0844426,-0.7918822
17899,1437154848319,-6.7199254,7.1275387,-0.83138657
17900,1437154848339,-6.6852098,7.0928226,-0.8331822
17901,1437154848360,-6.691794,7.07726,-0.7781156
17902,1437154848380,-6.6624646,7.0850415,-0.7457938
17903,1437154848400,-6.6504936,7.1065893,-0.7517793
17904,1437154848420,-6.657676,7.145495,-0.76554596
17905,1437154848439,-6.566098,7.1341224,-0.7978677
17906,1437154848461,-6.540959,7.113772,-0.80325466
17907,1437154848480,-6.621763,7.065289,-0.76315176
17908,1437154848497,-6.679823,7.1371155,-0.83018947
17909,1437154848519,-6.6804214,7.0808516,-0.7978677
17910,1437154848537,-6.675633,7.1023993,-0.8283938
17911,1437154848562,-6.743269,7.0784574,-0.85054016
17912,1437154848583,-6.730101,7.0245876,-0.7685388
17913,1437154848604,-6.716933,7.0263834,-0.81522566
17914,1437154848621,-6.775591,7.028179,-0.7835025
17915,1437154848638,-6.7624226,7.0395517,-0.8098387
17916,1437154848663,-6.715736,7.0048356,-0.7930793
17917,1437154848682,-6.706159,7.029376,-0.7679402
17918,1437154848759,-6.723517,7.0275807,-0.7751228
17919,1437154848760,-6.7402763,7.035362,-0.7422025
17920,1437154848761,-6.7187285,7.0593038,-0.7679402
17921,1437154848762,-6.670246,7.0407486,-0.7392098
17922,1437154848778,-6.663662,7.1023993,-0.7529764
17923,1437154848798,-6.6241574,7.1305313,-0.7793127
17924,1437154848828,-6.6121864,7.156269,-0.770933
17925,1437154848838,-6.567894,7.1748238,-0.7954735
17926,1437154848858,-6.5122285,7.2005615,-0.84814596
17927,1437154848878,-6.5505357,7.241263,-0.85652566
17928,1437154848899,-6.5601125,7.233482,-0.89543146
17929,1437154848920,-6.5481415,7.1832037,-0.8726865
17930,1437154848938,-6.491878,7.1251445,-0.84096336
17931,1437154848958,-6.5499372,7.1646485,-0.86729956
17932,1437154848978,-6.6283474,7.1826053,-0.90141696
17933,1437154849003,-6.63972,7.179612,-0.87328506
17934,1437154849031,-6.6002154,7.1113777,-0.86729956
17935,1437154849049,-6.692991,7.055114,-0.7781156
17936,1437154849060,-6.7642183,7.0664864,-0.81043726
17937,1437154849077,-6.7211227,7.062895,-0.7835025
17938,1437154849097,-6.8306575,7.0503254,-0.78529817
17939,1437154849117,-6.7749925,7.0407486,-0.76434886
17940,1437154849137,-6.6882024,7.00304,-0.7745243
17941,1437154849157,-6.6588736,7.0569096,-0.81402856
17942,1437154849177,-6.6546836,7.1065893,-0.84814596
17943,1437154849197,-6.666056,7.165846,-0.9115923
17944,1437154849217,-6.6846113,7.177218,-0.90859956
17945,1437154849237,-6.615778,7.179612,-0.87567925
17946,1437154849258,-6.667253,7.1634517,-0.87567925
17947,1437154849278,-6.597223,7.180211,-0.86251116
17948,1437154849298,-6.5762734,7.1502833,-0.87089086
17949,1437154849317,-6.611588,7.177817,-0.8146271
17950,1437154849336,-6.5906386,7.1712327,-0.82001406
17951,1437154849357,-6.5188127,7.1790137,-0.83378077
17952,1437154849377,-6.3985043,7.20535,-0.8379706
17953,1437154849398,-6.4541693,7.275979,-0.84694886
17954,1437154849417,-6.569091,7.2753806,-0.8343793
17955,1437154849436,-6.503849,7.2843585,-0.8367735
17956,1437154849457,-6.4380083,7.2508397,-0.8738836
17957,1437154849476,-6.4619503,7.3112936,-0.81163436
17958,1437154849496,-6.4721255,7.3807254,-0.83018947
17959,1437154849516,-6.475717,7.4405804,-0.82779527
17960,1437154849537,-6.3727665,7.4327993,-0.87448215
17961,1437154849557,-6.3111157,7.4764934,-0.9068039
17962,1437154849577,-6.233304,7.502231,-0.9259575
17963,1437154849597,-6.260239,7.523779,-0.8882488
17964,1437154849621,-6.3141084,7.463924,-0.76434886
17965,1437154849639,-6.2566476,7.363966,-0.6607997
17966,1437154849660,-6.4421983,7.2861543,-0.5518635
17967,1437154849681,-6.637924,7.156269,-0.36750996
17968,1437154849700,-6.616975,7.0820484,-0.30885202
17969,1437154849722,-6.6109896,7.016208,-0.32920274
17970,1437154849738,-6.6002154,7.0012445,-0.28790274
17971,1437154849761,-6.5666966,7.012018,-0.29328972
17972,1437154849781,-6.681618,7.0952168,-0.30047232
17973,1437154849801,-6.6720414,7.120356,-0.31783026
17974,1437154849821,-6.563704,7.103596,-0.36990416
17975,1437154849841,-6.63134,7.105392,-0.36391866
17976,1437154849861,-6.6947865,7.1089835,-0.3238158
17977,1437154849880,-6.727108,7.0862384,-0.31064767
17978,1437154849902,-6.716933,7.091625,-0.34715924
17979,1437154849921,-6.7384806,7.0952168,-0.3357868
17980,1437154849940,-6.806117,7.0132155,-0.2896984
17981,1437154849961,-6.8013287,6.8689647,-0.15562311
17982,1437154849979,-6.9000893,6.863578,-0.11372458
17983,1437154850000,-6.896498,6.813898,-0.17537527
17984,1437154850023,-7.006033,6.775591,-0.12090719
17985,1437154850038,-7.0742674,6.819285,-0.10295067
17986,1437154850060,-6.894104,6.875549,-0.2657564
17987,1437154850079,-6.7773867,7.0144124,-0.35254622
17988,1437154850099,-6.6786256,7.1622543,-0.45729253
17989,1437154850119,-6.5110316,7.3112936,-0.5554548
17990,1437154850141,-6.3847375,7.382521,-0.62009823
17991,1437154850159,-6.4068837,7.421427,-0.63206923
17992,1437154850181,-6.4062853,7.3962874,-0.5518635
17993,1437154850200,-6.411672,7.321469,-0.52732295
17994,1437154850222,-6.6606693,7.191583,-0.3842694
17995,1437154850239,-6.823475,7.0503254,-0.219668
17996,1437154850262,-6.882133,6.889914,-0.1340753
17997,1437154850282,-6.8623805,6.7959414,-0.06584055
17998,1437154850303,-6.947375,6.76781,-0.051475335
17999,1437154850322,-6.977302,6.8366427,-0.10474633
18000,1437154850341,-6.8599863,6.8653736,-0.19033903
18001,1437154850362,-6.7342906,6.9449806,-0.24241292
18002,1437154850383,-6.733692,7.0503254,-0.31184477
18003,1437154850404,-6.741473,7.092224,-0.3238158
18004,1437154850420,-6.6612678,7.0712748,-0.30526072
18005,1437154850442,-6.6361284,7.0874357,-0.2621651
18006,1437154850460,-6.523601,7.143699,-0.27473465
18007,1437154850480,-6.3907228,7.316082,-0.3309984
18008,1437154850499,-6.287772,7.4345946,-0.43035775
18009,1437154850524,-6.1524997,7.5602903,-0.4818331
18010,1437154850545,-6.1022215,7.60578,-0.53689975
18011,1437154850566,-6.1967926,7.5614877,-0.48602295
18012,1437154850581,-6.3087215,7.506421,-0.4237737
18013,1437154850600,-6.4523735,7.373543,-0.31423897
18014,1437154850622,-6.5936313,7.2191167,-0.16160862
18015,1437154850646,-6.555324,7.117962,-0.094570965
18016,1437154850663,-6.613384,7.1712327,-0.19093758
18017,1437154850769,-6.593033,7.2687964,-0.3172317
18018,1437154850770,-6.509236,7.40347,-0.40521863
18019,1437154850771,-6.4469867,7.514202,-0.45010993
18020,1437154850772,-6.22672,7.492056,-0.37948096
18021,1437154850773,-6.22672,7.575853,-0.3274071
18022,1437154850839,-6.1620765,7.5225816,-0.29987377
18023,1437154850840,-6.2380924,7.518392,-0.14784196
18024,1437154850865,-6.317101,7.45315,-0.10534488
18025,1437154850866,-6.3248825,7.3765354,-0.04309563
18026,1437154850867,-6.341043,7.29214,0.04369418
18027,1437154850945,-6.405687,7.20116,0.11372458
18028,1437154850946,-6.5505357,7.109582,0.1921347
18029,1437154850947,-6.570288,7.08564,0.21667525
18030,1437154850948,-6.5966244,7.0850415,0.12330139
18031,1437154850965,-6.6600704,7.0622964,0.107140526
18032,1437154850980,-6.6271505,7.0754647,0.049679685
18033,1437154851000,-6.630143,7.1071877,0.04189853
18034,1437154851020,-6.563704,7.1275387,0.0047884034
18035,1437154851040,-6.55293,7.1664443,-0.03232172
18036,1437154851060,-6.5523314,7.2083426,-0.10115502
18037,1437154851084,-6.463746,7.203554,-0.13826515
18038,1437154851098,-6.4858923,7.240066,-0.1592144
18039,1437154851120,-6.558317,7.2951326,-0.18555063
18040,1437154851139,-6.542156,7.331644,-0.15801731
18041,1437154851160,-6.4900823,7.313688,-0.17776948
18042,1437154851183,-6.4032927,7.29214,-0.1436521
18043,1437154851200,-6.4900823,7.3190746,-0.21667525
18044,1437154851221,-6.543353,7.3442135,-0.2801216
18045,1437154851240,-6.5589156,7.3208704,-0.22146365
18046,1437154851259,-6.5427547,7.290344,-0.20290859
18047,1437154851280,-6.3380504,7.221511,-0.15322891
18048,1437154851303,-6.2674217,7.2634096,-0.12270284
18049,1437154851320,-6.205172,7.387908,-0.25438392
18050,1437154851339,-5.7658362,7.787141,-0.43993455
18051,1437154851360,-5.3683987,8.183381,-0.7020996
18052,1437154851379,-4.751293,8.617331,-1.0205284
18053,1437154851401,-4.6495395,8.919,-1.5388732
18054,1437154851419,-5.075109,8.82802,-1.7130513
18055,1437154851439,-5.593454,8.527548,-1.8070238
18056,1437154851459,-6.105214,8.104373,-1.7447745
18057,1437154851479,-6.256049,7.787141,-1.6160861
18058,1437154851501,-6.314707,7.536947,-1.5352819
18059,1437154851519,-6.4661403,7.3047094,-1.2455834
18060,1437154851539,-6.717531,7.0964136,-0.8810662
18061,1437154851563,-6.7025676,6.9144545,-0.59017074
18062,1437154851580,-6.6804214,6.917447,-0.5363012
18063,1437154851601,-6.83365,6.8809357,-0.50876784
18064,1437154851621,-6.723517,6.7306995,-0.28550854
18065,1437154851642,-6.9006877,6.6522894,-0.030526072
18066,1437154851664,-7.241862,6.4817023,0.17178397
18067,1437154851684,-7.2304893,6.290765,0.40521863
18068,1437154851703,-7.4687123,6.1501055,0.5734113
18069,1437154851723,-7.7147164,6.081871,0.7266402
18070,1437154851744,-7.7709804,6.1249666,0.6440403
18071,1437154851764,-7.939771,5.997475,0.8936358
18072,1437154851783,-8.036138,5.844845,1.09834
18073,1437154851803,-7.855376,5.834071,0.9528923
18074,1437154851824,-8.052299,5.7508726,0.9151836
18075,1437154851841,-8.5143795,5.378574,1.3096284
18076,1437154851864,-8.243835,5.0224366,1.3096284
18077,1437154851884,-7.9451585,5.29358,0.3716998
18078,1437154851902,-8.079832,5.6497173,-0.42078096
18079,1437154851923,-7.892486,6.019023,-0.89543146
18080,1437154851944,-7.514202,6.4607534,-1.3323733
18081,1437154851963,-7.315483,6.805518,-1.448492
18082,1437154851984,-6.663662,7.2364745,-1.6621746
18083,1437154852003,-6.105214,7.656657,-1.875857
18084,1437154852021,-6.0160303,7.955932,-1.5783775
18085,1437154852045,-5.765238,8.076839,-1.4077905
18086,1437154852063,-5.595848,8.222886,-1.2773066
18087,1437154852080,-5.557541,8.172607,-1.0247183
18088,1437154852101,-5.566519,8.063073,-0.81283146
18089,1437154852186,-5.732916,7.845799,-0.52852005
18090,1437154852187,-6.0285997,7.651869,-0.28670564
18091,1437154852188,-6.3242836,7.5231805,-0.25378537
18092,1437154852189,-6.39192,7.321469,-0.22266077
18093,1437154852202,-6.5744777,7.2670007,-0.16819267
18094,1437154852221,-6.663662,7.2819643,-0.2873042
18095,1437154852241,-6.5750766,7.2987237,-0.25677812
18096,1437154852261,-6.429629,7.374141,-0.24480712
18097,1437154852284,-6.3500214,7.363966,-0.27952304
18098,1437154852301,-6.363788,7.3484035,-0.23822308
18099,1437154852321,-6.321291,7.3645644,-0.27234045
18100,1437154852359,-6.3021374,7.4190326,-0.26635495
18101,1437154852360,-6.2883706,7.402273,-0.32441434
18102,1437154852381,-6.471527,7.380127,-0.26396075
18103,1437154852401,-6.4182563,7.282563,-0.23642741
18104,1437154852421,-6.3745623,7.2861543,-0.1592144
18105,1437154852441,-6.4948707,7.28376,-0.15203181
18106,1437154852462,-6.4224463,7.3926964,-0.17597382
18107,1437154852483,-6.3607955,7.3765354,-0.16819267
18108,1437154852505,-6.3943143,7.378331,-0.14604631
18109,1437154852521,-6.4948707,7.361572,-0.10354923
18110,1437154852541,-6.439804,7.359776,-0.15562311
18111,1437154852561,-6.455965,7.358579,-0.18734628
18112,1437154852581,-6.39192,7.337031,-0.19692309
18113,1437154852603,-6.4511766,7.3202715,-0.11791443
18114,1437154852621,-6.4583592,7.2843585,-0.062249243
18115,1437154852643,-6.447585,7.2394676,0.013766659
18116,1437154852661,-6.4643445,7.240066,-0.049679685
18117,1437154852687,-6.5068417,7.2083426,-0.0796072
18118,1437154852707,-6.588843,7.253234,-0.035913024
18119,1437154852726,-6.5469446,7.2245035,-0.054468088
18120,1437154852745,-6.3727665,7.2286935,-0.012569559
18121,1437154852762,-6.4188547,7.253833,-0.062249243
18122,1437154852782,-6.4547677,7.313089,-0.12030864
18123,1437154852802,-6.461352,7.3208704,-0.1592144
18124,1437154852823,-6.3368535,7.289147,-0.17956513
18125,1437154852847,-6.2979474,7.253833,-0.08379706
18126,1437154852925,-6.369175,7.299921,-0.11192893
18127,1437154852926,-6.4583592,7.349002,-0.20649989
18128,1437154852927,-6.5008564,7.3322425,-0.24720132
18129,1437154852928,-6.4344172,7.326257,-0.32022446
18130,1437154852942,-6.4416,7.315483,-0.33039984
18131,1437154852967,-6.3889275,7.3442135,-0.33758244
18132,1437154852983,-6.27221,7.3106947,-0.362123
18133,1437154853002,-6.38773,7.3088994,-0.2837129
18134,1437154853023,-6.321291,7.3699512,-0.28431144
18135,1437154853043,-6.3446345,7.4088573,-0.29209262
18136,1437154853062,-6.241085,7.4908586,-0.3561375
18137,1437154853083,-6.2781954,7.5243773,-0.40102878
18138,1437154853102,-6.2141504,7.5327573,-0.4321534
18139,1437154853122,-6.2530565,7.5590935,-0.4441244
18140,1437154853142,-6.2045736,7.569867,-0.46327803
18141,1437154853162,-6.1477113,7.5926123,-0.46567222
18142,1437154853183,-6.133346,7.6189485,-0.48722005
18143,1437154853203,-6.1477113,7.663241,-0.49320555
18144,1437154853223,-6.1530986,7.6823945,-0.48003745
18145,1437154853245,-6.105214,7.621941,-0.44651863
18146,1437154853263,-6.1519012,7.5800424,-0.40880993
18147,1437154853284,-6.078878,7.5531077,-0.3477578
18148,1437154853305,-6.1129956,7.5441294,-0.24181437
18149,1437154853324,-6.066907,7.5189905,-0.23463176
18150,1437154853342,-6.1770406,7.5309615,-0.2837129
18151,1437154853362,-6.2099605,7.511808,-0.3429694
18152,1437154853384,-6.22672,7.563882,-0.3184288
18153,1437154853405,-6.171055,7.5171947,-0.31124622
18154,1437154853423,-6.1584854,7.5046253,-0.21787235
18155,1437154853444,-6.1686606,7.5046253,-0.22685061
18156,1437154853463,-6.177639,7.5112095,-0.26755205
18157,1437154853484,-6.105813,7.542334,-0.3250129
18158,1437154853505,-6.160281,7.595605,-0.3800795
18159,1437154853523,-6.1345434,7.575853,-0.36391866
18160,1437154853543,-6.060323,7.548918,-0.3537433
18161,1437154853565,-6.1848216,7.5363483,-0.3286042
18162,1437154853587,-6.121375,7.5890207,-0.3405752
18163,1437154853669,-6.296152,7.583634,-0.3453636
18164,1437154853670,-6.194997,7.5926123,-0.33758244
18165,1437154853671,-6.1782374,7.5908165,-0.33399114
18166,1437154853672,-6.1542954,7.61416,-0.3441665
18167,1437154853683,-6.1327477,7.5590935,-0.2885013
18168,1437154853706,-6.091448,7.5471225,-0.24480712
18169,1437154853722,-6.0687027,7.548918,-0.24720132
18170,1437154853742,-6.0926447,7.5985975,-0.24061728
18171,1437154853770,-6.1411276,7.5614877,-0.23463176
18172,1437154853783,-6.1411276,7.513005,-0.16879122
18173,1437154853804,-6.1195793,7.498041,-0.14664486
18174,1437154853823,-6.06571,7.4896617,-0.16759412
18175,1437154853845,-6.081871,7.5213847,-0.22026655
18176,1437154853865,-6.126762,7.5495167,-0.24540567
18177,1437154853883,-6.043564,7.491457,-0.25558102
18178,1437154853903,-6.14412,7.5112095,-0.21667525
18179,1437154853926,-6.2434793,7.5429325,-0.29448682
18180,1437154853946,-6.1728506,7.629722,-0.3333926
18181,1437154853963,-6.0160303,7.662044,-0.39205053
18182,1437154853983,-5.8586116,7.643489,-0.3752911
18183,1437154854004,-5.9052987,7.6931686,-0.40162733
18184,1437154854023,-6.000468,7.7488337,-0.45310268
18185,1437154854044,-5.98311,7.7530236,-0.50876784
18186,1437154854064,-5.954978,7.748235,-0.51475334
18187,1437154854083,-5.885546,7.745841,-0.52373165
18188,1437154854103,-5.876568,7.7440453,-0.48362875
18189,1437154854126,-5.959168,7.817667,-0.5069722
18190,1437154854143,-5.9322333,7.797915,-0.60333884
18191,1437154854165,-5.9448028,7.7931266,-0.5626374
18192,1437154854188,-5.939416,7.7410526,-0.52492875
18193,1437154854218,-5.9621606,7.7506294,-0.4973954
18194,1437154854222,-6.009446,7.7679873,-0.49320555
18195,1437154854246,-5.9483943,7.716512,-0.5009867
18196,1437154854263,-5.9465985,7.681796,-0.46686932
18197,1437154854285,-5.919664,7.677606,-0.4213795
18198,1437154854317,-5.9412117,7.693767,-0.43275195
18199,1437154854371,-5.878962,7.7087307,-0.46806642
18200,1437154854374,-5.8885393,7.6889787,-0.45729253
18201,1437154854375,-5.931036,7.699154,-0.44472298
18202,1437154854395,-5.934029,7.7207017,-0.46746787
18203,1437154854405,-5.919664,7.7470384,-0.47046062
18204,1437154854427,-5.895722,7.7584105,-0.5327099
18205,1437154854443,-5.889736,7.762002,-0.55246204
18206,1437154854474,-5.943606,7.7590094,-0.52492875
18207,1437154854483,-5.9807158,7.7919292,-0.5315128
18208,1437154854504,-5.977723,7.7368627,-0.5201403
18209,1437154854524,-5.951387,7.74225,-0.5009867
18210,1437154854545,-5.9322333,7.7853456,-0.46627077
18211,1437154854566,-5.905897,7.769783,-0.46806642
18212,1437154854585,-5.840655,7.7799582,-0.45250413
18213,1437154854605,-5.595249,7.9888525,-0.59376204
18214,1437154854626,-5.217564,8.312668,-0.91458505
18215,1437154854646,-4.6591167,8.921394,-1.3317747
18216,1437154854666,-4.7494974,9.170391,-1.7866731
18217,1437154854686,-5.2439003,8.95611,-1.7052702
18218,1437154854704,-5.459977,8.541314,-1.3192052
18219,1437154854724,-5.683835,8.12233,-1.2030864
18220,1437154854746,-5.795764,7.674015,-0.8888474
18221,1437154854769,-6.117784,7.5094137,-0.712275
18222,1437154854786,-6.692991,7.5429325,-0.7751228
18223,1437154854804,-6.782175,7.345411,-0.51954174
18224,1437154854824,-6.3422403,7.114969,-0.18854338
18225,1437154854846,-6.321291,7.0467343,0.04249708
18226,1437154854867,-6.6103907,7.019201,0.19512744
18227,1437154854883,-6.7929487,6.904279,0.34596214
18228,1437154854908,-6.6684504,6.7725983,0.5410896
18229,1437154854924,-6.633734,6.723517,0.7918822
18230,1437154854944,-6.5283895,6.8324533,0.8182184
18231,1437154854967,-6.6325374,6.974908,0.8218097
18232,1437154854984,-6.6492968,7.013814,0.85772276
18233,1437154855005,-6.4481835,7.0664864,0.8619126
18234,1437154855029,-6.335656,7.161656,0.81522566
18235,1437154855114,-6.2087636,7.1951747,0.7715315
18236,1437154855115,-6.242881,7.2340803,0.7589619
18237,1437154855116,-6.254852,7.357382,0.7015011
18238,1437154855117,-6.4242415,7.365163,0.66738373
18239,1437154855128,-6.4380083,7.326257,0.6895301
18240,1437154855144,-6.4882865,7.189189,0.7260417
18241,1437154855164,-6.6708446,7.143699,0.8595184
18242,1437154855184,-6.8246717,7.07726,0.866701
18243,1437154855209,-6.7989345,6.945579,0.9139865
18244,1437154855224,-6.6283474,6.7666125,0.9864111
18245,1437154855246,-6.5259953,6.736685,1.0474633
18246,1437154855264,-6.669049,6.783372,1.0313023
18247,1437154855284,-6.7360864,6.827066,1.0265139
18248,1437154855304,-6.9108634,6.830059,0.97144735
18249,1437154855327,-6.805518,6.7971387,0.9540894
18250,1437154855345,-6.747459,6.731298,0.97743285
18251,1437154855366,-6.7612257,6.745663,0.9600749
18252,1437154855388,-6.8743515,6.815095,0.9588778
18253,1437154855406,-6.96174,6.8545995,0.90500826
18254,1437154855425,-6.9844847,6.873753,0.9295488
18255,1437154855445,-6.950966,6.8228765,0.92655605
18256,1437154855466,-6.8049197,6.7606273,0.9391256
18257,1437154855488,-6.679224,6.8168907,0.90141696
18258,1437154855505,-6.694188,6.904279,0.86251116
18259,1437154855524,-6.8049197,6.940192,0.84335756
18260,1437154855545,-6.8468184,6.9126587,0.86849666
18261,1437154855568,-6.88333,6.863578,0.9115923
18262,1437154855588,-6.9228344,6.8240733,0.94211835
18263,1437154855606,-6.871359,6.7600284,0.9768343
18264,1437154855628,-6.911462,6.76362,0.9947908
18265,1437154855646,-7.0186024,6.729502,0.997185
18266,1437154855666,-7.035362,6.715736,1.0199299
18267,1437154855688,-6.979098,6.6504936,1.009156
18268,1437154855707,-6.952163,6.6534867,1.0235212
18269,1437154855729,-6.9108634,6.6271505,1.0199299
18270,1437154855746,-6.9665284,6.6726403,1.0151415
18271,1437154855765,-7.041946,6.7085533,1.002572
18272,1437154855834,-6.9928646,6.651691,0.9816227
18273,1437154855835,-6.919243,6.646304,0.96426475
18274,1437154855836,-6.967127,6.6762314,0.94092125
18275,1437154855849,-6.9988503,6.6564794,0.9840169
18276,1437154855864,-6.8569937,6.615778,1.0169371
18277,1437154855885,-6.971317,6.6744356,0.9959879
18278,1437154855904,-7.0090256,6.719327,0.95349085
18279,1437154855924,-6.9677253,6.7013707,0.96665895
18280,1437154855951,-6.9126587,6.7145386,0.92296475
18281,1437154855966,-6.932411,6.742072,0.9223662
18282,1437154855985,-6.940192,6.727707,0.90500826
18283,1437154856005,-6.9252286,6.7253127,0.89184016
18284,1437154856025,-6.9120603,6.7324953,0.87448215
18285,1437154856045,-6.9623384,6.724714,0.86011696
18286,1437154856068,-6.919243,6.737882,0.8900445
18287,1437154856098,-6.8970966,6.7342906,0.8571242
18288,1437154856104,-6.893505,6.745663,0.8535329
18289,1437154856124,-6.859388,6.7504516,0.8535329
18290,1437154856144,-6.861782,6.736685,0.82719666
18291,1437154856165,-6.8827314,6.703765,0.83856916
18292,1437154856189,-6.906075,6.7109475,0.8206126
18293,1437154856207,-6.8492126,6.671443,0.8242039
18294,1437154856228,-6.8958993,6.6612678,0.8182184
18295,1437154856245,-7.0227923,6.7492547,0.78170687
18296,1437154856268,-7.0305734,6.7642183,0.736217
18297,1437154856289,-6.9527617,6.7839704,0.7733272
18298,1437154856308,-6.8563952,6.8545995,0.76554596
18299,1437154856328,-6.8366427,6.9587474,0.748188
18300,1437154856344,-6.8563952,7.0108213,0.7158663
18301,1437154856367,-6.781576,7.0305734,0.6751649
18302,1437154856388,-6.719327,7.0227923,0.6314707
18303,1437154856408,-6.6510925,7.03177,0.62249243
18304,1437154856428,-6.7773867,7.093421,0.59974754
18305,1437154856447,-6.688801,7.0581064,0.5907693
18306,1437154856468,-6.707356,6.9928646,0.57161564
18307,1437154856487,-6.806117,7.001843,0.5482722
18308,1437154856514,-6.9252286,6.919243,0.59615624
18309,1437154856573,-6.8599863,6.806117,0.56982
18310,1437154856574,-6.997653,6.7360864,0.62368953
18311,1437154856575,-7.0622964,6.7091517,0.58777654
18312,1437154856596,-6.996456,6.7013707,0.5398925
18313,1437154856605,-6.862979,6.5948286,0.53929394
18314,1437154856628,-6.7971387,6.5625067,0.53809685
18315,1437154856647,-6.959346,6.5840545,0.48961425
18316,1437154856665,-7.00304,6.593033,0.4961983
18317,1437154856686,-7.1167645,6.6067996,0.5009867
18318,1437154856706,-7.0305734,6.5804634,0.5093664
18319,1437154856729,-7.083844,6.625355,0.581791
18320,1437154856752,-7.1544733,6.657078,0.56922144
18321,1437154856766,-7.1347213,6.736685,0.5530606
18322,1437154856785,-7.0706763,6.7211227,0.521936
18323,1437154856809,-6.9988503,6.794146,0.480636
18324,1437154856828,-7.050924,6.818088,0.4285621
18325,1437154856848,-7.059902,6.8402343,0.4201824
18326,1437154856868,-7.006033,6.8013287,0.41359833
18327,1437154856889,-6.9850836,6.7803793,0.45609543
18328,1437154856909,-7.006033,6.7360864,0.43514615
18329,1437154856928,-7.062895,6.6762314,0.48602295
18330,1437154856949,-7.1065893,6.6241574,0.49440265
18331,1437154856969,-7.1113777,6.555324,0.52073884
18332,1437154856988,-7.141305,6.4936733,0.6362591
18333,1437154857009,-7.1969705,6.481104,0.6392518
18334,1437154857026,-7.1885905,6.4565635,0.6931214
18335,1437154857046,-7.2490444,6.475717,0.700304
18336,1437154857066,-7.145495,6.4505777,0.676362
18337,1437154857091,-7.135918,6.4140663,0.7140707
18338,1437154857111,-7.117363,6.4380083,0.6979098
18339,1437154857132,-7.1221514,6.469133,0.717662
18340,1437154857149,-7.1209545,6.481104,0.7410054
18341,1437154857165,-7.083844,6.4817023,0.729633
18342,1437154857185,-6.988076,6.4140663,0.7410054
18343,1437154857205,-7.038953,6.477513,0.7613561
18344,1437154857227,-7.119757,6.559514,0.6967127
18345,1437154857246,-7.111976,6.6163764,0.6895301
18346,1437154857321,-7.0587053,6.637924,0.64942724
18347,1437154857327,-7.0066314,6.692991,0.6171055
18348,1437154857328,-7.067085,6.7743936,0.65301853
18349,1437154857329,-7.0646906,6.8408327,0.6368576
18350,1437154857346,-7.018004,6.8893156,0.6488287
18351,1437154857366,-6.84203,6.847417,0.6422446
18352,1437154857386,-6.75943,6.83365,0.65421563
18353,1437154857409,-6.7905545,6.8827314,0.59376204
18354,1437154857426,-6.731298,6.8611836,0.5554548
18355,1437154857458,-6.7444663,6.8743515,0.59974754
18356,1437154857472,-6.7947445,6.851607,0.5919664
18357,1437154857486,-6.811504,6.8240733,0.58119243
18358,1437154857514,-6.795343,6.7827735,0.59256494
18359,1437154857526,-6.8168907,6.7492547,0.6015432
18360,1437154857546,-6.851607,6.771401,0.57760113
18361,1437154857566,-6.935404,6.805518,0.5602432
18362,1437154857586,-6.915053,6.809708,0.5554548
18363,1437154857606,-6.875549,6.839636,0.5662287
18364,1437154857626,-6.9383965,6.892308,0.5129577
18365,1437154857646,-6.9437833,6.925827,0.51595044
18366,1437154857666,-6.819285,6.939594,0.45669398
18367,1437154857686,-6.70975,6.9916677,0.45310268
18368,1437154857706,-6.789956,7.043741,0.41718966
18369,1437154857726,-6.7642183,7.0844426,0.37828386
18370,1437154857746,-6.688801,7.04434,0.34835634
18371,1437154857766,-6.5948286,6.9958572,0.30466217
18372,1437154857786,-6.5966244,6.9557543,0.29688102
18373,1437154857806,-6.7564373,6.940192,0.2896984
18374,1437154857826,-6.854001,6.880337,0.29029694
18375,1437154857848,-6.904279,6.730101,0.27593175
18376,1437154857866,-6.8785415,6.5864487,0.27114335
18377,1437154857887,-6.95755,6.4787097,0.28431144
18378,1437154857910,-7.153875,6.4421983,0.3453636
18379,1437154857926,-7.270592,6.4344172,0.40043023
18380,1437154857948,-7.3765354,6.5499372,0.4369418
18381,1437154857967,-7.6847887,6.715137,0.46267948
18382,1437154857991,-7.780557,6.8043213,0.45010993
18383,1437154858069,-7.529764,6.8049197,0.52612585
18384,1437154858070,-7.207744,6.7773867,0.55126494
18385,1437154858071,-6.9461775,6.7923503,0.53570265
18386,1437154858072,-6.787562,6.8929067,0.50637364
18387,1437154858090,-6.4960675,6.997653,0.38726214
18388,1437154858108,-6.1447186,7.197569,0.21188685
18389,1437154858140,-6.101623,7.3071036,0.11671733
18390,1437154858248,-5.9501896,7.523779,0.019752163
18391,1437154858249,-6.0531406,7.7853456,-0.034715924
18392,1437154858250,-6.2482677,7.9068513,-0.108936176
18393,1437154858251,-6.2752028,7.8386164,-0.08619126
18394,1437154858252,-6.250662,7.5626845,0.11432313
18395,1437154858253,-6.3248825,7.331644,0.29029694
18396,1437154858273,-6.692991,7.1275387,0.41060558
18397,1437154858291,-6.889914,6.903082,0.59974754
18398,1437154858308,-7.1371155,6.6947865,0.6775591
18399,1437154858329,-7.195773,6.5110316,0.7356185
18400,1437154858348,-7.1927805,6.3087215,0.86490536
18401,1437154858370,-7.2568254,6.190807,0.9451111
18402,1437154858390,-7.235876,6.0483522,1.009156
18403,1437154858409,-7.3609734,5.9771247,1.0600328
18404,1437154858429,-7.479486,5.9609637,1.0546459
18405,1437154858450,-7.351995,5.8843493,1.0911574
18406,1437154858469,-7.3244615,5.8364654,1.1456255
18407,1437154858492,-7.40766,5.9106855,1.2150574
18408,1437154858508,-7.3286514,6.0363812,1.163582
18409,1437154858529,-7.073669,6.1824274,1.1204864
18410,1437154858550,-6.8905125,6.4990606,1.1055226
18411,1437154858569,-6.5265937,6.921637,1.0115502
18412,1437154858590,-6.2422824,7.326257,0.95947635
18413,1437154858609,-6.180033,7.6051817,0.83497787
18414,1437154858630,-6.1943984,7.7254906,0.8451532
18415,1437154858653,-6.362591,7.750031,0.89423436
18416,1437154858670,-6.537368,7.6710224,0.96665895
18417,1437154858690,-6.5247984,7.571663,1.074398
18418,1437154858710,-6.805518,7.5291657,1.151611
18419,1437154858730,-6.7690067,7.383718,1.2126632
18420,1437154858750,-6.6325374,7.223905,1.353921
18421,1437154858767,-6.621763,7.065888,1.395221
18422,1437154858799,-6.503849,6.905476,1.4496891
18423,1437154858869,-6.3643866,6.71394,1.5053543
18424,1437154858870,-6.4206505,6.576872,1.5568297
18425,1437154858871,-6.4416,6.5738792,1.5047557
18426,1437154858872,-6.375759,6.573281,1.4137762
18427,1437154858888,-6.278794,6.683414,1.4454993
18428,1437154858910,-6.239888,6.862979,1.376666
18429,1437154858929,-6.137536,7.0491285,1.3676877
18430,1437154858949,-5.9477954,7.1790137,1.4227544
18431,1437154858969,-6.3111157,7.356185,1.5328877
18432,1437154858988,-6.525397,7.4387846,1.5328877
18433,1437154859011,-6.4098763,7.429806,1.602918
18434,1437154859029,-6.4404025,7.478289,1.5957354
18435,1437154859051,-6.397307,7.5572977,1.6160861
18436,1437154859069,-6.2650275,7.4256167,1.6717514
18437,1437154859091,-6.041768,7.353192,1.6531962
18438,1437154859111,-6.117185,7.351396,1.6849195
18439,1437154859130,-6.0387754,7.3472066,1.6340426
18440,1437154859150,-5.9944825,7.369353,1.6130934
18441,1437154859171,-5.9424086,7.36217,1.4969746
18442,1437154859190,-6.0040593,7.3472066,1.3796587
18443,1437154859211,-5.9029045,7.2568254,1.276708
18444,1437154859229,-5.969343,7.233482,1.2587515
18445,1437154859249,-6.2883706,7.1951747,1.2276269
18446,1437154859270,-6.3751607,7.268198,1.1875241
18447,1437154859290,-6.425439,7.221511,1.1234791
18448,1437154859309,-6.3512187,7.302315,1.0444705
18449,1437154859330,-6.2207346,7.3507977,0.9947908
18450,1437154859348,-6.0208187,7.418434,1.0121487
18451,1437154859371,-6.023213,7.560889,0.9487024
18452,1437154859391,-6.0130377,7.671621,0.87208796
18453,1437154859411,-6.0423665,7.78355,0.80564886
18454,1437154859432,-6.0627174,7.8009076,0.7457938
18455,1437154859449,-5.985504,7.773973,0.7661445
18456,1437154859470,-6.063316,7.760206,0.7882909
18457,1437154859490,-6.1261635,7.668628,0.86729956
18458,1437154859508,-6.0399723,7.554305,0.9720459
18459,1437154859528,-6.011242,7.5052238,0.98581254
18460,1437154859662,-5.9268465,7.4603324,1.021127
18461,1437154859663,-5.8400564,7.369353,1.0007763
18462,1437154859664,-5.707777,7.361572,0.95468795
18463,1437154859665,-5.8119245,7.3657618,0.9103952
18464,1437154859666,-5.8574142,7.4723034,0.8822633
18465,1437154859667,-6.017826,7.6321163,0.7787141
18466,1437154859672,-6.1046157,7.6853876,0.7733272
18467,1437154859693,-5.9998693,7.606379,0.8595184
18468,1437154859708,-5.7586536,7.6309195,0.84575176
18469,1437154859739,-5.97892,7.657854,0.7823054
18470,1437154859748,-6.205172,7.5549035,0.8738836
18471,1437154859769,-6.173449,7.4507556,0.84814596
18472,1437154859795,-6.1608796,7.357382,0.8487445
18473,1437154859812,-6.2099605,7.3047094,0.81043726
18474,1437154859831,-6.379949,7.291541,0.81283146
18475,1437154859848,-6.355408,7.135918,0.7344214
18476,1437154859872,-6.5744777,7.1209545,0.7685388
18477,1437154859891,-6.655881,7.1490865,0.65660983
18478,1437154859911,-6.571485,7.1490865,0.6314707
18479,1437154859931,-6.599617,7.0928226,0.61411273
18480,1437154859950,-6.575675,7.055712,0.56443304
18481,1437154859971,-6.431424,7.1065893,0.48243165
18482,1437154859991,-6.4445925,7.2753806,0.40521863
18483,1437154860011,-6.59423,7.353192,0.3645172
18484,1437154860029,-6.6606693,7.3687544,0.39624038
18485,1437154860051,-6.606201,7.351995,0.4189853
18486,1437154860070,-6.4751186,7.291541,0.4285621
18487,1437154860091,-6.4380083,7.261614,0.45968673
18488,1437154860111,-6.4416,7.2687964,0.45848963
18489,1437154860131,-6.319495,7.3202715,0.4381389
18490,1437154860152,-6.295553,7.2987237,0.38965634
18491,1437154860173,-6.067506,7.311892,0.39085343
18492,1437154860192,-6.1926026,7.3537903,0.2717419
18493,1437154860212,-6.5349736,7.462128,0.14664486
18494,1437154860232,-6.701969,7.427412,0.055066638
18495,1437154860250,-6.485294,7.306505,0.08140286
18496,1437154860270,-6.3350577,7.325659,-0.024540568
18497,1437154860289,-6.51582,7.3591776,-0.04249708
18498,1437154860363,-6.609194,7.3029137,-0.055066638
18499,1437154860377,-6.4589577,7.1844006,-0.034715924
18500,1437154860378,-6.467936,7.153276,-0.05805939
18501,1437154860379,-6.5511346,7.225701,-0.10354923
18502,1437154860389,-6.59423,7.1903863,-0.14604631
18503,1437154860409,-6.481104,7.1670427,-0.13826515
18504,1437154860429,-6.7025676,7.2262993,-0.2172738
18505,1437154860449,-6.761824,7.2047515,-0.19033903
18506,1437154860473,-6.493075,7.1754227,-0.18555063
18507,1437154860489,-6.6385226,7.237672,-0.22445641
18508,1437154860512,-6.645705,7.2304893,-0.2100912
18509,1437154860533,-6.6002154,7.187992,-0.20171149
18510,1437154860551,-6.682217,7.1407065,-0.18914193
18511,1437154860572,-6.70556,7.0593038,-0.13467385
18512,1437154860591,-6.7534447,7.023989,-0.10055647
18513,1437154860613,-6.723517,7.019201,-0.10474633
18514,1437154860631,-6.727707,6.988076,-0.05566519
18515,1437154860649,-6.773795,7.0132155,-0.12569559
18516,1437154860671,-6.7642183,6.949769,-0.12090719
18517,1437154860689,-6.737882,6.9024835,-0.14425065
18518,1437154860716,-6.6624646,6.877943,-0.19273324
18519,1437154860748,-6.6828156,6.8767457,-0.24839842
18520,1437154860750,-6.8486137,6.9605427,-0.30286652
18521,1437154860769,-6.963536,7.093421,-0.3776853
18522,1437154860789,-7.021595,7.0886326,-0.35673606
18523,1437154860856,-6.908469,7.031172,-0.2741361
18524,1437154860857,-6.8049197,6.9796963,-0.30645782
18525,1437154860858,-6.8785415,6.9677253,-0.25737667
18526,1437154860869,-6.8504095,6.9360023,-0.19871874
18527,1437154860889,-6.716933,6.919243,-0.17298107
18528,1437154860911,-6.7570357,6.9246297,-0.15981296
18529,1437154860930,-6.8085113,6.9647326,-0.13108255
18530,1437154860949,-6.7773867,6.944382,-0.14724341
18531,1437154860978,-6.7133417,6.9862804,-0.14844051
18532,1437154860995,-6.8132997,7.035362,-0.21906945
18533,1437154861010,-6.7324953,7.0048356,-0.15861586
18534,1437154861033,-6.6067996,6.9916677,-0.20051439
18535,1437154861081,-6.7067575,6.9946604,-0.24361002
18536,1437154861082,-6.7725983,7.016208,-0.2669535
18537,1437154861089,-6.823475,7.028179,-0.24720132
18538,1437154861111,-6.9222355,6.994062,-0.21068975
18539,1437154861130,-6.8982935,6.9647326,-0.142455
18540,1437154861149,-6.986879,6.9102645,-0.046088383
18541,1437154861168,-7.067683,6.843227,0.013766659
18542,1437154861189,-6.955156,6.8121023,0.08140286
18543,1437154861210,-6.849811,6.7887588,0.088585466
18544,1437154861229,-6.8480153,6.8186865,0.079008654
18545,1437154861253,-6.770204,6.8905125,-0.008978256
18546,1437154861273,-6.687604,6.8318543,-0.074818805
18547,1437154861290,-6.7043633,6.8366427,-0.15502456
18548,1437154861310,-6.9246297,6.9168487,-0.23223756
18549,1437154861333,-7.079654,6.9288197,-0.24121583
18550,1437154861349,-7.019799,6.8264675,-0.18375498
18551,1437154861373,-6.9048777,6.76781,-0.16819267
18552,1437154861390,-6.940192,6.817489,-0.22565351
18553,1437154861413,-7.0862384,6.8839283,-0.22804771
18554,1437154861433,-7.1167645,6.8372416,-0.24720132
18555,1437154861452,-6.9545574,6.739678,-0.16460137
18556,1437154861473,-7.109582,6.766014,-0.14724341
18557,1437154861490,-7.129933,6.8186865,-0.15622166
18558,1437154861509,-6.875549,6.6959834,-0.11312603
18559,1437154861531,-6.843227,6.749853,-0.17717093
18560,1437154861549,-7.056311,6.8348475,-0.30047232
18561,1437154861570,-6.956353,6.807314,-0.25797522
18562,1437154861598,-6.975507,6.8282633,-0.2777274
18563,1437154861610,-7.0186024,6.8599863,-0.25498247
18564,1437154861630,-6.950966,6.8707604,-0.23523031
18565,1437154861650,-6.845621,6.865972,-0.26635495
18566,1437154861672,-6.7887588,6.839037,-0.25797522
18567,1437154861691,-6.8342485,6.84203,-0.2741361
18568,1437154861717,-6.917447,6.8689647,-0.29927522
18569,1437154861783,-7.017405,6.841431,-0.2645593
18570,1437154861784,-6.9252286,6.795343,-0.22685061
18571,1437154861785,-6.915053,6.7827735,-0.20231004
18572,1437154861793,-6.8827314,6.7648168,-0.18974048
18573,1437154861812,-6.9210386,6.831256,-0.23163901
18574,1437154861834,-6.884527,6.8504095,-0.25079262
18575,1437154861850,-7.0066314,6.9306154,-0.2873042
18576,1437154861870,-6.997653,6.977901,-0.29688102
18577,1437154861896,-6.9605427,6.9928646,-0.2885013
18578,1437154861910,-6.8731546,6.943185,-0.25258827
18579,1437154861933,-6.6391215,6.9360023,-0.2896984
18580,1437154861952,-6.649895,6.964134,-0.3752911
18581,1437154861972,-6.7241154,6.9306154,-0.4285621
18582,1437154861993,-6.841431,6.8563952,-0.46746787
18583,1437154862010,-6.983288,6.794146,-0.48602295
18584,1437154862034,-6.964134,6.7504516,-0.4973954
18585,1437154862053,-6.9820905,6.7324953,-0.4830302
18586,1437154862070,-6.9689226,6.6415157,-0.4794389
18587,1437154862094,-7.1263413,6.745663,-0.49081135
18588,1437154862113,-7.0952168,6.63972,-0.5494693
18589,1437154862133,-7.1311297,6.670246,-0.43394905
18590,1437154862154,-7.0844426,6.735488,-0.50996494
18591,1437154862174,-7.1209545,6.7767878,-0.45250413
18592,1437154862191,-7.2221093,6.797737,-0.38367084
18593,1437154862214,-7.0622964,6.8306575,-0.36152446
18594,1437154862231,-6.9647326,6.87914,-0.3812766
18595,1437154862253,-6.985682,6.9186444,-0.40880993
18596,1437154862271,-6.969521,6.953959,-0.3657143
18597,1437154862293,-6.835446,6.8557963,-0.35913026
18598,1437154862316,-6.8025255,6.8067155,-0.28909984
18599,1437154862335,-6.8204823,6.7923503,-0.30226797
18600,1437154862351,-6.8504095,6.7893577,-0.32680854
18601,1437154862373,-6.913856,6.8450227,-0.34596214
18602,1437154862391,-6.983288,6.8330517,-0.3705027
18603,1437154862412,-6.927024,6.8366427,-0.362123
18604,1437154862431,-6.9928646,6.8252707,-0.3728969
18605,1437154862503,-7.006033,6.879739,-0.39384618
18606,1437154862505,-7.077859,6.899491,-0.39504328
18607,1437154862521,-6.9557543,6.9318123,-0.37708676
18608,1437154862522,-6.9288197,6.9348054,-0.3298013
18609,1437154862531,-6.8827314,6.9330096,-0.30406362
18610,1437154862551,-6.8252707,6.879739,-0.2633622
18611,1437154862571,-6.769605,6.891111,-0.23762453
18612,1437154862591,-6.8049197,6.895301,-0.23942018
18613,1437154862614,-6.8246717,6.889914,-0.20530279
18614,1437154862631,-6.8085113,6.827665,-0.23702596
18615,1437154862651,-6.8013287,6.8905125,-0.25258827
18616,1437154862678,-7.0012445,6.9820905,-0.3477578
18617,1437154862691,-6.879739,6.9240313,-0.32441434
18618,1437154862713,-6.7468605,6.893505,-0.3196259
18619,1437154862733,-6.8049197,6.8839283,-0.32680854
18620,1437154862754,-6.8264675,6.863578,-0.32561144
18621,1437154862774,-6.8282633,6.8492126,-0.3286042
18622,1437154862794,-6.8438253,6.8168907,-0.30226797
18623,1437154862814,-6.8162923,6.806117,-0.30885202
18624,1437154862831,-6.8480153,6.7923503,-0.34237084
18625,1437154862854,-6.9485717,6.8168907,-0.40162733
18626,1437154862874,-6.9904704,6.7869635,-0.39983168
18627,1437154862894,-7.1586633,6.9318123,-0.4417302
18628,1437154862913,-7.140108,6.9707184,-0.48362875
18629,1437154862931,-7.0108213,7.01142,-0.4237737
18630,1437154862953,-6.9228344,7.045537,-0.37948096
18631,1437154862973,-6.678027,7.007828,-0.3633201
18632,1437154862994,-6.654085,6.9958572,-0.3393781
18633,1437154863013,-6.7863646,7.0646906,-0.3609259
18634,1437154863036,-6.91625,7.08983,-0.4177882
18635,1437154863054,-6.8168907,6.986879,-0.3321955
18636,1437154863074,-6.715137,6.8522053,-0.3477578
18637,1437154863095,-6.8306575,6.8773446,-0.34955344
18638,1437154863115,-6.8210807,6.938995,-0.38307226
18639,1437154863132,-6.870162,6.941389,-0.36631286
18640,1437154863153,-6.747459,7.020398,-0.36631286
18641,1437154863172,-6.63972,6.9743094,-0.3728969
18642,1437154863315,-6.508039,7.0263834,-0.35075054
18643,1437154863316,-6.5206084,7.0706763,-0.44113165
18644,1437154863317,-6.633136,7.135918,-0.45908818
18645,1437154863318,-6.687604,7.103596,-0.4985925
18646,1437154863319,-6.6684504,7.0545154,-0.45010993
18647,1437154863320,-6.721721,7.045537,-0.4890157
18648,1437154863321,-6.9527617,7.1502833,-0.5614403
18649,1437154863339,-6.9707184,7.1305313,-0.53091425
18650,1437154863355,-7.1341224,7.0581064,-0.49919105
18651,1437154863389,-7.177218,7.005434,-0.40880993
18652,1437154863392,-7.047333,7.001843,-0.34596214
18653,1437154863411,-6.727707,6.8683662,-0.23762453
18654,1437154863433,-6.599617,6.6624646,-0.17597382
18655,1437154863452,-7.0126166,7.047931,-0.3238158
18656,1437154863472,-6.479907,6.8222775,-0.35194764
18657,1437154863498,-6.395511,6.897695,-0.23463176
18658,1437154863513,-6.541558,7.056311,-0.54408234
18659,1437154863535,-6.43741,7.1125746,-0.46986207
18660,1437154863555,-6.6624646,7.1927805,-0.52732295
18661,1437154863573,-6.729502,7.280169,-0.6332663
18662,1437154863594,-6.8348475,7.253833,-0.55605334
18663,1437154863615,-6.8468184,7.20116,-0.57161564
18664,1437154863635,-6.7648168,7.2634096,-0.50996494
18665,1437154863655,-6.5948286,7.271789,-0.5398925
18666,1437154863672,-6.333262,7.2304893,-0.40701428
18667,1437154863694,-6.5601125,7.2849574,-0.39923313
18668,1437154863715,-6.6325374,7.2071457,-0.29508537
18669,1437154863734,-6.4104753,7.043143,-0.15203181
18670,1437154863755,-6.3901243,7.059902,-0.19692309
18671,1437154863772,-6.5218053,7.109582,-0.2160767
18672,1437154863794,-6.3619924,7.114969,-0.2681506
18673,1437154863815,-6.359598,7.157466,-0.3453636
18674,1437154863833,-6.5696893,7.2352777,-0.46208093
18675,1437154863855,-6.6067996,7.258621,-0.45489833
18676,1437154863875,-6.649895,7.3310456,-0.50996494
18677,1437154863894,-6.559514,7.3190746,-0.5835867
18678,1437154863915,-6.491878,7.3322425,-0.5746084
18679,1437154863935,-6.5643024,7.357382,-0.61650693
18680,1437154863952,-6.5140243,7.2993226,-0.623091
18681,1437154863973,-6.4266357,7.2430587,-0.5943606
18682,1437154864002,-6.4020953,7.2083426,-0.6266823
18683,1437154864062,-6.4020953,7.2490444,-0.6428431
18684,1437154864066,-6.5128274,7.2861543,-0.66738373
18685,1437154864067,-6.5948286,7.2729864,-0.6991069
18686,1437154864083,-6.6026096,7.281366,-0.7092823
18687,1437154864092,-6.555324,7.2460513,-0.66020113
18688,1437154864112,-6.5966244,7.1784153,-0.61171854
18689,1437154864132,-6.695385,7.117363,-0.4985925
18690,1437154864152,-6.7444663,7.0503254,-0.39504328
18691,1437154864174,-6.729502,6.9784994,-0.39564183
18692,1437154864192,-6.740875,6.963536,-0.36990416
18693,1437154864213,-6.8623805,6.9665284,-0.39205053
18694,1437154864239,-6.8839283,6.9581485,-0.30226797
18695,1437154864253,-6.8581905,6.8851256,-0.31483752
18696,1437154864274,-6.917447,6.9120603,-0.31004912
18697,1437154864293,-6.905476,6.895301,-0.32142156
18698,1437154864316,-6.843227,6.8689647,-0.31902736
18699,1437154864336,-6.862979,6.8929067,-0.3369839
18700,1437154864353,-6.8599863,6.9360023,-0.3597288
18701,1437154864373,-6.830059,6.905476,-0.35434186
18702,1437154864393,-6.70556,6.851607,-0.32561144
18703,1437154864416,-6.7229185,6.918046,-0.40162733
18704,1437154864436,-6.7253127,6.9689226,-0.41838676
18705,1437154864456,-6.7109475,7.088034,-0.40342298
18706,1437154864479,-6.799533,7.1963716,-0.42317516
18707,1437154864493,-6.667253,7.223905,-0.37469256
18708,1437154864519,-6.539762,7.1873937,-0.3842694
18709,1437154864533,-6.4368114,7.2286935,-0.39085343
18710,1437154864558,-6.42903,7.261614,-0.43634325
18711,1437154864576,-6.479907,7.361572,-0.4357447
18712,1437154864593,-6.4805055,7.395689,-0.4973954
18713,1437154864613,-6.465542,7.382521,-0.5093664
18714,1437154864632,-6.3967085,7.3202715,-0.55126494
18715,1437154864659,-6.423643,7.2831616,-0.5363012
18716,1437154864673,-6.452972,7.280169,-0.5722142
18717,1437154864698,-6.4948707,7.259818,-0.5746084
18718,1437154864714,-6.5265937,7.2227077,-0.55844754
18719,1437154864740,-6.6079965,7.183802,-0.5758055
18720,1437154864814,-6.645705,7.1245456,-0.54288524
18721,1437154864815,-6.6732388,7.0904284,-0.5638345
18722,1437154864816,-6.755839,7.0605006,-0.5626374
18723,1437154864817,-6.724714,7.0826473,-0.5758055
18724,1437154864835,-6.8049197,7.0545154,-0.5327099
18725,1437154864857,-6.7773867,7.0461354,-0.44891283
18726,1437154864873,-6.7510505,7.0952168,-0.5189432
18727,1437154864903,-6.643311,7.114969,-0.5315128
18728,1437154864913,-6.5601125,7.1592617,-0.5955577
18729,1437154864934,-6.4481835,7.1981673,-0.61530983
18730,1437154864961,-6.403891,7.247847,-0.6368576
18731,1437154864974,-6.4266357,7.3226657,-0.6536171
18732,1437154864993,-6.3589997,7.3029137,-0.6015432
18733,1437154865014,-6.3009405,7.3466077,-0.60214174
18734,1437154865034,-6.3548098,7.414244,-0.6871359
18735,1437154865056,-6.30932,7.3968863,-0.6344634
18736,1437154865074,-6.3003416,7.4375877,-0.6889315
18737,1437154865097,-6.3542113,7.439383,-0.6859388
18738,1437154865113,-6.389526,7.441777,-0.66858083
18739,1437154865134,-6.411672,7.439383,-0.66498953
18740,1437154865157,-6.319495,7.3657618,-0.62488663
18741,1437154865174,-6.3063273,7.3633676,-0.64463884
18742,1437154865200,-6.4751186,7.3525934,-0.64583594
18743,1437154865215,-6.513426,7.307702,-0.6278794
18744,1437154865234,-6.455965,7.211934,-0.61411273
18745,1437154865260,-6.457162,7.234679,-0.61530983
18746,1437154865274,-6.4697313,7.195773,-0.6123171
18747,1437154865297,-6.5361705,7.234679,-0.6087258
18748,1437154865313,-6.4721255,7.2460513,-0.6266823
18749,1437154865334,-6.4068837,7.275979,-0.5847838
18750,1437154865354,-6.3943143,7.3178773,-0.61530983
18751,1437154865374,-6.2626333,7.3567834,-0.6512229
18752,1437154865400,-6.3350577,7.4046674,-0.7032967
18753,1437154865414,-6.443994,7.445369,-0.74519527
18754,1437154865435,-6.543952,7.428011,-0.7128736
18755,1437154865462,-6.4457893,7.2963295,-0.6488287
18756,1437154865537,-6.4505777,7.2789717,-0.60932434
18757,1437154865538,-6.475717,7.297527,-0.623091
18758,1437154865539,-6.3949127,7.304111,-0.5919664
18759,1437154865540,-6.2339025,7.303512,-0.59136784
18760,1437154865554,-6.14412,7.363966,-0.62608373
18761,1437154865581,-6.227319,7.4872675,-0.6751649
18762,1437154865594,-6.1955953,7.5650787,-0.7236475
18763,1437154865614,-6.169259,7.5291657,-0.6979098
18764,1437154865640,-6.271611,7.583634,-0.7218518
18765,1437154865654,-6.31351,7.5094137,-0.66618663
18766,1437154865676,-6.329072,7.4322004,-0.5967548
18767,1437154865694,-6.4146647,7.4088573,-0.6003461
18768,1437154865716,-6.457162,7.3657618,-0.52133745
18769,1437154865736,-6.5110316,7.269395,-0.46746787
18770,1437154865756,-6.457162,7.2568254,-0.44711718
18771,1437154865777,-6.4427967,7.211934,-0.4249708
18772,1437154865798,-6.443994,7.195773,-0.45669398
18773,1437154865816,-6.4164605,7.193379,-0.4818331
18774,1437154865838,-6.39192,7.2262993,-0.56443304
18775,1437154865858,-6.4362125,7.2969284,-0.62608373
18776,1437154865876,-6.5631056,7.3633676,-0.62608373
18777,1437154865897,-6.6205664,7.3537903,-0.58418524
18778,1437154865917,-6.523601,7.267599,-0.51714754
18779,1437154865935,-6.4326215,7.240066,-0.45968673
18780,1437154865956,-6.4505777,7.2424603,-0.47345337
18781,1437154865976,-6.3542113,7.313089,-0.48841715
18782,1437154865996,-6.408081,7.317279,-0.5506664
18783,1437154866014,-6.4104753,7.337031,-0.60693014
18784,1437154866034,-6.509236,7.33763,-0.6769605
18785,1437154866056,-6.501455,7.233482,-0.6302736
18786,1437154866075,-6.5385647,7.264008,-0.6338649
18787,1437154866096,-6.5385647,7.2352777,-0.6266823
18788,1437154866116,-6.578069,7.2179193,-0.65421563
18789,1437154866139,-6.5283895,7.225701,-0.66498953
18790,1437154866154,-6.459556,7.21373,-0.6374562
18791,1437154866176,-6.4751186,7.259818,-0.6781576
18792,1437154866197,-6.483498,7.2406645,-0.6607997
18793,1437154866257,-6.4326215,7.3005195,-0.66379243
18794,1437154866258,-6.476914,7.313089,-0.6667852
18795,1437154866259,-6.3105173,7.2047515,-0.5506664
18796,1437154866280,-6.0627174,7.2873516,-0.4878186
18797,1437154866294,-6.211756,7.2646065,-0.6123171
18798,1437154866316,-6.3709707,7.3986816,-0.48961425
18799,1437154866334,-6.6534867,7.405266,-0.56443304
18800,1437154866355,-6.6786256,7.235876,-0.6332663
18801,1437154866378,-6.743269,6.949769,-0.5069722
18802,1437154866395,-6.8773446,6.9246297,-0.48482585
18803,1437154866416,-6.9970546,6.947375,-0.51714754
18804,1437154866435,-6.941988,7.006033,-0.5129577
18805,1437154866458,-6.9126587,6.9581485,-0.5189432
18806,1437154866475,-6.995259,6.9784994,-0.4961983
18807,1437154866499,-6.841431,6.953959,-0.516549
18808,1437154866518,-6.5577183,6.855198,-0.4794389
18809,1437154866538,-6.4745197,6.974908,-0.46686932
18810,1437154866558,-6.75524,7.055114,-0.5919664
18811,1437154866577,-6.8025255,6.9928646,-0.5057751
18812,1437154866599,-6.817489,6.962937,-0.45429978
18813,1437154866618,-6.915652,6.9383965,-0.5566519
18814,1437154866638,-6.8881183,6.8839283,-0.4902128
18815,1437154866657,-6.951565,6.817489,-0.4141969
18816,1437154866679,-6.7504516,6.849811,-0.5805939
18817,1437154866698,-6.6828156,6.915053,-0.7026982
18818,1437154866721,-6.879739,6.976105,-0.8295909
18819,1437154866758,-6.962937,6.8982935,-0.9235633
18820,1437154866759,-7.0712748,6.839636,-0.9911995
18821,1437154866775,-7.029975,6.89171,-1.1976994
18822,1437154866795,-6.96593,6.9306154,-1.1773487
18823,1437154866815,-6.9132576,7.0610995,-1.1414356
18824,1437154866835,-6.469133,7.2107368,-1.0935516
18825,1437154866856,-6.403891,7.169437,-1.0319009
18826,1437154866877,-6.5403605,7.1592617,-1.0480618
18827,1437154866898,-6.6786256,7.20535,-1.0372878
18828,1437154866916,-6.716933,7.1849995,-0.9487024
18829,1437154866945,-6.6121864,7.025785,-1.033098
18830,1437154867026,-6.8091097,6.968324,-1.0007763
18831,1437154867027,-6.988076,6.928221,-0.97384155
18832,1437154867028,-6.9982514,6.882133,-1.0714053
18833,1437154867029,-6.9132576,6.9222355,-0.8834604
18834,1437154867036,-6.7205243,6.88752,-1.043872
18835,1437154867059,-6.63553,6.728904,-0.94930094
18836,1437154867076,-6.8007298,6.869563,-0.90859956
18837,1437154867095,-7.0862384,6.8767457,-1.110311
18838,1437154867121,-7.0587053,6.7965403,-0.78888947
18839,1437154867136,-7.0036387,6.9826894,-0.8726865
18840,1437154867155,-6.621165,6.9928646,-0.6847417
18841,1437154867176,-6.861782,7.132327,-0.66379243
18842,1437154867197,-6.8929067,7.2490444,-0.7110779
18843,1437154867216,-6.8587894,7.318476,-0.6314707
18844,1437154867239,-6.8384385,7.5590935,-0.7613561
18845,1437154867259,-6.3338604,7.0832458,-0.6925228
18846,1437154867279,-6.43322,7.0928226,-0.5883751
18847,1437154867298,-6.6247563,7.1568675,-0.95229375
18848,1437154867319,-6.4386067,7.109582,-0.7200562
18849,1437154867339,-6.451775,7.097611,-0.7188591
18850,1437154867356,-6.423643,7.1460934,-0.8038532
18851,1437154867380,-6.4577603,7.071873,-0.6745663
18852,1437154867400,-6.465542,7.138911,-0.7320272
18853,1437154867417,-6.339846,7.0209966,-0.7505822
18854,1437154867439,-6.76781,7.1634517,-0.6769605
18855,1437154867461,-6.8348475,7.1670427,-0.75357497
18856,1437154867482,-6.5218053,7.241263,-0.6398504
18857,1437154867502,-6.5367694,7.2298903,-0.7308301
18858,1437154867515,-6.6522894,7.2687964,-0.7254431
18859,1437154867538,-6.5511346,7.256227,-0.63206923
18860,1437154867558,-6.4990606,7.2580223,-0.5542577
18861,1437154867625,-6.359598,7.1592617,-0.52971715
18862,1437154867626,-6.3482256,7.243657,-0.45010993
18863,1437154867627,-6.3350577,7.165846,-0.4973954
18864,1437154867636,-6.5804634,7.241862,-0.40521863
18865,1437154867656,-6.7510505,7.2993226,-0.43993455
18866,1437154867676,-6.577471,7.1395097,-0.39624038
18867,1437154867704,-6.6947865,7.1466923,-0.28790274
18868,1437154867736,-6.6534867,7.0503254,-0.4357447
18869,1437154867737,-6.735488,7.04434,-0.36032736
18870,1437154867756,-6.947375,7.2298903,-0.20171149
18871,1437154867776,-7.0664864,7.0503254,-0.35673606
18872,1437154867797,-6.6504936,6.9330096,-0.12389994
18873,1437154867816,-6.509236,6.9581485,-0.23523031
18874,1437154867841,-6.543952,7.117962,-0.2124854
18875,1437154867856,-6.477513,7.144298,-0.27593175
18876,1437154867876,-6.3865333,7.2729864,-0.374094
18877,1437154867898,-6.5631056,7.3897038,-0.4141969
18878,1437154867916,-6.4026937,7.4483614,-0.46507367
18879,1437154867936,-6.241684,7.504027,-0.4854244
18880,1437154867956,-6.215348,7.463924,-0.5662287
18881,1437154867976,-6.1129956,7.530363,-0.5518635
18882,1437154867996,-6.235698,7.501034,-0.6338649
18883,1437154868016,-6.3991027,7.487866,-0.60932434
18884,1437154868036,-6.5325794,7.504027,-0.63206923
18885,1437154868056,-6.621165,7.465121,-0.64823014
18886,1437154868079,-6.685808,7.4429746,-0.62488663
18887,1437154868096,-6.7079544,7.392098,-0.6691794
18888,1437154868116,-6.5601125,7.3466077,-0.7206547
18889,1437154868139,-6.3901243,7.289147,-0.7146692
18890,1437154868159,-6.2488666,7.3298483,-0.79008657
18891,1437154868175,-6.0746884,7.3819222,-0.81043726
18892,1437154868197,-6.05733,7.4124484,-0.878672
18893,1437154868219,-5.929839,7.3567834,-1.0013748
18894,1437154868238,-5.8999114,7.2634096,-1.033098
18895,1437154868258,-6.030994,7.2610154,-1.0803835
18896,1437154868275,-6.339846,7.326257,-1.1150994
18897,1437154868296,-6.5259953,7.3986816,-1.1061212
18898,1437154868319,-6.623559,7.4507556,-1.062427
18899,1437154868339,-6.647501,7.475296,-0.9708488
18900,1437154868357,-6.4362125,7.404069,-0.93014735
18901,1437154868376,-6.3458314,7.406463,-0.81642276
18902,1437154868398,-6.2805896,7.4627266,-0.7942764
18903,1437154868415,-6.301539,7.5351515,-0.75118077
18904,1437154868435,-6.1728506,7.555502,-0.7433996
18905,1437154868455,-6.0405707,7.581838,-0.7769185
18906,1437154868480,-6.1243677,7.7081323,-0.79367787
18907,1437154868498,-6.173449,7.8966756,-0.79008657
18908,1437154868516,-6.168062,7.9726915,-0.79487497
18909,1437154868541,-6.0345855,7.98586,-0.7254431
18910,1437154868560,-5.901707,7.8769236,-0.7128736
18911,1437154868578,-5.769428,7.731476,-0.7098808
18912,1437154868601,-5.963358,7.6321163,-0.7302315
18913,1437154868618,-6.105813,7.5243773,-0.7763199
18914,1437154868637,-6.1890116,7.386112,-0.75956047
18915,1437154868661,-6.238691,7.295731,-0.81642276
18916,1437154868679,-6.301539,7.2544312,-0.87927055
18917,1437154868698,-6.3589997,7.1867948,-0.93373865
18918,1437154868721,-6.332065,7.16405,-1.0498575
18919,1437154868737,-6.4152637,7.1227503,-1.1246762
18920,1437154868761,-6.593033,7.0700774,-1.2258313
18921,1437154868779,-6.8007298,7.0371575,-1.3006501
18922,1437154868799,-6.867768,7.0491285,-1.3676877
18923,1437154868818,-6.6624646,7.1712327,-1.429937
18924,1437154868840,-6.3991027,7.2550297,-1.4921862
18925,1437154868861,-6.1955953,7.275979,-1.5310919
18926,1437154868881,-6.0262055,7.2286935,-1.5526398
18927,1437154868901,-6.0262055,7.216124,-1.5490485
18928,1437154868918,-6.1584854,7.231686,-1.6424223
18929,1437154868940,-6.2530565,7.2508397,-1.6897079
18930,1437154868960,-6.355408,7.2179193,-1.7286136
18931,1437154868980,-6.549339,7.2059484,-1.7669208
18932,1437154868999,-6.724714,7.1143703,-1.7711107
18933,1437154869034,-6.794146,7.045537,-1.608305
18934,1437154869036,-6.8372416,6.989872,-1.5981296
18935,1437154869056,-7.0126166,6.952163,-1.5688007
18936,1437154869077,-7.023391,6.897695,-1.5107412
18937,1437154869096,-7.225701,6.809708,-1.4772224
18938,1437154869118,-7.6081743,6.719327,-1.4718355
18939,1437154869137,-7.9708962,6.332065,-1.3341689
18940,1437154869158,-7.7703815,6.011242,-0.93254155
18941,1437154869180,-7.1371155,6.237494,-1.2515689
18942,1437154869199,-6.9844847,6.634333,-1.3599066
18943,1437154869222,-6.5666966,6.903681,-1.1695676
18944,1437154869242,-5.865794,7.3047094,-1.3102269
18945,1437154869260,-5.8161144,7.586028,-1.1887212
18946,1437154869280,-5.807735,7.699753,-1.0354922
18947,1437154869300,-6.0208187,7.5495167,-0.88405895
18948,1437154869320,-6.232107,7.147889,-0.5919664
18949,1437154869340,-6.279991,6.8569937,-0.427365
18950,1437154869358,-6.42903,6.863578,-0.5907693
18951,1437154869381,-6.9461775,6.915652,-0.7380127
18952,1437154869401,-7.1167645,6.7905545,-0.6476316
18953,1437154869419,-6.8785415,6.9252286,-0.79966336
18954,1437154869440,-6.87914,7.0036387,-0.92057055
18955,1437154869461,-6.8749504,7.143699,-0.7751228
18956,1437154869480,-7.0156097,7.2723875,-0.76195467
18957,1437154869501,-6.555923,7.270592,-0.8678981
18958,1437154869519,-6.4990606,7.418434,-0.7733272
18959,1437154869544,-6.6163764,7.480085,-0.79487497
18960,1437154869565,-6.475717,7.657854,-0.7823054
18961,1437154869583,-6.1890116,7.611766,-0.7092823
18962,1437154869606,-5.805939,7.611766,-0.55844754
18963,1437154869618,-5.4563856,7.626131,-0.50637364
18964,1437154869638,-5.5377884,7.8308353,-0.25737667
18965,1437154869659,-5.8574142,7.815273,-0.39264908
18966,1437154869686,-5.4049106,7.6321163,-0.1340753
18967,1437154869745,-6.0651116,7.6530657,-0.032920275
18968,1437154869746,-6.093842,7.632715,-0.34955344
18969,1437154869747,-5.533,7.7320743,-0.3776853
18970,1437154869758,-5.7017913,8.083424,-0.3465607
18971,1437154869778,-5.7125654,8.210915,-0.9175778
18972,1437154869798,-4.624999,8.419808,-0.7020996
18973,1437154869819,-4.871003,8.719683,-0.919972
18974,1437154869841,-4.8997335,8.93935,-1.3802572
18975,1437154869860,-5.1319714,8.613141,-1.30484
18976,1437154869878,-5.29358,8.272566,-1.3754689
18977,1437154869901,-5.2822075,7.687183,-1.3808558
18978,1437154869923,-5.383961,7.1227503,-0.92655605
18979,1437154869940,-5.808932,6.8210807,-0.5506664
18980,1437154869958,-6.23091,6.4900823,-0.40821138
18981,1437154869981,-6.38354,6.223727,-0.16101007
18982,1437154870001,-6.863578,6.305729,-0.29807812
18983,1437154870021,-7.328053,6.510433,-0.89603
18984,1437154870042,-7.7081323,6.6385226,-1.2401965
18985,1437154870061,-7.771579,6.4499793,-1.4167689
18986,1437154870082,-7.483676,6.407482,-1.697489
18987,1437154870101,-7.678205,6.543353,-1.8375498
18988,1437154870121,-7.8206596,6.609792,-1.8034325
18989,1437154870144,-7.240066,6.3548098,-1.7363948
18990,1437154870159,-6.667852,6.1704564,-1.602918
18991,1437154870181,-7.055712,6.342839,-1.6448165
18992,1437154870201,-7.267599,6.4541693,-1.7741034
18993,1437154870221,-7.180211,6.4828997,-1.8698715
18994,1437154870240,-7.2262993,6.542156,-2.022502
18995,1437154870261,-7.354389,6.601413,-2.202067
18996,1437154870281,-7.378331,6.622362,-2.260725
18997,1437154870301,-7.3992805,6.7163343,-2.3253684
18998,1437154870322,-7.398083,6.770204,-2.4181437
18999,1437154870341,-7.1820064,6.7348895,-2.475006
19000,1437154870360,-7.2065473,6.7205243,-2.4791958
19001,1437154870381,-7.2191167,6.7450647,-2.4929626
19002,1437154870401,-7.089231,6.6415157,-2.445677
19003,1437154870425,-7.0700774,6.5044475,-2.36188
19004,1437154870500,-7.1125746,6.5188127,-2.3391352
19005,1437154870501,-7.147889,6.4805055,-2.315193
19006,1437154870502,-7.008427,6.364985,-2.2798786
19007,1437154870503,-6.8743515,6.2752028,-2.28347
19008,1437154870520,-6.962937,6.2985463,-2.2870612
19009,1437154870546,-7.067085,6.293159,-2.345719
19010,1437154870561,-7.1191587,6.332065,-2.3714569
19011,1437154870622,-7.001843,6.314707,-2.3864205
19012,1437154870623,-7.1101804,6.606201,-2.528277
19013,1437154870636,-7.367557,6.5601125,-2.6868927
19014,1437154870652,-6.579266,6.315904,-2.4361002
19015,1437154870659,-7.0102224,6.6546836,-2.4702177
19016,1437154870685,-7.1993647,6.743868,-2.7024553
19017,1437154870713,-6.6145806,6.593033,-2.4516625
19018,1437154870720,-6.509236,6.619369,-2.4887726
19019,1437154870762,-6.785766,6.7085533,-2.569577
19020,1437154870763,-6.8545995,6.678027,-2.5187001
19021,1437154870779,-6.95755,6.612785,-2.5420437
19022,1437154870800,-6.8773446,6.531981,-2.6168625
19023,1437154870819,-6.767211,6.4326215,-2.629432
19024,1437154870839,-6.8282633,6.467936,-2.6120741
19025,1437154870866,-6.9707184,6.530185,-2.5558102
19026,1437154870879,-7.301717,6.6175733,-2.5540147
19027,1437154870902,-6.965331,6.535572,-2.5809495
19028,1437154870919,-6.8641763,6.4457893,-2.56419
19029,1437154870940,-6.6624646,6.3883286,-2.4654293
19030,1437154870965,-6.743868,6.443395,-2.4420857
19031,1437154870983,-7.037756,6.559514,-2.415151
19032,1437154871002,-7.1568675,6.497265,-2.4181437
19033,1437154871021,-7.2023573,6.605004,-2.3870192
19034,1437154871040,-7.6734166,6.84203,-2.7389667
19035,1437154871061,-6.3859344,6.4948707,-2.496554
19036,1437154871084,-6.26383,6.5619082,-2.3594859
19037,1437154871103,-6.9491706,6.7612257,-2.654571
19038,1437154871120,-6.7959414,6.645107,-2.4756045
19039,1437154871142,-6.581062,6.6271505,-2.3157916
19040,1437154871173,-6.728904,6.825869,-2.566584
19041,1437154871179,-6.513426,6.731298,-2.5552118
19042,1437154871200,-6.531981,6.7324953,-2.461838
19043,1437154871220,-6.8587894,6.877943,-2.4390929
19044,1437154871238,-6.8480153,6.862979,-2.4797945
19045,1437154871259,-6.6744356,6.76781,-2.3630772
19046,1437154871280,-6.71394,6.7612257,-2.308609
19047,1437154871299,-6.63553,6.775591,-2.2709002
19048,1437154871323,-6.3224883,6.8492126,-2.2984335
19049,1437154871343,-5.9759274,6.87914,-2.2331917
19050,1437154871363,-6.029797,7.143699,-2.2882583
19051,1437154871378,-5.9507885,7.2508397,-2.4732103
19052,1437154871399,-5.749077,7.357382,-2.3463178
19053,1437154871423,-6.3380504,7.2568254,-2.4797945
19054,1437154871443,-6.3105173,7.197569,-2.3570917
19055,1437154871463,-6.5631056,7.2352777,-2.3169887
19056,1437154871480,-6.7402763,7.2783732,-2.3786395
19057,1437154871503,-6.4445925,7.1365166,-2.2960393
19058,1437154871524,-6.4505777,7.129933,-2.1691468
19059,1437154871539,-6.728904,7.0700774,-2.2882583
19060,1437154871563,-6.0663085,6.76362,-2.1045034
19061,1437154871580,-6.2865753,7.023391,-1.9003977
19062,1437154871601,-5.8454432,7.0287776,-2.1374235
19063,1437154871620,-5.9106855,6.9557543,-1.977012
19064,1437154871645,-6.467936,6.962937,-1.9267339
19065,1437154871665,-6.882133,7.129933,-2.1865046
19066,1437154871680,-6.6840124,7.0545154,-2.095525
19067,1437154871703,-6.55712,6.591237,-2.0883424
19068,1437154871720,-6.941389,7.1047935,-2.0446482
19069,1437154871741,-6.8025255,6.6600704,-2.2200236
19070,1437154871760,-6.1327477,6.7510505,-1.977012
19071,1437154871781,-6.476914,6.8001313,-2.1739352
19072,1437154871807,-6.689998,7.244256,-2.2637177
19073,1437154871873,-6.349423,6.96174,-2.111686
19074,1437154871874,-6.132149,7.1143703,-2.0087352
19075,1437154871875,-6.3470287,7.059902,-2.1416135
19076,1437154871882,-6.303933,7.03596,-1.929128
19077,1437154871900,-6.278794,6.9707184,-2.0069396
19078,1437154871920,-6.4104753,6.935404,-2.0231004
19079,1437154871940,-6.667852,7.0808516,-2.0518308
19080,1437154871964,-6.8049197,7.009624,-2.1092918
19081,1437154871980,-6.4164605,6.8013287,-1.9829975
19082,1437154872000,-6.183026,6.5367694,-1.9973627
19083,1437154872020,-6.367978,6.6103907,-1.9524715
19084,1437154872040,-6.7318964,6.8486137,-1.9680338
19085,1437154872065,-6.4685345,6.8085113,-2.1499932
19086,1437154872080,-6.4505777,6.895301,-2.1380222
19087,1437154872100,-6.7731967,6.8480153,-2.256535
19088,1437154872122,-6.0381765,6.7211227,-2.3654714
19089,1437154872143,-6.5505357,6.7654157,-2.3133974
19090,1437154872163,-6.8288617,6.8049197,-2.510919
19091,1437154872183,-6.8773446,6.835446,-2.6396074
19092,1437154872201,-6.9222355,6.83784,-2.7281928
19093,1437154872223,-6.8689647,6.899491,-2.8485014
19094,1437154872245,-6.976105,6.871359,-2.9346926
19095,1437154872261,-6.8522053,6.8587894,-2.9855695
19096,1437154872284,-6.8665705,6.8372416,-3.0244753
19097,1437154872303,-6.933608,6.8438253,-3.12982
19098,1437154872323,-6.943185,6.8228765,-3.1615434
19099,1437154872343,-7.095815,6.863578,-3.2716765
19100,1437154872364,-7.1101804,6.7492547,-3.3033998
19101,1437154872455,-6.691195,6.5122285,-3.3452983
19102,1437154872456,-6.9581485,6.7600284,-3.1495724
19103,1437154872457,-7.103596,6.657078,-3.341707
19104,1437154872458,-6.658275,6.5547256,-3.141791
19105,1437154872461,-7.165247,6.8109055,-2.9652188
19106,1437154872480,-7.5028296,6.8204823,-3.1603463
19107,1437154872501,-6.862979,6.619968,-2.932897
19108,1437154872582,-7.0006456,6.8246717,-2.8431146
19109,1437154872583,-6.801927,6.600814,-2.7712884
19110,1437154872584,-6.7929487,6.602011,-2.3888147
19111,1437154872585,-7.0144124,6.870162,-2.3762453
19112,1437154872635,-6.9102645,6.964134,-2.3068132
19113,1437154872636,-6.8641763,7.000047,-2.3139958
19114,1437154872655,-6.2225304,6.7510505,-2.2266076
19115,1437154872661,-6.3781533,6.742072,-1.9776106
19116,1437154872681,-6.8324533,6.847417,-2.0380642
19117,1437154872701,-6.7402763,6.7043633,-1.9363106
19118,1437154872721,-6.721721,6.789956,-1.7070658
19119,1437154872741,-6.6241574,6.5188127,-1.8064252
19120,1437154872761,-6.7330937,6.652888,-1.5472529
19121,1437154872783,-6.853402,6.741473,-1.6633717
19122,1437154872805,-6.534375,6.5666966,-1.578976
19123,1437154872821,-6.5307837,6.571485,-1.4347254
19124,1437154872848,-6.849811,6.7570357,-1.5807717
19125,1437154872861,-6.795343,6.758233,-1.5328877
19126,1437154872881,-6.8773446,6.730101,-1.5221137
19127,1437154872902,-6.8282633,6.719327,-1.6124948
19128,1437154872924,-6.95755,6.7923503,-1.5119383
19129,1437154872941,-7.1059904,6.8438253,-1.5574282
19130,1437154872961,-6.7983356,6.8324533,-1.5065514
19131,1437154872981,-6.631939,6.8486137,-1.4191631
19132,1437154873001,-6.4308257,6.8749504,-1.5095441
19133,1437154873021,-6.5140243,6.8785415,-1.4137762
19134,1437154873041,-6.646304,6.8749504,-1.489792
19135,1437154873061,-6.670246,6.809708,-1.4939818
19136,1437154873096,-6.7648168,6.8587894,-1.4323312
19137,1437154873101,-6.8851256,7.0186024,-1.4784195
19138,1437154873120,-6.661866,7.0263834,-1.4041992
19139,1437154873140,-6.491878,7.0449386,-1.3611037
19140,1437154873161,-6.3865333,7.132327,-1.4454993
19141,1437154873183,-6.4224463,7.1191587,-1.3772645
19142,1437154873200,-6.3643866,7.253833,-1.3491327
19143,1437154873220,-6.373365,7.319673,-1.3694834
19144,1437154873240,-6.329671,7.3537903,-1.258153
19145,1437154873260,-6.249465,7.301118,-1.2036849
19146,1437154873281,-6.367978,7.233482,-1.1061212
19147,1437154873314,-6.3661823,7.2065473,-1.0672154
19148,1437154873320,-6.441001,7.241263,-1.0241197
19149,1437154873341,-6.417059,7.2723875,-0.99898064
19150,1437154873360,-6.3685765,7.270592,-0.9923966
19151,1437154873380,-6.3619924,7.305308,-1.0187328
19152,1437154873401,-6.4505777,7.2963295,-0.98581254
19153,1437154873420,-6.407482,7.295731,-1.0061632
19154,1437154873440,-6.4840965,7.269395,-0.98820674
19155,1437154873461,-6.4631476,7.177817,-0.95109665
19156,1437154873485,-6.491878,7.1395097,-0.9415198
19157,1437154873505,-6.567295,7.114969,-0.9498995
19158,1437154873521,-6.613384,7.1155677,-0.9008184
19159,1437154873541,-6.757634,7.1610575,-0.90740246
19160,1437154873563,-6.6804214,7.0700774,-0.89603
19161,1437154873583,-6.6762314,7.0622964,-0.86610246
19162,1437154873605,-6.6852098,7.0485296,-0.95708215
19163,1437154873623,-6.6403184,7.101801,-0.97743285
19164,1437154873642,-6.5230026,7.0970125,-1.0067618
19165,1437154873662,-6.517017,7.0712748,-1.0324994
19166,1437154873684,-6.564901,7.08564,-1.0145429
19167,1437154873708,-6.5631056,7.0587053,-1.0833763
19168,1437154873723,-6.655881,7.3364325,-1.1552023
19169,1437154873747,-6.523601,7.2209125,-1.2413936
19170,1437154873762,-6.293758,7.140108,-0.8678981
19171,1437154873783,-6.3141084,7.181408,-1.0773908
19172,1437154873802,-6.415862,7.3178773,-1.2240356
19173,1437154873822,-6.22672,7.147889,-1.0510546
19174,1437154873847,-6.463746,7.3962874,-1.1019313
19175,1437154873862,-6.501455,7.3406224,-1.2964603
19176,1437154873884,-6.1447186,7.291541,-1.0779893
19177,1437154873902,-6.2889695,7.2646065,-1.2515689
19178,1437154873924,-6.425439,7.3819222,-1.3000516
19179,1437154873965,-6.795343,7.450157,-1.3138182
19180,1437154873966,-6.531382,7.211934,-1.4095862
19181,1437154873982,-6.266823,7.1903863,-1.198298
19182,1437154874001,-6.600814,7.0952168,-1.3551182
19183,1437154874024,-6.5906386,7.2484455,-1.2360066
19184,1437154874041,-6.611588,7.129933,-1.3251907
19185,1437154874061,-6.622362,7.1089835,-1.2575544
19186,1437154874082,-6.8731546,7.0090256,-1.2419921
19187,1437154874102,-6.6492968,7.0132155,-1.2575544
19188,1437154874123,-6.819285,7.035362,-1.2808979
19189,1437154874145,-6.652888,6.9946604,-1.1833342
19190,1437154874163,-6.6864066,6.9892735,-1.1133038
19191,1437154874183,-6.6630635,6.952163,-1.0588357
19192,1437154874204,-7.073669,7.1844006,-1.2401965
19193,1437154874224,-6.319495,6.871359,-0.985214
19194,1437154874245,-6.517017,6.8162923,-1.1552023
19195,1437154874262,-6.6445084,7.1245456,-1.1324574
19196,1437154874284,-6.754043,6.9958572,-1.1941081
19197,1437154874305,-6.6325374,7.1209545,-1.2108675
19198,1437154874324,-6.8611836,7.145495,-1.2797008
19199,1437154874343,-6.7863646,7.141904,-1.2150574
19200,1437154874363,-6.6295447,7.1383123,-1.1976994
19201,1437154874382,-6.4817023,7.180211,-1.1773487
19202,1437154874402,-6.4380083,7.1826053,-1.1186907
19203,1437154874423,-6.539762,7.301717,-1.1528081
19204,1437154874446,-6.461352,7.201759,-1.1629834
19205,1437154874463,-6.441001,7.1622543,-1.0929531
19206,1437154874486,-6.5523314,7.1790137,-1.1725603
19207,1437154874506,-6.570288,7.185598,-1.1097125
19208,1437154874522,-6.535572,7.165846,-1.1133038
19209,1437154874542,-6.479907,7.1263413,-1.1055226
19210,1437154874563,-6.465542,7.173627,-1.1180922
19211,1437154874584,-6.505645,7.1502833,-1.134253
19212,1437154874655,-6.547543,7.2125325,-1.1264719
19213,1437154874660,-6.4948707,7.193379,-1.1671734
19214,1437154874661,-6.582259,7.2364745,-1.1324574
19215,1437154874677,-6.5816603,7.2059484,-1.1444284
19216,1437154874685,-6.5858502,7.15986,-1.1168951
19217,1437154874703,-6.591237,7.140108,-1.0576386
19218,1437154874724,-6.4948707,7.091625,-1.0019734
19219,1437154874742,-6.5271926,7.1472907,-1.0516531
19220,1437154874771,-6.59423,7.191583,-1.0420763
19221,1437154874796,-6.537368,7.2304893,-1.0354922
19222,1437154874804,-6.4242415,7.21373,-1.0480618
19223,1437154874824,-6.38773,7.256227,-1.0875661
19224,1437154874844,-6.3260794,7.297527,-1.1444284
19225,1437154874864,-6.35062,7.33763,-1.1665748
19226,1437154874883,-6.4577603,7.3723454,-1.2473791
19227,1437154874906,-6.4427967,7.2783732,-1.228824
19228,1437154874926,-6.405088,7.2298903,-1.2431892
19229,1437154874946,-6.535572,7.2227077,-1.2425907
19230,1437154874966,-6.6187706,7.161656,-1.1833342
19231,1437154874983,-6.642114,7.069479,-1.1869255
19232,1437154875004,-6.588843,6.996456,-1.1444284
19233,1437154875026,-6.7121444,6.987478,-1.1378443
19234,1437154875046,-6.716933,6.999449,-1.1988965
19235,1437154875069,-6.806117,7.0467343,-1.1534066
19236,1437154875085,-6.681618,7.079654,-1.1468226
19237,1437154875106,-6.6762314,7.0700774,-1.1384429
19238,1437154875126,-6.6534867,7.1472907,-1.1288661
19239,1437154875146,-6.5589156,7.1275387,-1.1390414
19240,1437154875164,-6.4924765,7.157466,-1.1438298
19241,1437154875185,-6.491279,7.1748238,-1.1749545
19242,1437154875205,-6.343437,7.1526775,-1.2114661
19243,1437154875224,-6.451775,7.1664443,-1.2060791
19244,1437154875246,-6.5505357,7.2262993,-1.2539631
19245,1437154875264,-6.587646,7.215525,-1.2431892
19246,1437154875283,-6.473323,7.1502833,-1.1623849
19247,1437154875303,-6.3991027,7.2364745,-1.1851299
19248,1437154875333,-6.4416,7.2580223,-1.2234371
19249,1437154875394,-6.405687,7.315483,-1.2431892
19250,1437154875395,-6.315904,7.2951326,-1.2922704
19251,1437154875396,-6.3338604,7.3083005,-1.2856863
19252,1437154875414,-6.379949,7.3340383,-1.3192052
19253,1437154875423,-6.4152637,7.3112936,-1.3305776
19254,1437154875446,-6.3829417,7.345411,-1.3341689
19255,1437154875464,-6.4469867,7.3448124,-1.4012065
19256,1437154875500,-6.3865333,7.2885485,-1.3862427
19257,1437154875515,-6.4505777,7.240066,-1.3694834
19258,1437154875525,-6.4577603,7.2550297,-1.4269443
19259,1437154875544,-6.519411,7.2550297,-1.4197617
19260,1437154875564,-6.476914,7.240066,-1.4287399
19261,1437154875587,-6.417658,7.1885905,-1.4311341
19262,1437154875604,-6.455965,7.1634517,-1.4257472
19263,1437154875627,-6.4541693,7.1646485,-1.436521
19264,1437154875647,-6.463746,7.215525,-1.4526819
19265,1437154875664,-6.477513,7.2029557,-1.4532804
19266,1437154875687,-6.5259953,7.1706343,-1.4059949
19267,1437154875705,-6.481104,7.137714,-1.4024036
19268,1437154875724,-6.494272,7.121553,-1.3784616
19269,1437154875747,-6.533178,7.1131735,-1.3928268
19270,1437154875764,-6.5601125,7.08983,-1.4000094
19271,1437154875790,-6.6175733,7.089231,-1.4143747
19272,1437154875805,-6.613384,7.1191587,-1.4454993
19273,1437154875828,-6.619369,7.1431007,-1.4700398
19274,1437154875850,-6.6163764,7.1460934,-1.520318
19275,1437154875868,-6.5924344,7.145495,-1.5263035
19276,1437154875887,-6.4846954,7.165247,-1.4826094
19277,1437154875905,-6.5523314,7.2149267,-1.4676456
19278,1437154875924,-6.4882865,7.229292,-1.4682442
19279,1437154875944,-6.375759,7.2167225,-1.4502877
19280,1437154875970,-6.3446345,7.221511,-1.4921862
19281,1437154875989,-6.315904,7.2699933,-1.484405
19282,1437154876010,-6.3913217,7.3226657,-1.5059528
19283,1437154876026,-6.3302693,7.285556,-1.4718355
19284,1437154876047,-6.3793507,7.291541,-1.4969746
19285,1437154876111,-6.4266357,7.3071036,-1.5227122
19286,1437154876112,-6.39192,7.2472486,-1.4269443
19287,1437154876113,-6.3787518,7.2664022,-1.4466964
19288,1437154876134,-6.4164605,7.285556,-1.4347254
19289,1437154876144,-6.3542113,7.2508397,-1.4263457
19290,1437154876165,-6.3512187,7.2670007,-1.4287399
19291,1437154876185,-6.343437,7.29214,-1.4431051
19292,1437154876205,-6.315904,7.3232646,-1.4718355
19293,1437154876225,-6.339846,7.315483,-1.4730326
19294,1437154876244,-6.3362546,7.302315,-1.4754268
19295,1437154876270,-6.3847375,7.261614,-1.4544775
19296,1437154876285,-6.3991027,7.213131,-1.4329298
19297,1437154876306,-6.3703723,7.1407065,-1.407192
19298,1437154876324,-6.417658,7.1395097,-1.412579
19299,1437154876346,-6.493075,7.1610575,-1.4850036
19300,1437154876368,-6.4224463,7.2071457,-1.5286977
19301,1437154876386,-6.4224463,7.240066,-1.5891514
19302,1437154876407,-6.534375,7.180211,-1.5622166
19303,1437154876426,-6.570288,7.2203135,-1.5777789
19304,1437154876446,-6.5984197,7.171831,-1.5711949
19305,1437154876468,-6.483498,7.1460934,-1.5316905
19306,1437154876486,-6.5625067,7.169437,-1.5466543
19307,1437154876508,-6.5325794,7.1826053,-1.560421
19308,1437154876525,-6.482301,7.1365166,-1.5693992
19309,1437154876547,-6.4745197,7.1466923,-1.5849615
19310,1437154876566,-6.527791,7.1341224,-1.5598224
19311,1437154876641,-6.5696893,7.1371155,-1.5825673
19312,1437154876642,-6.4858923,7.0569096,-1.5382746
19313,1437154876643,-6.569091,7.07726,-1.5263035
19314,1437154876644,-6.6546836,7.120356,-1.5448587
19315,1437154876664,-6.6349316,7.07726,-1.5059528
19316,1437154876685,-6.533178,7.079056,-1.5131354
19317,1437154876705,-6.5188127,7.0946183,-1.5113398
19318,1437154876724,-6.4948707,7.1514807,-1.5376761
19319,1437154876745,-6.459556,7.16824,-1.5879543
19320,1437154876764,-6.452972,7.2047515,-1.6011224
19321,1437154876809,-6.5032506,7.1867948,-1.5903485
19322,1437154876810,-6.5625067,7.216124,-1.5801731
19323,1437154876830,-6.5906386,7.153875,-1.5245079
19324,1437154876845,-6.5631056,7.086837,-1.5149311
19325,1437154876865,-6.551733,7.0700774,-1.4903905
19326,1437154876885,-6.611588,7.0569096,-1.4856021
19327,1437154876905,-6.583456,7.03177,-1.4718355
19328,1437154876925,-6.6241574,7.059902,-1.4856021
19329,1437154876945,-6.546346,7.08145,-1.4718355
19330,1437154876965,-6.4541693,7.101801,-1.5179238
19331,1437154876992,-6.5505357,7.1275387,-1.5209166
19332,1437154877005,-6.5265937,7.1820064,-1.5795746
19333,1437154877025,-6.6187706,7.1724296,-1.5795746
19334,1437154877045,-6.528988,7.0826473,-1.5664065
19335,1437154877065,-6.5445504,7.0994067,-1.5646108
19336,1437154877087,-6.613982,7.1113777,-1.5598224
19337,1437154877109,-6.579266,7.08983,-1.5442601
19338,1437154877129,-6.5283895,7.0712748,-1.5490485
19339,1437154877148,-6.4511766,7.1233487,-1.6017209
19340,1437154877168,-6.553529,7.2448545,-1.6980876
19341,1437154877188,-6.4882865,7.1945763,-1.6998832
19342,1437154877206,-6.3925185,7.16405,-1.6927006
19343,1437154877228,-6.6079965,7.1993647,-1.697489
19344,1437154877248,-6.699575,7.156269,-1.6885108
19345,1437154877268,-6.723517,7.221511,-1.584363
19346,1437154877288,-6.827066,7.256227,-1.6065093
19347,1437154877307,-6.6852098,7.305308,-1.5807717
19348,1437154877326,-6.5146227,7.191583,-1.5717934
19349,1437154877346,-6.291962,6.9407907,-1.4903905
19350,1437154877366,-6.393716,6.9731126,-1.3581109
19351,1437154877388,-6.8869214,7.2753806,-1.3910311
19352,1437154877421,-6.576872,6.9024835,-1.377863
19353,1437154877424,-6.405687,6.6983776,-1.0941502
19354,1437154877444,-7.2849574,6.956353,-1.1474211
19355,1437154877464,-6.987478,6.63972,-1.2779051
19356,1437154877484,-6.795343,6.531382,-0.908001
19357,1437154877504,-7.0646906,6.4966664,-1.2366052
19358,1437154877527,-7.1275387,6.742072,-1.1288661
19359,1437154877544,-6.757634,6.5720835,-1.168969
19360,1437154877566,-6.7708025,6.7887588,-1.1617863
19361,1437154877587,-6.949769,6.9318123,-1.2509704
19362,1437154877614,-6.623559,7.018004,-1.2593501
19363,1437154877624,-6.637924,6.987478,-1.2258313
19364,1437154877644,-6.3685765,7.052121,-1.3210008
19365,1437154877665,-6.4182563,7.1844006,-1.2306197
19366,1437154877685,-6.5146227,7.4190326,-1.3449428
19367,1437154877705,-6.271013,7.44896,-1.3928268
19368,1437154877725,-6.047155,7.429806,-1.3581109
19369,1437154877745,-5.919664,7.5201874,-1.435324
19370,1437154877765,-5.966949,7.581838,-1.4772224
19371,1437154877785,-5.879561,7.560889,-1.5125369
19372,1437154877805,-6.0064535,7.566276,-1.5454572
19373,1437154877829,-6.0716953,7.5561004,-1.5705963
19374,1437154877847,-5.966949,7.5136037,-1.5933412
19375,1437154877865,-6.0130377,7.5644803,-1.6286557
19376,1437154877889,-6.043564,7.4830775,-1.6412252
19377,1437154877907,-6.0483522,7.422025,-1.6448165
19378,1437154877927,-6.1626754,7.386112,-1.7022774
19379,1437154877948,-6.2404866,7.3645644,-1.7070658
19380,1437154877967,-6.375759,7.297527,-1.6777369
19381,1437154877987,-6.555923,7.2406645,-1.690905
19382,1437154878006,-6.6002154,7.253833,-1.6921021
19383,1437154878028,-6.5391636,7.1568675,-1.7184383
19384,1437154878050,-6.5469446,7.129933,-1.6753427
19385,1437154878069,-6.534375,7.0940194,-1.6867151
19386,1437154878089,-6.588843,7.083844,-1.654992
19387,1437154878109,-6.627749,7.123947,-1.6956934
19388,1437154878126,-6.658275,7.119757,-1.7298107
19389,1437154878194,-6.7360864,7.0820484,-1.7274165
19390,1437154878195,-6.758233,7.105392,-1.7082629
19391,1437154878196,-6.7929487,7.107786,-1.6454151
19392,1437154878206,-6.642114,7.091027,-1.5885528
19393,1437154878226,-6.534375,7.0593038,-1.5245079
19394,1437154878259,-6.5840545,7.0874357,-1.4808137
19395,1437154878300,-6.6026096,7.028179,-1.3928268
19396,1437154878301,-6.609194,6.963536,-1.2797008
19397,1437154878373,-6.619968,6.947375,-1.2330139
19398,1437154878374,-6.63972,6.929418,-1.2306197
19399,1437154878375,-6.570288,6.879739,-1.1941081
19400,1437154878376,-6.5960255,6.8881183,-1.2437878
19401,1437154878386,-6.673837,6.944382,-1.3275849
19402,1437154878412,-6.666056,6.9407907,-1.3383588
19403,1437154878427,-6.6983776,7.043741,-1.3946224
19404,1437154878449,-6.685808,7.102998,-1.5173253
19405,1437154878466,-6.607398,7.1592617,-1.5873557
19406,1437154878489,-6.6067996,7.2394676,-1.7172412
19407,1437154878510,-6.567894,7.2646065,-1.7890673
19408,1437154878529,-6.518214,7.228095,-1.8034325
19409,1437154878549,-6.579266,7.20954,-1.7770962
19410,1437154878569,-6.655282,7.1407065,-1.7250223
19411,1437154878589,-6.681618,7.067683,-1.6214731
19412,1437154878609,-6.7025676,6.988076,-1.5688007
19413,1437154878629,-6.715137,6.935404,-1.4454993
19414,1437154878648,-6.779781,6.857592,-1.3976152
19415,1437154878670,-6.7612257,6.8557963,-1.3461399
19416,1437154878689,-6.767211,6.815095,-1.3257892
19417,1437154878709,-6.739079,6.8330517,-1.3186066
19418,1437154878729,-6.82946,6.8306575,-1.3245921
19419,1437154878750,-6.847417,6.877943,-1.3221979
19420,1437154878771,-6.823475,6.835446,-1.2922704
19421,1437154878789,-6.7809777,6.849811,-1.2880806
19422,1437154878810,-6.691195,6.8462195,-1.3293805
19423,1437154878830,-6.7648168,6.9252286,-1.3186066
19424,1437154878849,-6.743269,6.9623384,-1.3569138
19425,1437154878870,-6.6486983,6.994062,-1.3730747
19426,1437154878888,-6.566098,7.047931,-1.4167689
19427,1437154878908,-6.519411,7.1065893,-1.4317327
19428,1437154878975,-6.4990606,7.1502833,-1.417966
19429,1437154878976,-6.5547256,7.221511,-1.4437037
19430,1437154878977,-6.5708866,7.2179193,-1.448492
19431,1437154878991,-6.429629,7.173627,-1.4323312
19432,1437154879008,-6.4218473,7.16405,-1.4616601
19433,1437154879032,-6.4362125,7.1766195,-1.4688427
19434,1437154879047,-6.4218473,7.21373,-1.4808137
19435,1437154879075,-6.420052,7.235876,-1.5400703
19436,1437154879092,-6.3769565,7.228095,-1.5562311
19437,1437154879109,-6.407482,7.1993647,-1.5855601
19438,1437154879129,-6.421249,7.1849995,-1.5753847
19439,1437154879148,-6.4667387,7.149685,-1.5275006
19440,1437154879172,-6.616975,7.0946183,-1.5053543
19441,1437154879188,-6.6265516,7.062895,-1.5023615
19442,1437154879210,-6.600814,6.9838862,-1.4688427
19443,1437154879230,-6.6630635,6.987478,-1.4239515
19444,1437154879250,-6.6187706,6.944382,-1.4209588
19445,1437154879270,-6.6241574,6.9485717,-1.4215573
19446,1437154879290,-6.7827735,7.0305734,-1.460463
19447,1437154879310,-6.7983356,7.0341644,-1.4862007
19448,1437154879330,-6.7648168,7.001843,-1.447295
19449,1437154879350,-6.637326,6.964134,-1.4275428
19450,1437154879369,-6.673837,6.994062,-1.3670892
19451,1437154879388,-6.746262,7.0700774,-1.4041992
19452,1437154879410,-6.6415157,7.031172,-1.4036007
19453,1437154879430,-6.5750766,7.008427,-1.3970166
19454,1437154879449,-6.5666966,7.025785,-1.417966
19455,1437154879470,-6.6480994,7.025785,-1.453879
19456,1437154879488,-6.647501,7.0012445,-1.4395138
19457,1437154879510,-6.695385,7.0048356,-1.4676456
19458,1437154879530,-6.805518,7.0407486,-1.496376
19459,1437154879549,-6.791153,6.9557543,-1.4490906
19460,1437154879570,-6.697779,6.895301,-1.4496891
19461,1437154879596,-6.823475,6.906075,-1.3982137
19462,1437154879618,-6.8522053,6.859388,-1.3844471
19463,1437154879630,-6.851008,6.8228765,-1.359308
19464,1437154879709,-6.8162923,6.8049197,-1.388637
19465,1437154879710,-6.7863646,6.747459,-1.364695
19466,1437154879711,-6.839636,6.735488,-1.3694834
19467,1437154879712,-6.9048777,6.755839,-1.3575124
19468,1437154879728,-6.8988924,6.739678,-1.3796587
19469,1437154879748,-6.9826894,6.7468605,-1.3575124
19470,1437154879769,-7.005434,6.712743,-1.3694834
19471,1437154879788,-7.0305734,6.727108,-1.3904326
19472,1437154879813,-6.9731126,6.735488,-1.401805
19473,1437154879829,-6.9078703,6.6989765,-1.4323312
19474,1437154879849,-6.941389,6.7241154,-1.4329298
19475,1437154879874,-6.980295,6.733692,-1.4526819
19476,1437154879889,-7.0090256,6.75943,-1.4359225
19477,1437154879911,-6.9342065,6.76362,-1.4119805
19478,1437154879931,-6.9264255,6.797737,-1.4305356
19479,1437154879951,-6.8970966,6.8222775,-1.4407109
19480,1437154879971,-6.8557963,6.8444242,-1.483208
19481,1437154879991,-6.815694,6.8569937,-1.5065514
19482,1437154880009,-6.819285,6.8252707,-1.5197195
19483,1437154880031,-6.83784,6.8210807,-1.4927847
19484,1437154880051,-6.830059,6.737882,-1.4628572
19485,1437154880071,-6.857592,6.743868,-1.4532804
19486,1437154880091,-6.9719152,6.7564373,-1.5269021
19487,1437154880109,-6.974908,6.701969,-1.4856021
19488,1437154880131,-6.9569516,6.7109475,-1.5179238
19489,1437154880151,-7.0108213,6.7253127,-1.5676036
19490,1437154880170,-6.989872,6.7360864,-1.5436616
19491,1437154880191,-6.9844847,6.737882,-1.5813702
19492,1437154880208,-6.9503675,6.7265096,-1.5897499
19493,1437154880231,-6.9461775,6.727707,-1.6106992
19494,1437154880251,-6.967127,6.736685,-1.5735891
19495,1437154880272,-6.9988503,6.740875,-1.5472529
19496,1437154880291,-6.964134,6.735488,-1.4885949
19497,1437154880308,-6.935404,6.7348895,-1.4628572
19498,1437154880330,-6.907272,6.7564373,-1.4119805
19499,1437154880350,-6.911462,6.787562,-1.4425066
19500,1437154880381,-6.8839283,6.785766,-1.4239515
19501,1437154880451,-6.735488,6.76362,-1.4437037
19502,1437154880452,-6.8384385,6.839037,-1.4850036
19503,1437154880453,-6.8623805,6.8528037,-1.4939818
19504,1437154880454,-6.8581905,6.8683662,-1.489792
19505,1437154880470,-6.7749925,6.8402343,-1.472434
19506,1437154880493,-6.7929487,6.904279,-1.5065514
19507,1437154880509,-6.8480153,6.95755,-1.5233108
19508,1437154880528,-6.7211227,6.941988,-1.5544355
19509,1437154880554,-6.657078,6.9240313,-1.543063
19510,1437154880570,-6.6229606,6.935404,-1.5466543
19511,1437154880593,-6.6762314,6.9796963,-1.5616181
19512,1437154880617,-6.7091517,6.981492,-1.532289
19513,1437154880634,-6.625355,6.9605427,-1.5071499
19514,1437154880650,-6.729502,6.999449,-1.5532384
19515,1437154880675,-6.7402763,6.995259,-1.5191209
19516,1437154880689,-6.6726403,6.981492,-1.5035586
19517,1437154880715,-6.679224,7.0036387,-1.5089456
19518,1437154880738,-6.688801,7.01142,-1.4766239
19519,1437154880858,-6.691794,7.01142,-1.4850036
19520,1437154880859,-6.681618,7.0102224,-1.4730326
19521,1437154880860,-6.661866,7.015011,-1.460463
19522,1437154880861,-6.6600704,7.0305734,-1.4921862
19523,1437154880862,-6.6325374,7.019201,-1.477821
19524,1437154880863,-6.6480994,7.0024414,-1.4856021
19525,1437154880900,-6.6606693,6.977901,-1.46585
19526,1437154880901,-6.691195,6.925827,-1.4562732
19527,1437154880909,-6.7480574,6.9228344,-1.4383167
19528,1437154880928,-6.7869635,6.8970966,-1.4101849
19529,1437154880950,-6.703765,6.8767457,-1.4305356
19530,1437154880969,-6.716933,6.8851256,-1.4197617
19531,1437154880989,-6.779781,6.9246297,-1.453879
19532,1437154881008,-6.8198833,6.9366007,-1.429937
19533,1437154881029,-6.8240733,6.9557543,-1.4024036
19534,1437154881054,-6.723517,6.9892735,-1.411382
19535,1437154881076,-6.681618,7.023989,-1.447295
19536,1437154881090,-6.619968,7.0569096,-1.4628572
19537,1437154881174,-6.5385647,7.098808,-1.5125369
19538,1437154881175,-6.481104,7.135918,-1.5215151
19539,1437154881176,-6.503849,7.177218,-1.4915876
19540,1437154881177,-6.5265937,7.1724296,-1.5173253
19541,1437154881191,-6.483498,7.157466,-1.4742297
19542,1437154881209,-6.546346,7.1664443,-1.5239093
19543,1437154881229,-6.5307837,7.1407065,-1.4808137
19544,1437154881249,-6.5307837,7.1472907,-1.4514848
19545,1437154881271,-6.5565214,7.1466923,-1.4682442
19546,1437154881289,-6.566098,7.1209545,-1.4227544
19547,1437154881309,-6.566098,7.1185603,-1.4562732
19548,1437154881332,-6.5505357,7.1065893,-1.4311341
19549,1437154881352,-6.5523314,7.1305313,-1.4676456
19550,1437154881372,-6.5230026,7.1329255,-1.4269443
19551,1437154881390,-6.5547256,7.121553,-1.4275428
19552,1437154881409,-6.558317,7.1023993,-1.3850456
19553,1437154881432,-6.587646,7.0329676,-1.3736732
19554,1437154881452,-6.59004,6.9928646,-1.3455414
19555,1437154881473,-6.6367273,6.989872,-1.3102269
19556,1437154881492,-6.671443,6.9826894,-1.3174095
19557,1437154881513,-6.6229606,7.0245876,-1.3587095
19558,1437154881530,-6.633734,7.0605006,-1.4401124
19559,1437154881550,-6.637924,7.1155677,-1.4909891
19560,1437154881576,-6.6762314,7.1514807,-1.5089456
19561,1437154881588,-6.67683,7.119757,-1.4532804
19562,1437154881611,-6.616975,7.1167645,-1.4478935
19563,1437154881633,-6.6229606,7.1107793,-1.4257472
19564,1437154881650,-6.59423,7.1329255,-1.3880384
19565,1437154881673,-6.523601,7.1233487,-1.4149733
19566,1437154881693,-6.38354,7.1329255,-1.4239515
19567,1437154881713,-6.331466,7.2089415,-1.4520833
19568,1437154881733,-6.3153057,7.2089415,-1.4413095
19569,1437154881751,-6.3272767,7.2729864,-1.4460979
19570,1437154881771,-6.4248405,7.2873516,-1.4993688
19571,1437154881799,-6.4487824,7.303512,-1.4616601
19572,1437154881856,-6.4326215,7.2711906,-1.4867992
19573,1437154881857,-6.425439,7.257424,-1.4682442
19574,1437154881858,-6.487688,7.275979,-1.4580688
19575,1437154881869,-6.5259953,7.259818,-1.4730326
19576,1437154881890,-6.477513,7.189788,-1.4191631
19577,1437154881917,-6.4619503,7.1329255,-1.4119805
19578,1437154881930,-6.4948707,7.0826473,-1.364695
19579,1437154881952,-6.581062,7.052121,-1.323395
19580,1437154881971,-6.6630635,7.0587053,-1.292869
19581,1437154881991,-6.689998,7.052121,-1.2659341
19582,1437154882013,-6.6504936,7.0425444,-1.2916719
19583,1437154882031,-6.579865,7.0700774,-1.292869
19584,1437154882054,-6.5631056,7.065289,-1.3036429
19585,1437154882070,-6.467936,7.101202,-1.3281834
19586,1437154882093,-6.5750766,7.143699,-1.3084313
19587,1437154882112,-6.5445504,7.1622543,-1.3156139
19588,1437154882133,-6.578069,7.1861963,-1.3401544
19589,1437154882153,-6.513426,7.195773,-1.3156139
19590,1437154882173,-6.4308257,7.2388687,-1.3204023
19591,1437154882193,-6.43322,7.2819643,-1.364695
19592,1437154882213,-6.4631476,7.3208704,-1.3652935
19593,1437154882233,-6.3979053,7.301717,-1.400608
19594,1437154882254,-6.362591,7.2646065,-1.3910311
19595,1437154882271,-6.4026937,7.265804,-1.388637
19596,1437154882293,-6.411672,7.245453,-1.3323733
19597,1437154882310,-6.3721676,7.1945763,-1.3449428
19598,1437154882330,-6.5218053,7.2233067,-1.3748703
19599,1437154882350,-6.575675,7.2083426,-1.352724
19600,1437154882375,-6.6109896,7.179612,-1.3162124
19601,1437154882396,-6.623559,7.1550717,-1.3431472
19602,1437154882416,-6.646304,7.116166,-1.2910733
19603,1437154882433,-6.5655,7.053318,-1.270124
19604,1437154882450,-6.583456,7.0221934,-1.2629414
19605,1437154882471,-6.623559,7.013814,-1.292869
19606,1437154882492,-6.651691,6.981492,-1.2300211
19607,1437154882510,-6.71813,6.965331,-1.2252327
19608,1437154882530,-6.724714,6.9886746,-1.2216414
19609,1437154882571,-6.7318964,6.9844847,-1.1988965
19610,1437154882572,-6.697779,7.0341644,-1.2336124
19611,1437154882590,-6.6469026,7.059902,-1.2551602
19612,1437154882610,-6.6349316,7.0946183,-1.2575544
19613,1437154882630,-6.5607114,7.1131735,-1.2850877
19614,1437154882654,-6.541558,7.1490865,-1.2904748
19615,1437154882670,-6.6002154,7.143699,-1.2862848
19616,1437154882690,-6.546346,7.152079,-1.2653356
19617,1437154882713,-6.625355,7.1209545,-1.2437878
19618,1437154882731,-6.523601,7.1155677,-1.234211
19619,1437154882755,-6.537368,7.1227503,-1.2348095
19620,1437154882770,-6.541558,7.1287355,-1.2635399
19621,1437154882792,-6.5259953,7.120356,-1.2671312
19622,1437154882814,-6.5086374,7.1407065,-1.2904748
19623,1437154882834,-6.4924765,7.1730285,-1.316811
19624,1437154882854,-6.52001,7.1748238,-1.3227965
19625,1437154882871,-6.4631476,7.144298,-1.3138182
19626,1437154882894,-6.530185,7.1867948,-1.3012487
19627,1437154882914,-6.6247563,7.2268977,-1.3569138
19628,1437154882934,-6.587646,7.187992,-1.2761095
19629,1437154882954,-6.5589156,7.1873937,-1.3054385
19630,1437154882975,-6.543952,7.144298,-1.258153
19631,1437154882991,-6.5625067,7.1353197,-1.2354081
19632,1437154883014,-6.591836,7.117962,-1.2360066
19633,1437154883033,-6.567295,7.071873,-1.2060791
19634,1437154883054,-6.6044054,7.0706763,-1.2150574
19635,1437154883075,-6.664859,7.083844,-1.2395979
19636,1437154883094,-6.7211227,7.1191587,-1.2455834
19637,1437154883114,-6.689998,7.079056,-1.2443863
19638,1437154883134,-6.6486983,7.0862384,-1.228824
19639,1437154883154,-6.6774287,7.088034,-1.2192472
19640,1437154883173,-6.6642604,7.0754647,-1.18094
19641,1437154883194,-6.694188,7.071873,-1.1611878
19642,1437154883214,-6.612785,7.0227923,-1.1390414
19643,1437154883234,-6.5948286,7.033566,-1.134253
19644,1437154883257,-6.666056,7.0688806,-1.1731589
19645,1437154883334,-6.6504936,7.068282,-1.158195
19646,1437154883335,-6.6965823,7.037756,-1.1558008
19647,1437154883336,-6.619369,6.969521,-1.1001357
19648,1437154883337,-6.642114,7.000047,-1.1097125
19649,1437154883357,-6.679224,7.047333,-1.1025299
19650,1437154883400,-6.654085,7.08145,-1.1288661
19651,1437154883401,-6.563704,7.0808516,-1.1558008
19652,1437154883455,-6.541558,7.107786,-1.1833342
19653,1437154883456,-6.529587,7.135918,-1.2240356
19654,1437154883457,-6.491279,7.100005,-1.2449849
19655,1437154883493,-6.573281,7.1514807,-1.2503718
19656,1437154883494,-6.612785,7.1502833,-1.2773066
19657,1437154883511,-6.579865,7.1311297,-1.2252327
19658,1437154883532,-6.540959,7.144298,-1.2587515
19659,1437154883559,-6.5218053,7.1263413,-1.2252327
19660,1437154883573,-6.491878,7.195773,-1.2348095
19661,1437154883595,-6.4661403,7.2125325,-1.2773066
19662,1437154883613,-6.3991027,7.219715,-1.3036429
19663,1437154883634,-6.4260373,7.240066,-1.3700819
19664,1437154883655,-6.451775,7.267599,-1.3437457
19665,1437154883675,-6.4781113,7.234679,-1.3365631
19666,1437154883695,-6.4727244,7.183802,-1.3150153
19667,1437154883713,-6.5026517,7.1945763,-1.2856863
19668,1437154883735,-6.5655,7.1951747,-1.311424
19669,1437154883755,-6.5044475,7.1820064,-1.3036429
19670,1437154883774,-6.489484,7.1550717,-1.3371617
19671,1437154883792,-6.4840965,7.1544733,-1.377863
19672,1437154883813,-6.4727244,7.1329255,-1.3904326
19673,1437154883835,-6.591237,7.1365166,-1.4107834
19674,1437154883855,-6.637924,7.101202,-1.3976152
19675,1437154883875,-6.6840124,7.052121,-1.4107834
19676,1437154883893,-6.717531,6.977302,-1.3563153
19677,1437154883913,-6.664859,6.9371996,-1.3545196
19678,1437154883934,-6.706159,6.951565,-1.34195
19679,1437154883955,-6.827665,6.988076,-1.3359646
19680,1437154883975,-6.8426285,7.001843,-1.3551182
19681,1437154883995,-6.7468605,7.001843,-1.3850456
19682,1437154884012,-6.7199254,7.0024414,-1.4191631
19683,1437154884033,-6.7360864,7.0251865,-1.4024036
19684,1437154884053,-6.683414,6.9719152,-1.3820529
19685,1437154884125,-6.7827735,7.0144124,-1.4407109
19686,1437154884126,-6.7803793,6.9743094,-1.3347675
19687,1437154884127,-6.7923503,6.918046,-1.3293805
19688,1437154884144,-6.8007298,6.8462195,-1.3132197
19689,1437154884152,-6.8743515,6.845621,-1.2653356
19690,1437154884172,-6.9264255,6.8342485,-1.2683283
19691,1437154884192,-6.952163,6.841431,-1.1887212
19692,1437154884212,-6.8905125,6.8127007,-1.1474211
19693,1437154884238,-6.7887588,6.8091097,-1.1408371
19694,1437154884252,-6.7725983,6.881534,-1.1438298
19695,1437154884273,-6.7719994,6.968324,-1.1976994
19696,1437154884293,-6.7109475,7.025785,-1.2186487
19697,1437154884313,-6.5577183,7.0126166,-1.2503718
19698,1437154884333,-6.5379663,7.047333,-1.2683283
19699,1437154884355,-6.579266,7.0515227,-1.2707225
19700,1437154884375,-6.5487404,7.023989,-1.3186066
19701,1437154884395,-6.535572,7.1143703,-1.3509283
19702,1437154884413,-6.613982,7.1754227,-1.429937
19703,1437154884434,-6.487688,7.2580223,-1.4287399
19704,1437154884455,-6.4392056,7.3328414,-1.4173675
19705,1437154884475,-6.371569,7.3986816,-1.423353
19706,1437154884495,-6.3709707,7.414244,-1.3928268
19707,1437154884515,-6.331466,7.3723454,-1.3257892
19708,1437154884538,-6.27221,7.3687544,-1.2886791
19709,1437154884555,-6.282984,7.2939353,-1.2623428
19710,1437154884579,-6.2925606,7.2729864,-1.246182
19711,1437154884609,-6.2763996,7.2268977,-1.2252327
19712,1437154884612,-6.2859764,7.229292,-1.2509704
19713,1437154884633,-6.351817,7.2394676,-1.2659341
19714,1437154884652,-6.3847375,7.244256,-1.340753
19715,1437154884672,-6.3721676,7.291541,-1.3497312
19716,1437154884692,-6.505645,7.3310456,-1.4239515
19717,1437154884713,-6.5643024,7.353192,-1.3892355
19718,1437154884732,-6.453571,7.325659,-1.400608
19719,1437154884753,-6.459556,7.2951326,-1.3748703
19720,1437154884773,-6.4469867,7.2861543,-1.359308
19721,1437154884799,-6.4685345,7.2185183,-1.3605051
19722,1437154884862,-6.5002575,7.1754227,-1.3042414
19723,1437154884863,-6.530185,7.1371155,-1.283292
19724,1437154884864,-6.567295,7.1059904,-1.2545617
19725,1437154884876,-6.6564794,7.0952168,-1.246182
19726,1437154884894,-6.669647,7.069479,-1.2665327
19727,1437154884915,-6.6642604,7.03596,-1.258153
19728,1437154884932,-6.646304,6.9647326,-1.2569559
19729,1437154884953,-6.6947865,6.968324,-1.2306197
19730,1437154884973,-6.7749925,6.9719152,-1.2545617
19731,1437154884994,-6.777985,6.9503675,-1.2036849
19732,1437154885015,-6.8085113,6.953959,-1.1815386
19733,1437154885036,-6.8450227,6.9743094,-1.1617863
19734,1437154885053,-6.725911,6.9126587,-1.1480197
19735,1437154885076,-6.7989345,6.9719152,-1.1647792
19736,1437154885096,-6.751649,6.9222355,-1.1905168
19737,1437154885116,-6.7229185,6.9264255,-1.1785458
19738,1437154885138,-6.7773867,6.921637,-1.2054806
19739,1437154885154,-6.7103486,6.906075,-1.1953052
19740,1437154885176,-6.7654157,6.9587474,-1.1887212
19741,1437154885196,-6.7767878,6.992266,-1.2054806
19742,1437154885216,-6.6492968,6.9623384,-1.252766
19743,1437154885233,-6.6241574,7.023391,-1.2755109
19744,1437154885260,-6.6241574,7.041347,-1.3305776
19745,1437154885274,-6.5966244,7.098808,-1.3455414
19746,1437154885296,-6.6325374,7.1221514,-1.3581109
19747,1437154885315,-6.7402763,7.2711906,-1.3748703
19748,1437154885335,-6.791752,7.2310877,-1.4095862
19749,1437154885353,-6.5984197,7.1287355,-1.3347675
19750,1437154885376,-6.6510925,7.074866,-1.3461399
19751,1437154885396,-6.782175,7.012018,-1.352724
19752,1437154885416,-6.8025255,6.9102645,-1.3036429
19753,1437154885436,-6.8079123,6.7600284,-1.2856863
19754,1437154885454,-6.8240733,6.6385226,-1.252766
19755,1437154885475,-6.873753,6.582259,-1.2180501
19756,1437154885496,-6.9731126,6.621165,-1.2072762
19757,1437154885514,-7.000047,6.6654577,-1.2276269
19758,1437154885585,-7.028179,6.7600284,-1.2605472
19759,1437154885586,-7.012018,6.847417,-1.2964603
19760,1437154885587,-6.932411,6.928221,-1.3323733
19761,1437154885604,-6.8318543,7.037756,-1.3862427
19762,1437154885613,-6.704962,7.08983,-1.4143747
19763,1437154885633,-6.600814,7.137714,-1.4155718
19764,1437154885655,-6.618172,7.1610575,-1.3700819
19765,1437154885673,-6.5427547,7.137714,-1.3515269
19766,1437154885693,-6.615778,7.068282,-1.2593501
19767,1437154885717,-6.9102645,6.8366427,-0.9403227
19768,1437154885734,-7.219715,6.6762314,-0.6913257
19769,1437154885755,-7.6524673,6.2339025,-0.492607
19770,1437154885774,-7.65127,5.952584,-0.4842273
19771,1437154885793,-8.15106,5.7640405,-0.6404489
19772,1437154885817,-8.485649,5.507262,-0.7553706
19773,1437154885834,-8.318654,5.4114943,-1.0055647
19774,1437154885856,-8.154053,5.626374,-1.4688427
19775,1437154885874,-7.7608047,5.943007,-2.1416135
19776,1437154885894,-7.309498,6.3284736,-2.4247277
19777,1437154885917,-6.911462,6.711546,-2.6360161
19778,1437154885934,-6.5589156,7.215525,-2.7976246
19779,1437154885957,-6.077681,7.663241,-2.8568811
19780,1437154885974,-5.6042275,8.061875,-2.7659016
19781,1437154886000,-5.1642933,8.429984,-2.7204118
19782,1437154886017,-4.9081135,8.709507,-2.415151
19783,1437154886036,-4.7578773,8.688558,-2.0667946
19784,1437154886061,-4.6279917,8.661025,-1.6352397
19785,1437154886075,-4.823718,8.381501,-1.2533646
19786,1437154886094,-5.2247467,8.124723,-0.9451111
19787,1437154886116,-5.637148,7.8410106,-0.6560113
19788,1437154886134,-5.7987566,7.639299,-0.6386533
19789,1437154886155,-6.2458735,7.3669586,-0.7248446
19790,1437154886175,-6.754043,7.1131735,-0.39145198
19791,1437154886196,-6.669647,7.125743,-0.44532153
19792,1437154886216,-6.445191,7.37055,-0.79607207
19793,1437154886235,-6.245275,7.454347,-0.7529764
19794,1437154886266,-6.084265,7.5668745,-0.7697359
19795,1437154886324,-6.0010667,7.61835,-0.9498995
19796,1437154886327,-5.957372,7.559692,-0.81522566
19797,1437154886329,-5.9358244,7.6231384,-0.75836337
19798,1437154886341,-6.030994,7.629722,-0.85532856
19799,1437154886354,-6.173449,7.5549035,-0.7685388
19800,1437154886376,-6.2464724,7.5614877,-0.6655881
19801,1437154886396,-6.1608796,7.5866265,-0.736217
19802,1437154886414,-6.1100025,7.5866265,-0.75716627
19803,1437154886434,-6.3206925,7.6123643,-0.8098387
19804,1437154886455,-6.2315083,7.5854297,-0.85772276
19805,1437154886476,-5.966949,7.52737,-0.8619126
19806,1437154886497,-6.0226145,7.4974427,-0.6973112
19807,1437154886516,-5.997475,7.5926123,-0.65421563
19808,1437154886534,-5.7724204,7.681796,-0.635062
19809,1437154886556,-5.5964465,7.755418,-0.59974754
19810,1437154886574,-5.163096,7.9451585,-0.5823896
19811,1437154886596,-5.207389,8.009203,-0.86370826
19812,1437154886617,-5.973533,8.121731,-1.0360907
19813,1437154886638,-6.2901664,8.023568,-1.2360066
19814,1437154886656,-5.899313,8.054693,-1.2779051
19815,1437154886676,-5.522825,8.193557,-1.4137762
19816,1437154886696,-5.2115784,8.267179,-1.5119383
19817,1437154886716,-5.2642508,8.222287,-1.4969746
19818,1437154886740,-5.777807,8.095993,-1.3150153
19819,1437154886756,-5.7598505,7.9583263,-1.2940661
19820,1437154886780,-5.4126916,7.763199,-1.3916297
19821,1437154886799,-5.5868697,7.563283,-1.3760674
19822,1437154886819,-6.2847795,7.510012,-1.5286977
19823,1437154886839,-6.953959,7.4495587,-1.3347675
19824,1437154886854,-6.7887588,7.213131,-1.1127052
19825,1437154886874,-6.3721676,7.093421,-0.89423436
19826,1437154886895,-6.445191,7.2185183,-0.97144735
19827,1437154886919,-6.4445925,7.1347213,-0.93852705
19828,1437154886941,-6.5589156,7.101801,-0.6721721
19829,1437154886960,-6.63972,7.1353197,-0.57400984
19830,1437154886979,-6.7893577,7.173627,-0.54887074
19831,1437154887000,-6.9689226,7.0742674,-0.40701428
19832,1437154887059,-6.6708446,6.8252707,-0.2112883
19833,1437154887060,-6.6989765,6.703765,0.19273324
19834,1437154887061,-6.811504,6.793547,0.17717093
19835,1437154887085,-6.8127007,6.935404,0.060453594
19836,1437154887095,-6.7546415,7.0329676,0.03172317
19837,1437154887116,-6.628946,7.177218,-0.08499416
19838,1437154887136,-6.6229606,7.228095,-0.11492168
19839,1437154887155,-6.539762,7.1826053,-0.10594343
19840,1437154887176,-6.6085954,7.1395097,-0.05327099
19841,1437154887196,-6.627749,7.050924,-0.035913024
19842,1437154887220,-6.6175733,6.9707184,0.062249243
19843,1437154887239,-6.627749,6.907272,0.030526072
19844,1437154887255,-6.613384,6.867768,0.04070143
19845,1437154887275,-6.867768,6.8689647,0.040102877
19846,1437154887298,-6.944382,6.8091097,-0.017357962
19847,1437154887318,-7.0036387,6.793547,-0.091578215
19848,1437154887339,-7.1460934,6.811504,-0.15322891
19849,1437154887358,-7.2723875,6.835446,-0.31304187
19850,1437154887378,-7.306505,6.8324533,-0.44352585
19851,1437154887398,-7.270592,6.825869,-0.5931635
19852,1437154887418,-7.271789,6.8198833,-0.6739678
19853,1437154887439,-7.3310456,6.7761893,-0.7404069
19854,1437154887460,-7.255628,6.71394,-0.80086046
19855,1437154887476,-7.1407065,6.6654577,-0.86251116
19856,1437154887498,-7.005434,6.5858502,-0.93014735
19857,1437154887518,-6.8611836,6.493075,-0.97025025
19858,1437154887538,-6.8127007,6.385336,-1.0121487
19859,1437154887559,-6.9731126,6.3344593,-0.96426475
19860,1437154887578,-7.1167645,6.3607955,-0.97144735
19861,1437154887595,-7.259818,6.39192,-0.90381116
19862,1437154887618,-7.304111,6.3865333,-0.90979666
19863,1437154887639,-7.2987237,6.413468,-0.9463082
19864,1437154887659,-7.2981253,6.447585,-0.83856916
19865,1437154887679,-7.161656,6.5445504,-0.8379706
19866,1437154887698,-7.0503254,6.6229606,-0.79966336
19867,1437154887718,-7.128137,6.7348895,-0.82001406
19868,1437154887736,-7.107786,6.819285,-0.95947635
19869,1437154887816,-7.117363,6.815694,-1.1001357
19870,1437154887817,-7.2580223,6.8318543,-1.1390414
19871,1437154887818,-7.2849574,6.739678,-1.1869255
19872,1437154887819,-7.141305,6.603208,-1.1599907
19873,1437154887836,-7.0048356,6.5666966,-1.1115081
19874,1437154887860,-7.1353197,6.567295,-1.0720038
19875,1437154887875,-7.0982094,6.494272,-1.0001777
19876,1437154887895,-7.001843,6.467936,-0.95229375
19877,1437154887929,-7.179612,6.530185,-0.9451111
19878,1437154887937,-7.2472486,6.551733,-0.9636662
19879,1437154887957,-7.2023573,6.543952,-0.93972415
19880,1437154887977,-7.1287355,6.5726824,-0.9995792
19881,1437154887995,-6.9330096,6.6391215,-0.973243
19882,1437154888019,-6.9599442,6.7965403,-1.0737995
19883,1437154888039,-6.95336,6.8198833,-1.1085154
19884,1437154888078,-6.941389,6.875549,-1.1390414
19885,1437154888079,-6.988076,6.91625,-1.1797429
19886,1437154888106,-6.9527617,6.8168907,-1.1402385
19887,1437154888179,-6.8264675,6.6642604,-1.1013328
19888,1437154888180,-6.9012866,6.711546,-1.079785
19889,1437154888181,-7.1305313,6.8384385,-1.06123
19890,1437154888182,-7.1448965,6.8761473,-1.103727
19891,1437154888195,-6.9503675,6.8282633,-1.1258733
19892,1437154888216,-6.854001,6.8372416,-1.1779473
19893,1437154888236,-6.7103486,6.8198833,-1.246182
19894,1437154888256,-6.618172,6.8947024,-1.283292
19895,1437154888276,-6.613384,6.967127,-1.3186066
19896,1437154888303,-6.700772,7.041347,-1.3227965
19897,1437154888323,-6.7923503,7.152079,-1.3257892
19898,1437154888335,-6.791153,7.1341224,-1.2611457
19899,1437154888355,-6.71394,7.0766616,-1.1947067
19900,1437154888375,-6.669049,7.015011,-1.1935096
19901,1437154888395,-6.643311,6.9982514,-1.1097125
19902,1437154888418,-6.6283474,7.0593038,-1.0767922
19903,1437154888438,-6.716933,7.140108,-1.0187328
19904,1437154888455,-6.6870055,7.1826053,-0.9564836
19905,1437154888475,-6.5469446,7.173627,-0.90021986
19906,1437154888495,-6.5032506,7.1341224,-0.87208796
19907,1437154888515,-6.3985043,7.091625,-0.8355764
19908,1437154888535,-6.461352,7.073669,-0.74998367
19909,1437154888555,-6.546346,7.103596,-0.7398083
19910,1437154888575,-6.6469026,7.0964136,-0.6757634
19911,1437154888595,-6.667852,7.0862384,-0.6727707
19912,1437154888615,-6.657078,7.0862384,-0.65900403
19913,1437154888635,-6.609194,7.069479,-0.62488663
19914,1437154888655,-6.5864487,7.1143703,-0.6332663
19915,1437154888675,-6.6265516,7.1341224,-0.64703304
19916,1437154888695,-6.537368,7.098808,-0.6667852
19917,1437154888718,-6.603208,7.153875,-0.705691
19918,1437154888737,-6.7067575,7.2047515,-0.7553706
19919,1437154888757,-6.7773867,7.2544312,-0.7386112
19920,1437154888777,-6.741473,7.187992,-0.6464345
19921,1437154888799,-6.506243,7.1167645,-0.65900403
19922,1437154888819,-6.4924765,7.0928226,-0.6183026
19923,1437154888839,-6.579266,7.089231,-0.599149
19924,1437154888858,-6.6121864,7.1167645,-0.56682724
19925,1437154888876,-6.6642604,7.1742253,-0.5793968
19926,1437154888899,-6.669049,7.193379,-0.5781997
19927,1437154888919,-6.5032506,7.1347213,-0.5770026
19928,1437154888939,-6.5146227,7.201759,-0.6326678
19929,1437154888960,-6.570288,7.24665,-0.7140707
19930,1437154888979,-6.541558,7.240066,-0.6877344
19931,1437154888998,-6.531382,7.237672,-0.6907272
19932,1437154889019,-6.5924344,7.20954,-0.7224504
19933,1437154889042,-6.554127,7.133524,-0.7146692
19934,1437154889089,-6.6271505,7.0952168,-0.7068881
19935,1437154889090,-6.7043633,7.079654,-0.7302315
19936,1437154889096,-6.7187285,7.053917,-0.7422025
19937,1437154889118,-6.7749925,7.0102224,-0.7320272
19938,1437154889136,-6.770204,7.019201,-0.75716627
19939,1437154889159,-6.782175,7.0581064,-0.7493851
19940,1437154889178,-6.743269,7.0263834,-0.7811083
19941,1437154889197,-6.6870055,6.9916677,-0.79846627
19942,1437154889216,-6.6307416,7.0048356,-0.8631097
19943,1437154889238,-6.7283053,7.050924,-0.9056068
19944,1437154889260,-6.6882024,7.0287776,-0.9636662
19945,1437154889283,-6.528988,7.076063,-1.0043676
19946,1437154889298,-6.654085,7.1167645,-0.99060094
19947,1437154889320,-6.6588736,7.128137,-1.002572
19948,1437154889340,-6.600814,7.0982094,-0.9498995
19949,1437154889360,-6.643311,7.1107793,-0.9624691
19950,1437154889380,-6.63134,7.079056,-0.9139865
19951,1437154889400,-6.703166,7.120356,-0.88166475
19952,1437154889420,-6.742072,7.189788,-0.8996213
19953,1437154889441,-6.5990186,7.1939774,-0.90261406
19954,1437154889461,-6.5786676,7.2514386,-0.89902276
19955,1437154889480,-6.494272,7.2969284,-0.9139865
19956,1437154889497,-6.3524156,7.2029557,-0.91338795
19957,1437154889519,-6.3925185,7.2233067,-0.9403227
19958,1437154889539,-6.495469,7.233482,-0.99179804
19959,1437154889562,-6.5750766,7.2304893,-0.9624691
19960,1437154889583,-6.6534867,7.240066,-0.9876082
19961,1437154889606,-6.597223,7.2089415,-0.96905315
19962,1437154889620,-6.5361705,7.1586633,-0.97862995
19963,1437154889638,-6.547543,7.1383123,-0.98700964
19964,1437154889660,-6.5307837,7.08983,-0.9343372
19965,1437154889679,-6.578069,7.0784574,-0.9864111
19966,1437154889700,-6.693589,7.1167645,-1.0295067
19967,1437154889718,-6.747459,7.1113777,-1.0420763
19968,1437154889779,-6.823475,7.1490865,-1.0654198
19969,1437154889780,-6.96593,7.153875,-1.062427
19970,1437154889781,-6.9958572,7.100005,-1.0007763
19971,1437154889798,-6.9587474,6.9796963,-0.85532856
19972,1437154889818,-6.719327,6.8970966,-0.7266402
19973,1437154889840,-6.4068837,6.96593,-0.7194576
19974,1437154889881,-6.3847375,7.2460513,-0.8559271
19975,1437154889882,-6.519411,7.3633676,-0.84934306
19976,1437154889899,-6.429629,7.3633676,-0.8242039
19977,1437154889918,-6.3338604,7.3507977,-0.83497787
19978,1437154889943,-6.3739634,7.328053,-0.8218097
19979,1437154889959,-6.529587,7.3178773,-0.7505822
19980,1437154889978,-6.523601,7.3352356,-0.79367787
19981,1437154890001,-6.217742,7.3645644,-0.8475474
19982,1437154890020,-6.1088057,7.398083,-0.8206126
19983,1437154890042,-6.1584854,7.4603324,-0.8595184
19984,1437154890060,-6.211756,7.462128,-0.8726865
19985,1437154890080,-6.343437,7.3873096,-0.78649527
19986,1437154890101,-6.52001,7.291541,-0.7326257
19987,1437154890122,-6.715736,7.153875,-0.65242
19988,1437154890140,-6.9102645,6.904279,-0.30286652
19989,1437154890162,-7.0485296,6.725911,-0.29029694
19990,1437154890178,-7.321469,6.591237,-0.26635495
19991,1437154890201,-7.375937,6.427833,-0.25198972
19992,1437154890220,-7.177817,6.3242836,-0.31364042
19993,1437154890240,-7.5046253,6.0920463,-0.22685061
19994,1437154890261,-7.356185,6.10282,-0.092775315
19995,1437154890280,-6.9306154,6.531981,-1.1025299
19996,1437154890301,-6.7067575,6.991069,-1.7441759
19997,1437154890319,-6.271013,7.5363483,-1.7992426
19998,1437154890341,-5.921459,8.031349,-2.1380222
19999,1437154890362,-5.9268465,8.194754,-1.9973627
20000,1437154890381,-5.607819,8.176797,-1.8674773
20001,1437154890402,-4.900931,8.191162,-2.0530279
20002,1437154890419,-4.9559975,8.304289,-1.7914615
20003,1437154890439,-5.6245785,8.279149,-1.5143325
20004,1437154890519,-5.8358665,8.228272,-1.435324
20005,1437154890520,-5.995081,7.8589673,-1.3449428
20006,1437154890521,-6.1584854,7.563882,-0.9379285
20007,1437154890522,-5.947197,7.4854717,-0.87089086
20008,1437154890542,-5.910087,7.713519,-1.1659763
20009,1437154890559,-6.013636,7.669825,-0.9947908
20010,1437154890583,-6.019622,7.669825,-0.8355764
20011,1437154890603,-6.0381765,7.6506715,-0.8882488
20012,1437154890620,-5.9651537,7.565677,-0.89782566
20013,1437154890639,-5.954978,7.5507135,-0.9020155
20014,1437154890659,-6.0746884,7.6506715,-0.9959879
20015,1437154890678,-6.1638722,7.716512,-1.0366893
20016,1437154890702,-6.0357823,7.641693,-0.96546185
20017,1437154890719,-5.976526,7.5686703,-0.87208796
20018,1437154890739,-6.059126,7.53994,-0.8643068
20019,1437154890787,-5.98311,7.5572977,-0.90381116
20020,1437154890788,-5.5725045,7.705738,-1.0324994
20021,1437154890801,-5.531803,7.926005,-1.2072762
20022,1437154890821,-5.768829,8.058883,-1.389834
20023,1437154890841,-6.06152,8.007407,-1.3401544
20024,1437154890861,-6.18542,7.831434,-1.2294226
20025,1437154890879,-6.3111157,7.5884223,-1.074398
20026,1437154890901,-6.3991027,7.429806,-0.89423436
20027,1437154890921,-6.549339,7.267599,-0.7649474
20028,1437154890943,-6.659472,7.0742674,-0.54408234
20029,1437154890961,-6.606201,6.96174,-0.33997664
20030,1437154890981,-6.6145806,6.9611416,-0.35434186
20031,1437154891001,-6.6445084,7.0425444,-0.3657143
20032,1437154891022,-6.5655,7.1311297,-0.38845924
20033,1437154891040,-6.3111157,7.1670427,-0.41479546
20034,1437154891063,-6.232107,7.303512,-0.4249708
20035,1437154891084,-6.2763996,7.4256167,-0.4830302
20036,1437154891103,-6.302736,7.462128,-0.47465047
20037,1437154891122,-6.3218894,7.4232225,-0.49799395
20038,1437154891139,-6.26383,7.4310036,-0.55006784
20039,1437154891159,-6.2913637,7.3968863,-0.56563014
20040,1437154891181,-6.3823433,7.433996,-0.5758055
20041,1437154891199,-6.335656,7.3579803,-0.5602432
20042,1437154891273,-6.449381,7.361572,-0.5446809
20043,1437154891274,-6.439804,7.295731,-0.5530606
20044,1437154891275,-6.467337,7.2807674,-0.50038815
20045,1437154891291,-6.479907,7.2322845,-0.5129577
20046,1437154891299,-6.491279,7.2245035,-0.46866497
20047,1437154891319,-6.605004,7.2065473,-0.41599256
20048,1437154891339,-6.583456,7.2005615,-0.42556936
20049,1437154891359,-6.55712,7.2125325,-0.42676646
20050,1437154891383,-6.425439,7.245453,-0.47225627
20051,1437154891411,-6.3907228,7.3268557,-0.50397944
20052,1437154891420,-6.3500214,7.466318,-0.52373165
20053,1437154891444,-6.399701,7.5429325,-0.5398925
20054,1437154891460,-6.247669,7.5722613,-0.55605334
20055,1437154891479,-6.1704564,7.5495167,-0.55126494
20056,1437154891501,-6.169259,7.551312,-0.5363012
20057,1437154891522,-6.1979895,7.553706,-0.54168814
20058,1437154891544,-6.0764837,7.515399,-0.5291186
20059,1437154891566,-6.1369376,7.5148005,-0.521936
20060,1437154891584,-6.1447186,7.5692687,-0.51475334
20061,1437154891600,-6.1566896,7.548918,-0.48722005
20062,1437154891622,-6.3350577,7.487866,-0.30466217
20063,1437154891640,-6.2746043,7.369353,-0.16579847
20064,1437154891660,-6.3697734,7.2741833,-0.051475335
20065,1437154891682,-6.3566055,7.2472486,0.02873042
20066,1437154891700,-6.308123,7.2592196,0.06703765
20067,1437154891729,-6.281787,7.3298483,0.110731825
20068,1437154891743,-6.364985,7.401076,0.09816227
20069,1437154891759,-6.2362967,7.378331,0.11192893
20070,1437154891780,-6.1890116,7.443573,0.12090719
20071,1437154891800,-6.26802,7.49445,0.032920275
20072,1437154891819,-6.2464724,7.4974427,0.040102877
20073,1437154891839,-6.175245,7.506421,0.04369418
20074,1437154891864,-6.1926026,7.551312,-0.017357962
20075,1437154891879,-6.192004,7.5447283,-0.0005985504
20076,1437154891905,-6.1884127,7.478289,-0.01436521
20077,1437154891924,-6.0704985,7.4687123,0.02873042
20078,1437154891939,-6.2165446,7.507618,0.05267244
20079,1437154891968,-6.3009405,7.5351515,0.036511578
20080,1437154892004,-6.3123126,7.4974427,0.02873042
20081,1437154892005,-6.2781954,7.4387846,0.0724246
20082,1437154892019,-6.250662,7.4226236,0.073023155
20083,1437154892039,-6.261436,7.447763,0.06703765
20084,1437154892061,-6.257845,7.4405804,0.08379706
20085,1437154892079,-6.3739634,7.431602,0.10534488
20086,1437154892100,-6.321291,7.361572,0.11432313
20087,1437154892123,-6.318897,7.3777328,0.12330139
20088,1437154892142,-6.4032927,7.3807254,0.108936176
20089,1437154892159,-6.369175,7.3938932,0.1340753
20090,1437154892180,-6.3165026,7.328053,0.1388637
20091,1437154892208,-6.273407,7.3609734,0.15741876
20092,1437154892220,-6.38354,7.382521,0.15143326
20093,1437154892243,-6.4086795,7.405266,0.107140526
20094,1437154892263,-6.339846,7.3507977,0.08738836
20095,1437154892280,-6.290765,7.3364325,0.055066638
20096,1437154892303,-6.329671,7.343615,0.010773907
20097,1437154892323,-6.2967505,7.3567834,0.005985504
20098,1437154892343,-6.408081,7.3992805,0.002992752
20099,1437154892363,-6.487688,7.385514,-0.046686932
20100,1437154892383,-6.3883286,7.293337,-0.017357962
20101,1437154892403,-6.3901243,7.3232646,-0.05327099
20102,1437154892423,-6.453571,7.3466077,-0.06464344
20103,1437154892440,-6.451775,7.3232646,-0.07062895
20104,1437154892461,-6.4044895,7.313688,-0.08379706
20105,1437154892483,-6.4421983,7.315483,-0.09816227
20106,1437154892500,-6.38773,7.277176,-0.10175357
20107,1437154892520,-6.4032927,7.2568254,-0.08499416
20108,1437154892543,-6.3823433,7.2711906,-0.10295067
20109,1437154892563,-6.3949127,7.3112936,-0.089184016
20110,1437154892583,-6.4589577,7.3418193,-0.12330139
20111,1437154892604,-6.413468,7.356185,-0.1436521
20112,1437154892623,-6.4368114,7.350199,-0.14305355
20113,1437154892640,-6.529587,7.337031,-0.17896658
20114,1437154892660,-6.4631476,7.2322845,-0.16998832
20115,1437154892680,-6.498462,7.2065473,-0.2172738
20116,1437154892702,-6.517616,7.1730285,-0.31663316
20117,1437154892746,-6.527791,7.1544733,-0.3369839
20118,1437154892747,-6.551733,7.173627,-0.3561375
20119,1437154892762,-6.531981,7.235876,-0.3405752
20120,1437154892780,-6.52001,7.295731,-0.39743748
20121,1437154892800,-6.5265937,7.331644,-0.38307226
20122,1437154892822,-6.4469867,7.3232646,-0.43993455
20123,1437154892843,-6.3889275,7.335834,-0.48003745
20124,1437154892862,-6.4104753,7.349601,-0.4782418
20125,1437154892883,-6.467337,7.351995,-0.4854244
20126,1437154892904,-6.4404025,7.294534,-0.44651863
20127,1437154892921,-6.529587,7.3310456,-0.4830302
20128,1437154892943,-6.522404,7.3148847,-0.47345337
20129,1437154892961,-6.3979053,7.2550297,-0.42197806
20130,1437154892984,-6.5325794,7.2622123,-0.40162733
20131,1437154893003,-6.5625067,7.215525,-0.38486794
20132,1437154893021,-6.603807,7.1861963,-0.33638534
20133,1437154893043,-6.599617,7.1514807,-0.32621
20134,1437154893071,-6.5655,7.15567,-0.31663316
20135,1437154893080,-6.5666966,7.1867948,-0.29328972
20136,1437154893100,-6.587646,7.259818,-0.25498247
20137,1437154893121,-6.6109896,7.3059063,-0.22804771
20138,1437154893144,-6.5122285,7.299921,-0.17477672
20139,1437154893171,-6.4817023,7.315483,-0.2112883
20140,1437154893180,-6.4751186,7.267599,-0.12330139
20141,1437154893200,-6.4481835,7.2304893,-0.093972415
20142,1437154893220,-6.4242415,7.195773,-0.06703765
20143,1437154893240,-6.5325794,7.185598,-0.044292733
20144,1437154893261,-6.691195,7.1742253,-0.061650693
20145,1437154893283,-6.71394,7.167641,-0.06284779
20146,1437154893302,-6.754043,7.1724296,-0.110731825
20147,1437154893321,-6.678027,7.123947,-0.12449849
20148,1437154893341,-6.688801,7.113772,-0.15083471
20149,1437154893380,-6.67683,7.08983,-0.18794483
20150,1437154893381,-6.693589,7.03177,-0.17058687
20151,1437154893410,-6.5720835,7.017405,-0.18555063
20152,1437154893428,-6.5840545,7.015011,-0.17537527
20153,1437154893565,-6.679823,7.0904284,-0.18495208
20154,1437154893566,-6.591836,7.0407486,-0.17776948
20155,1437154893567,-6.575675,7.133524,-0.20111294
20156,1437154893568,-6.6684504,7.201759,-0.27353755
20157,1437154893569,-6.5230026,7.223905,-0.272939
20158,1437154893570,-6.4505777,7.2981253,-0.31364042
20159,1437154893571,-6.432023,7.350199,-0.35793316
20160,1437154893603,-6.473323,7.385514,-0.31663316
20161,1437154893604,-6.4745197,7.4082584,-0.29328972
20162,1437154893637,-6.4182563,7.3849154,-0.23044191
20163,1437154893642,-6.3787518,7.391499,-0.16639702
20164,1437154893666,-6.3607955,7.365163,-0.13467385
20165,1437154893686,-6.3823433,7.3579803,-0.090979666
20166,1437154893701,-6.3566055,7.2993226,-0.06584055
20167,1437154893722,-6.4062853,7.2568254,-0.074818805
20168,1437154893741,-6.3601966,7.2245035,-0.09876082
20169,1437154893762,-6.4625487,7.244256,-0.13227965
20170,1437154893783,-6.423643,7.2113357,-0.16998832
20171,1437154893805,-6.317101,7.1951747,-0.20290859
20172,1437154893825,-6.482301,7.249643,-0.22685061
20173,1437154893845,-6.591237,7.29214,-0.3226187
20174,1437154893861,-6.5625067,7.318476,-0.31004912
20175,1437154893883,-6.5241995,7.3071036,-0.3274071
20176,1437154893903,-6.495469,7.3406224,-0.3549404
20177,1437154893925,-6.4230447,7.32506,-0.427365
20178,1437154893945,-6.420052,7.2987237,-0.44831428
20179,1437154893960,-6.487688,7.252037,-0.50397944
20180,1437154893980,-6.4966664,7.229292,-0.5255273
20181,1437154894000,-6.5247984,7.1849995,-0.5189432
20182,1437154894025,-6.487688,7.1826053,-0.5374983
20183,1437154894045,-6.51163,7.1909847,-0.6015432
20184,1437154894062,-6.443994,7.16824,-0.6159084
20185,1437154894083,-6.4469867,7.1826053,-0.61770403
20186,1437154894100,-6.4607534,7.264008,-0.635062
20187,1437154894120,-6.581062,7.331644,-0.59974754
20188,1437154894140,-6.564901,7.36636,-0.5793968
20189,1437154894162,-6.4948707,7.426215,-0.5482722
20190,1437154894181,-6.455965,7.493851,-0.53929394
20191,1437154894202,-6.361394,7.514202,-0.51834464
20192,1437154894221,-6.311714,7.4968443,-0.47644615
20193,1437154894240,-6.299743,7.491457,-0.5009867
20194,1437154894262,-6.3003416,7.4471645,-0.41060558
20195,1437154894282,-6.2626333,7.417835,-0.39025488
20196,1437154894302,-6.289568,7.3609734,-0.3489549
20197,1437154894321,-6.3458314,7.3208704,-0.3369839
20198,1437154894342,-6.3883286,7.2550297,-0.31902736
20199,1437154894365,-6.413468,7.2484455,-0.29448682
20200,1437154894383,-6.5577183,7.328053,-0.30945057
20201,1437154894403,-6.6893997,7.386112,-0.31364042
20202,1437154894422,-6.6546836,7.4507556,-0.31543607
20203,1437154894444,-6.42903,7.419631,-0.25318682
20204,1437154894466,-6.3009405,7.4711065,-0.31004912
20205,1437154894483,-6.2752028,7.4693108,-0.3309984
20206,1437154894505,-6.2195373,7.4310036,-0.3369839
20207,1437154894525,-6.2063694,7.3340383,-0.3333926
20208,1437154894545,-6.3230867,7.2951326,-0.3250129
20209,1437154894564,-6.4445925,7.2664022,-0.37110126
20210,1437154894583,-6.461352,7.1790137,-0.3549404
20211,1437154894605,-6.517616,7.1939774,-0.3549404
20212,1437154894625,-6.6391215,7.219715,-0.3866636
20213,1437154894645,-6.5828576,7.1472907,-0.28909984
20214,1437154894663,-6.513426,7.1969705,-0.29029694
20215,1437154894684,-6.5110316,7.256227,-0.32680854
20216,1437154894705,-6.491279,7.2789717,-0.3172317
20217,1437154894725,-6.351817,7.2885485,-0.3465607
20218,1437154894745,-6.3709707,7.349002,-0.35673606
20219,1437154894765,-6.349423,7.392098,-0.39145198
20220,1437154894782,-6.3302693,7.4441714,-0.40162733
20221,1437154894803,-6.355408,7.4561424,-0.45549688
20222,1437154894823,-6.2650275,7.428011,-0.4201824
20223,1437154894910,-6.259042,7.398083,-0.42317516
20224,1437154894911,-6.323685,7.4441714,-0.47046062
20225,1437154894912,-6.3739634,7.4351935,-0.43993455
20226,1437154894913,-6.367978,7.4016747,-0.39324763
20227,1437154894922,-6.389526,7.4202294,-0.39803603
20228,1437154894942,-6.3326635,7.398083,-0.40222588
20229,1437154894962,-6.4020953,7.3753386,-0.3776853
20230,1437154894982,-6.3907228,7.350199,-0.39444473
20231,1437154895006,-6.4511766,7.3819222,-0.38606504
20232,1437154895022,-6.3859344,7.32506,-0.33399114
20233,1437154895043,-6.266823,7.349601,-0.3549404
20234,1437154895063,-6.3566055,7.3609734,-0.3764882
20235,1437154895084,-6.330868,7.3873096,-0.38845924
20236,1437154895103,-6.359598,7.3484035,-0.39444473
20237,1437154895126,-6.4044895,7.3388267,-0.41359833
20238,1437154895146,-6.4763155,7.3466077,-0.39683893
20239,1437154895166,-6.4685345,7.282563,-0.41060558
20240,1437154895186,-6.373365,7.2604165,-0.3669114
20241,1437154895203,-6.5786676,7.325659,-0.42078096
20242,1437154895226,-6.545149,7.3112936,-0.41120413
20243,1437154895246,-6.47033,7.293337,-0.38067806
20244,1437154895266,-6.5241995,7.3005195,-0.42197806
20245,1437154895292,-6.537368,7.33344,-0.3824737
20246,1437154895304,-6.571485,7.354389,-0.38486794
20247,1437154895325,-6.5337763,7.3226657,-0.39803603
20248,1437154895346,-6.505645,7.2981253,-0.3716998
20249,1437154895366,-6.4978633,7.2969284,-0.3549404
20250,1437154895385,-6.469133,7.2484455,-0.3238158
20251,1437154895404,-6.503849,7.2221093,-0.3357868
20252,1437154895425,-6.494272,7.1969705,-0.33279404
20253,1437154895446,-6.5828576,7.2167225,-0.36631286
20254,1437154895466,-6.5804634,7.187992,-0.3537433
20255,1437154895486,-6.4817023,7.1383123,-0.28491
20256,1437154895504,-6.5044475,7.1425023,-0.31124622
20257,1437154895525,-6.5206084,7.1185603,-0.2908955
20258,1437154895546,-6.5206084,7.1365166,-0.29747957
20259,1437154895568,-6.642114,7.1544733,-0.27712885
20260,1437154895645,-6.571485,7.1826053,-0.25977087
20261,1437154895646,-6.555324,7.215525,-0.22385786
20262,1437154895647,-6.4745197,7.261614,-0.19093758
20263,1437154895648,-6.467936,7.3442135,-0.16519992
20264,1437154895664,-6.5146227,7.4327993,-0.1592144
20265,1437154895687,-6.3847375,7.4687123,-0.18854338
20266,1437154895703,-6.191406,7.511808,-0.20051439
20267,1437154895723,-6.141726,7.555502,-0.25198972
20268,1437154895749,-6.1129956,7.5944076,-0.2813187
20269,1437154895764,-5.9837084,7.563882,-0.30705637
20270,1437154895785,-6.000468,7.6165543,-0.3405752
20271,1437154895805,-6.2075663,7.6003933,-0.40282443
20272,1437154895825,-6.3003416,7.5028296,-0.3585317
20273,1437154895846,-6.3697734,7.433398,-0.34237084
20274,1437154895864,-6.447585,7.351396,-0.28491
20275,1437154895886,-6.505645,7.2939353,-0.21547815
20276,1437154895906,-6.4781113,7.3100963,-0.18854338
20277,1437154895924,-6.529587,7.3310456,-0.18914193
20278,1437154895946,-6.469133,7.354389,-0.207697
20279,1437154895966,-6.3871317,7.354389,-0.23642741
20280,1437154895984,-6.395511,7.369353,-0.25977087
20281,1437154896007,-6.3338604,7.315483,-0.25019407
20282,1437154896024,-6.269217,7.2526355,-0.24660277
20283,1437154896045,-6.3260794,7.2580223,-0.23942018
20284,1437154896064,-6.425439,7.282563,-0.23642741
20285,1437154896085,-6.4882865,7.3549876,-0.23582886
20286,1437154896106,-6.4846954,7.3711486,-0.23223756
20287,1437154896128,-6.464943,7.3669586,-0.24899697
20288,1437154896146,-6.4344172,7.36217,-0.25498247
20289,1437154896166,-6.453571,7.3322425,-0.26156655
20290,1437154896187,-6.4457893,7.331644,-0.2741361
20291,1437154896204,-6.491279,7.314286,-0.25558102
20292,1437154896226,-6.4122705,7.2741833,-0.22026655
20293,1437154896244,-6.4362125,7.2843585,-0.24001873
20294,1437154896266,-6.506243,7.32506,-0.25977087
20295,1437154896286,-6.4445925,7.3208704,-0.31004912
20296,1437154896358,-6.4032927,7.3047094,-0.30226797
20297,1437154896359,-6.4607534,7.3579803,-0.31543607
20298,1437154896360,-6.4284315,7.382521,-0.2777274
20299,1437154896378,-6.3703723,7.3340383,-0.24600422
20300,1437154896386,-6.4032927,7.3645644,-0.22984336
20301,1437154896404,-6.427833,7.351995,-0.25617957
20302,1437154896428,-6.355408,7.3148847,-0.17178397
20303,1437154896444,-6.367379,7.351995,-0.19093758
20304,1437154896464,-6.4523735,7.3627687,-0.14604631
20305,1437154896490,-6.377555,7.375937,-0.12928689
20306,1437154896504,-6.3446345,7.385514,-0.11133038
20307,1437154896525,-6.3177,7.402273,-0.13587095
20308,1437154896544,-6.2793927,7.3645644,-0.1400608
20309,1437154896564,-6.3009405,7.393295,-0.15143326
20310,1437154896588,-6.3302693,7.4028716,-0.18435353
20311,1437154896606,-6.375759,7.385514,-0.19812019
20312,1437154896626,-6.362591,7.3388267,-0.2208651
20313,1437154896645,-6.356007,7.2765775,-0.2148796
20314,1437154896666,-6.4350157,7.2807674,-0.22325931
20315,1437154896688,-6.425439,7.277176,-0.21068975
20316,1437154896706,-6.411672,7.2472486,-0.18555063
20317,1437154896727,-6.43741,7.24665,-0.20709845
20318,1437154896745,-6.477513,7.2185183,-0.22266077
20319,1437154896770,-6.517017,7.249643,-0.24061728
20320,1437154896788,-6.6109896,7.2460513,-0.2633622
20321,1437154896806,-6.600814,7.2687964,-0.33518824
20322,1437154896831,-6.6385226,7.2592196,-0.31004912
20323,1437154896845,-6.5499372,7.179612,-0.26874915
20324,1437154896866,-6.530185,7.147889,-0.25857377
20325,1437154896884,-6.64391,7.177218,-0.28790274
20326,1437154896904,-6.571485,7.117363,-0.34955344
20327,1437154896925,-6.51582,7.0754647,-0.40402153
20328,1437154896945,-6.6103907,7.056311,-0.47345337
20329,1437154896966,-6.703166,7.0449386,-0.50038815
20330,1437154896986,-6.7402763,7.013814,-0.5410896
20331,1437154897006,-6.839636,7.047931,-0.557849
20332,1437154897035,-6.815095,7.050924,-0.6631939
20333,1437154897091,-6.9078703,7.0610995,-0.6799533
20334,1437154897092,-6.8557963,7.0850415,-0.760159
20335,1437154897093,-6.839636,7.0706763,-0.7721301
20336,1437154897114,-6.8450227,7.0850415,-0.7930793
20337,1437154897124,-6.8468184,7.0491285,-0.8038532
20338,1437154897147,-6.8563952,7.008427,-0.8146271
20339,1437154897164,-6.8091097,6.9449806,-0.8122329
20340,1437154897184,-6.7743936,6.8863225,-0.8170213
20341,1437154897206,-6.7749925,6.8318543,-0.7858967
20342,1437154897225,-6.721721,6.787562,-0.78170687
20343,1437154897247,-6.7965403,6.7510505,-0.7703344
20344,1437154897265,-6.8366427,6.7959414,-0.7846996
20345,1437154897288,-6.869563,6.8162923,-0.80325466
20346,1437154897305,-6.9437833,6.861782,-0.82001406
20347,1437154897328,-6.8689647,6.8905125,-0.84335756
20348,1437154897344,-6.782175,6.915652,-0.85532856
20349,1437154897367,-6.733692,6.9467764,-0.82899237
20350,1437154897388,-6.7205243,7.00304,-0.86251116
20351,1437154897408,-6.806117,7.028179,-0.83617496
20352,1437154897427,-6.7546415,7.031172,-0.7990648
20353,1437154897447,-6.8330517,7.086837,-0.80564886
20354,1437154897467,-6.6840124,7.08983,-0.7918822
20355,1437154897489,-6.643311,7.114969,-0.8194155
20356,1437154897506,-6.6145806,7.1113777,-0.82599956
20357,1437154897528,-6.633136,7.092224,-0.8086416
20358,1437154897550,-6.688801,7.079654,-0.82480246
20359,1437154897568,-6.727707,7.056311,-0.8026561
20360,1437154897588,-6.775591,7.053318,-0.8086416
20361,1437154897609,-6.7163343,6.9844847,-0.80205756
20362,1437154897627,-6.6546836,6.9820905,-0.7392098
20363,1437154897648,-6.7947445,7.0012445,-0.8331822
20364,1437154897668,-6.715137,6.953959,-0.7613561
20365,1437154897689,-6.7893577,7.0209966,-0.80804306
20366,1437154897710,-6.8528037,7.043143,-0.8475474
20367,1437154897729,-6.8109055,7.0371575,-0.801459
20368,1437154897748,-6.716933,6.988076,-0.8146271
20369,1437154897769,-6.735488,6.965331,-0.7823054
20370,1437154897824,-6.75524,6.9503675,-0.7733272
20371,1437154897825,-6.7624226,6.9228344,-0.7661445
20372,1437154897826,-6.8719573,6.9449806,-0.7667431
20373,1437154897845,-6.96174,6.9108634,-0.7505822
20374,1437154897866,-6.9126587,6.83365,-0.7332243
20375,1437154897886,-6.9078703,6.7612257,-0.7140707
20376,1437154897905,-7.018004,6.7839704,-0.7080852
20377,1437154897925,-7.0515227,6.767211,-0.7080852
20378,1437154897947,-7.00304,6.7013707,-0.7386112
20379,1437154897966,-6.979098,6.7187285,-0.74998367
20380,1437154897986,-6.985682,6.699575,-0.74639237
20381,1437154898007,-7.053917,6.6870055,-0.7428011
20382,1437154898032,-7.0102224,6.651691,-0.7344214
20383,1437154898049,-7.012018,6.6846113,-0.75237787
20384,1437154898068,-7.065888,6.7318964,-0.7757214
20385,1437154898089,-7.0024414,6.75943,-0.7338228
20386,1437154898109,-7.04015,6.807314,-0.7715315
20387,1437154898131,-7.0287776,6.880337,-0.7835025
20388,1437154898149,-6.993463,6.95755,-0.80564886
20389,1437154898166,-6.88333,7.0126166,-0.84694886
20390,1437154898188,-6.782175,7.0341644,-0.8607155
20391,1437154898209,-6.730101,7.0622964,-0.8643068
20392,1437154898225,-6.613982,7.0090256,-0.8798691
20393,1437154898246,-6.6044054,7.0569096,-0.8750807
20394,1437154898266,-6.711546,7.1059904,-0.9379285
20395,1437154898287,-6.704962,7.077859,-0.86251116
20396,1437154898337,-6.679823,7.055114,-0.87807345
20397,1437154898338,-6.729502,7.0024414,-0.8451532
20398,1437154898461,-6.761824,7.0186024,-0.8158242
20399,1437154898462,-6.7630215,7.03177,-0.82899237
20400,1437154898463,-6.6846113,7.009624,-0.825401
20401,1437154898464,-6.605004,7.052121,-0.8523358
20402,1437154898465,-6.6744356,7.1023993,-0.8631097
20403,1437154898466,-6.6846113,7.103596,-0.89662856
20404,1437154898468,-6.625355,7.114969,-0.8595184
20405,1437154898486,-6.5607114,7.137714,-0.8595184
20406,1437154898505,-6.534375,7.150882,-0.86011696
20407,1437154898540,-6.489484,7.1586633,-0.85532856
20408,1437154898552,-6.549339,7.137714,-0.83617496
20409,1437154898570,-6.6325374,7.1425023,-0.8379706
20410,1437154898586,-6.6840124,7.1089835,-0.842759
20411,1437154898606,-6.7306995,7.1185603,-0.8487445
20412,1437154898626,-6.76362,7.125743,-0.86490536
20413,1437154898646,-6.7743936,7.1903863,-0.89662856
20414,1437154898668,-6.6840124,7.1790137,-0.8122329
20415,1437154898686,-6.5271926,7.176021,-0.7625532
20416,1437154898706,-6.533178,7.256227,-0.7679402
20417,1437154898726,-6.528988,7.2741833,-0.7350199
20418,1437154898746,-6.4086795,7.2185183,-0.7356185
20419,1437154898766,-6.3458314,7.1502833,-0.7098808
20420,1437154898786,-6.4541693,7.149685,-0.729633
20421,1437154898805,-6.591237,7.153875,-0.7529764
20422,1437154898825,-6.576872,7.083844,-0.7757214
20423,1437154898845,-6.6534867,7.101202,-0.78649527
20424,1437154898865,-6.8402343,7.109582,-0.82240826
20425,1437154898885,-6.797737,7.016208,-0.75477207
20426,1437154898905,-6.7684083,7.009624,-0.7314286
20427,1437154898925,-6.8863225,7.091027,-0.736217
20428,1437154898945,-6.9461775,7.098808,-0.6913257
20429,1437154898966,-6.8893156,7.0820484,-0.6865373
20430,1437154898986,-6.8198833,7.015011,-0.6751649
20431,1437154899009,-6.743269,6.897695,-0.6805518
20432,1437154899030,-6.7546415,6.8480153,-0.6853402
20433,1437154899050,-6.82946,6.8342485,-0.6895301
20434,1437154899070,-6.921637,6.8228765,-0.6440403
20435,1437154899089,-6.9725137,6.807314,-0.6404489
20436,1437154899106,-6.963536,6.7725983,-0.5883751
20437,1437154899130,-6.9485717,6.8162923,-0.581791
20438,1437154899150,-6.8581905,6.83784,-0.57879823
20439,1437154899170,-6.819285,6.8958993,-0.59495914
20440,1437154899228,-6.8168907,6.9623384,-0.6667852
20441,1437154899229,-6.719327,6.9904704,-0.6865373
20442,1437154899230,-6.794146,7.0365586,-0.75716627
20443,1437154899245,-6.806117,7.0808516,-0.7918822
20444,1437154899265,-6.8091097,7.0850415,-0.7882909
20445,1437154899286,-6.6828156,7.0383544,-0.7433996
20446,1437154899305,-6.5960255,7.0593038,-0.7224504
20447,1437154899326,-6.5984197,7.1395097,-0.7404069
20448,1437154899345,-6.6026096,7.1706343,-0.81043726
20449,1437154899365,-6.503849,7.1844006,-0.8026561
20450,1437154899385,-6.542156,7.1993647,-0.8194155
20451,1437154899405,-6.5726824,7.2083426,-0.8206126
20452,1437154899425,-6.6205664,7.20116,-0.7978677
20453,1437154899445,-6.551733,7.119757,-0.7589619
20454,1437154899465,-6.6989765,7.138911,-0.8218097
20455,1437154899485,-6.7851677,7.129334,-0.82719666
20456,1437154899505,-6.785766,7.0940194,-0.83018947
20457,1437154899525,-6.715736,7.038953,-0.88286185
20458,1437154899548,-6.7666125,7.0275807,-0.825401
20459,1437154899570,-6.737882,7.04434,-0.8367735
20460,1437154899588,-6.7492547,7.093421,-0.82360536
20461,1437154899607,-6.692991,7.065289,-0.7685388
20462,1437154899630,-6.6522894,7.1155677,-0.7787141
20463,1437154899652,-6.593033,7.1820064,-0.7697359
20464,1437154899672,-6.6056023,7.2107368,-0.7517793
20465,1437154899693,-6.5469446,7.1329255,-0.74758947
20466,1437154899709,-6.4882865,7.0940194,-0.7517793
20467,1437154899727,-6.546346,7.1065893,-0.7823054
20468,1437154899748,-6.6726403,7.086837,-0.82240826
20469,1437154899769,-6.724714,7.1023993,-0.83497787
20470,1437154899790,-6.7827735,7.059902,-0.8391677
20471,1437154899931,-6.740875,7.03177,-0.7882909
20472,1437154899932,-6.71394,6.938995,-0.7044938
20473,1437154899933,-6.749853,6.9461775,-0.59735334
20474,1437154899934,-6.8144965,6.8958993,-0.5315128
20475,1437154899935,-6.8013287,6.853402,-0.39863458
20476,1437154899936,-6.717531,6.865972,-0.40880993
20477,1437154899937,-6.7612257,6.915652,-0.45010993
20478,1437154899947,-6.9102645,6.880337,-0.41060558
20479,1437154899967,-6.7534447,6.89171,-0.48482585
20480,1437154900024,-6.3781533,7.016208,-0.8487445
20481,1437154900025,-6.403891,7.2460513,-1.0313023
20482,1437154900030,-6.3979053,7.419631,-1.1426327
20483,1437154900048,-6.365584,7.5016327,-1.2276269
20484,1437154900068,-6.362591,7.5243773,-1.1605892
20485,1437154900090,-6.237494,7.538144,-1.2336124
20486,1437154900110,-6.3380504,7.495647,-1.1569979
20487,1437154900133,-6.3787518,7.49026,-1.1246762
20488,1437154900150,-6.4368114,7.4447703,-1.151611
20489,1437154900171,-6.542156,7.383718,-1.0773908
20490,1437154900190,-6.533178,7.3340383,-1.0720038
20491,1437154900210,-6.595427,7.28376,-1.0319009
20492,1437154900231,-6.5924344,7.1963716,-0.90979666
20493,1437154900251,-6.549339,7.179612,-0.8242039
20494,1437154900271,-6.533178,7.2113357,-0.83018947
20495,1437154900289,-6.485294,7.176021,-0.79726917
20496,1437154900311,-6.540959,7.2005615,-0.7266402
20497,1437154900330,-6.4427967,7.2227077,-0.7751228
20498,1437154900350,-6.3685765,7.2191167,-0.7978677
20499,1437154900371,-6.4828997,7.144298,-0.6979098
20500,1437154900390,-6.5720835,7.056311,-0.51834464
20501,1437154900409,-6.6415157,6.9545574,-0.5105635
20502,1437154900431,-6.588843,6.9108634,-0.55485624
20503,1437154900451,-6.63972,6.9527617,-0.62249243
20504,1437154900471,-6.6187706,7.114969,-0.89184016
20505,1437154900491,-6.452972,7.3100963,-1.0672154
20506,1437154900511,-6.421249,7.467515,-1.1911154
20507,1437154900530,-6.3787518,7.5644803,-1.2234371
20508,1437154900674,-6.275801,7.5944076,-1.1923125
20509,1437154900675,-6.26802,7.5962033,-1.1971009
20510,1437154900676,-6.2075663,7.5291657,-1.1234791
20511,1437154900677,-6.1824274,7.4896617,-1.0749966
20512,1437154900678,-6.3129115,7.4669166,-1.0516531
20513,1437154900679,-6.3105173,7.369353,-0.9804256
20514,1437154900680,-6.4062853,7.302315,-0.9900024
20515,1437154900690,-6.540959,7.2873516,-0.99060094
20516,1437154900709,-6.597223,7.243657,-0.9600749
20517,1437154900754,-6.5457473,7.253234,-0.99778354
20518,1437154900755,-6.6666546,7.2544312,-0.9564836
20519,1437154900805,-6.6630635,7.1885905,-0.931943
20520,1437154900806,-6.655282,7.1448965,-0.89184016
20521,1437154900807,-6.5948286,7.105392,-0.86370826
20522,1437154900834,-6.4900823,7.1341224,-0.830788
20523,1437154900851,-6.5565214,7.1622543,-0.8295909
20524,1437154900872,-6.5631056,7.1514807,-0.81402856
20525,1437154900891,-6.573281,7.1101804,-0.76195467
20526,1437154900911,-6.597821,7.088034,-0.7320272
20527,1437154900931,-6.6415157,7.0766616,-0.7140707
20528,1437154900951,-6.683414,7.0503254,-0.6799533
20529,1437154900972,-6.7043633,7.0808516,-0.7254431
20530,1437154900991,-6.755839,7.1125746,-0.7517793
20531,1437154901011,-6.637924,7.053917,-0.7278373
20532,1437154901029,-6.6600704,7.1251445,-0.75836337
20533,1437154901051,-6.637924,7.131728,-0.79487497
20534,1437154901071,-6.678027,7.1706343,-0.76075757
20535,1437154901089,-6.670246,7.1550717,-0.7320272
20536,1437154901108,-6.603208,7.128137,-0.6943185
20537,1437154901130,-6.5427547,7.068282,-0.6362591
20538,1437154901153,-6.597821,7.07726,-0.6242881
20539,1437154901173,-6.6163764,7.1083846,-0.66139823
20540,1437154901194,-6.622362,7.1275387,-0.6919243
20541,1437154901211,-6.625355,7.1131735,-0.6907272
20542,1437154901229,-6.659472,7.104195,-0.6488287
20543,1437154901249,-6.59004,7.0569096,-0.6512229
20544,1437154901269,-6.633136,7.0730705,-0.66738373
20545,1437154901291,-6.7025676,7.104195,-0.700304
20546,1437154901309,-6.7133417,7.076063,-0.6584055
20547,1437154901382,-6.6846113,7.08564,-0.6901286
20548,1437154901383,-6.6965823,7.08145,-0.64463884
20549,1437154901384,-6.6546836,7.1065893,-0.66858083
20550,1437154901393,-6.6307416,7.140108,-0.7062895
20551,1437154901409,-6.591237,7.16824,-0.7152678
20552,1437154901430,-6.5619082,7.2268977,-0.7374141
20553,1437154901449,-6.566098,7.2592196,-0.74878657
20554,1437154901474,-6.494272,7.240066,-0.7170634
20555,1437154901490,-6.4308257,7.252037,-0.7098808
20556,1437154901509,-6.4727244,7.2382703,-0.6847417
20557,1437154901529,-6.495469,7.259818,-0.6967127
20558,1437154901556,-6.4763155,7.2310877,-0.7236475
20559,1437154901612,-6.498462,7.2340803,-0.7128736
20560,1437154901613,-6.489484,7.2388687,-0.7314286
20561,1437154901614,-6.4481835,7.2262993,-0.7332243
20562,1437154901630,-6.5271926,7.2544312,-0.7152678
20563,1437154901649,-6.59423,7.305308,-0.79846627
20564,1437154901670,-6.519411,7.3166804,-0.7823054
20565,1437154901689,-6.413468,7.309498,-0.8074445
20566,1437154901709,-6.356007,7.306505,-0.8439561
20567,1437154901729,-6.4763155,7.354389,-0.80804306
20568,1437154901855,-6.5164185,7.340024,-0.8230068
20569,1437154901856,-6.457162,7.297527,-0.825401
20570,1437154901857,-6.4020953,7.2789717,-0.86610246
20571,1437154901858,-6.4463882,7.3148847,-0.8870517
20572,1437154901859,-6.3739634,7.2939353,-0.87807345
20573,1437154901860,-6.4386067,7.2544312,-0.8343793
20574,1437154901898,-6.455366,7.229292,-0.7978677
20575,1437154901899,-6.55712,7.192182,-0.7194576
20576,1437154901912,-6.485294,7.1395097,-0.6955156
20577,1437154901929,-6.489484,7.177218,-0.7356185
20578,1437154901949,-6.5325794,7.2711906,-0.8379706
20579,1437154901974,-6.482301,7.311892,-0.89902276
20580,1437154901995,-6.4487824,7.3202715,-0.9379285
20581,1437154902011,-6.341043,7.3100963,-0.9367314
20582,1437154902037,-6.369175,7.307702,-0.93493575
20583,1437154902076,-6.4350157,7.3220673,-0.92895025
20584,1437154902077,-6.353014,7.3232646,-0.9463082
20585,1437154902093,-6.3763576,7.36217,-0.9744401
20586,1437154902111,-6.4338183,7.392098,-0.9636662
20587,1437154902129,-6.3667808,7.3388267,-0.95349085
20588,1437154902149,-6.105214,7.393295,-0.97623575
20589,1437154902169,-5.283405,7.8188643,-1.3204023
20590,1437154902189,-4.4424415,8.453327,-2.1039047
20591,1437154902209,-4.553173,9.436148,-2.9167361
20592,1437154902231,-5.2965727,9.345766,-3.0986955
20593,1437154902253,-4.8626237,8.989629,-2.795829
20594,1437154902272,-4.8279076,8.622119,-3.1250317
20595,1437154902289,-5.763442,8.170812,-3.2345665
20596,1437154902313,-5.907094,7.827842,-3.043629
20597,1437154902333,-6.0764837,7.510012,-3.280655
20598,1437154902353,-6.882133,7.0449386,-2.8502972
20599,1437154902372,-7.2622123,6.5044475,-2.3942018
20600,1437154902393,-7.6590514,6.1088057,-1.958457
20601,1437154902410,-7.8086886,5.756858,-1.4766239
20602,1437154902429,-7.311892,5.852626,-1.2802993
20603,1437154902453,-7.8344264,5.740697,-0.8170213
20604,1437154902491,-7.8428063,5.7760115,-0.48003745
20605,1437154902492,-7.6829934,5.729325,-0.31004912
20606,1437154902533,-8.1402855,5.61979,-0.1400608
20607,1437154902534,-8.3072815,5.5671177,0.1604115
20608,1437154902550,-7.9104424,5.8023477,0.1604115
20609,1437154902573,-8.000824,6.160281,-0.05686229
20610,1437154902592,-7.533954,6.284181,-0.033518825
20611,1437154902654,-6.5361705,6.6726403,-0.25378537
20612,1437154902655,-6.564901,6.9360023,-0.42078096
20613,1437154902656,-7.0904284,7.098808,-0.4333505
20614,1437154902670,-7.062895,7.1861963,-0.5117606
20615,1437154902690,-7.055114,7.0407486,-0.33638534
20616,1437154902710,-6.8324533,6.88333,-0.089184016
20617,1437154902756,-6.633136,6.8246717,0.022744916
20618,1437154902757,-6.9024835,6.8581905,0.13347675
20619,1437154902779,-6.8827314,6.9407907,0.039504327
20620,1437154902790,-6.769605,7.015011,0.09876082
20621,1437154902812,-6.9318123,7.062895,0.15562311
20622,1437154902833,-6.8982935,6.967127,0.16699557
20623,1437154902850,-6.625355,6.8605847,0.25019407
20624,1437154902884,-6.3865333,6.891111,0.15801731
20625,1437154902890,-6.419453,7.029376,0.107140526
20626,1437154902911,-6.7761893,7.026982,0.094570965
20627,1437154902935,-6.8869214,6.999449,0.093373865
20628,1437154902950,-6.7642183,6.943185,0.090381116
20629,1437154902972,-6.7666125,7.047931,0.04189853
20630,1437154902990,-6.794146,7.035362,-0.044891283
20631,1437154903010,-6.609792,7.103596,-0.08559271
20632,1437154903031,-6.603807,7.1047935,-0.14065935
20633,1437154903051,-6.6385226,7.068282,-0.027533319
20634,1437154903069,-6.739678,7.107786,-0.0005985504
20635,1437154903089,-6.5864487,7.0724716,0.05267244
20636,1437154903109,-6.6804214,7.1221514,0.047285482
20637,1437154903129,-6.6983776,7.1251445,-0.0047884034
20638,1437154903149,-6.7486563,7.0545154,-0.014963761
20639,1437154903169,-6.757634,7.026982,-0.044891283
20640,1437154903189,-6.622362,6.9701195,0.016759412
20641,1437154903210,-6.583456,6.9605427,-0.009576807
20642,1437154903232,-6.7318964,6.9623384,-0.06344634
20643,1437154903253,-6.7989345,6.986879,-0.047884032
20644,1437154903272,-6.933608,7.0066314,-0.076015905
20645,1437154903290,-6.8587894,7.0970125,-0.0712275
20646,1437154903310,-6.7001734,7.0982094,-0.06823475
20647,1437154903333,-6.7893577,7.153276,-0.078410104
20648,1437154903353,-6.7318964,7.0515227,-0.08439561
20649,1437154903371,-6.739678,6.947375,-0.054468088
20650,1437154903390,-7.017405,6.815694,-0.060453594
20651,1437154903411,-7.3567834,6.654085,0.032920275
20652,1437154903462,-7.5686703,6.787562,-0.06404489
20653,1437154903463,-7.615956,7.0467343,-0.24480712
20654,1437154903471,-7.3687544,6.75943,0.034715924
20655,1437154903490,-7.161656,6.229713,0.41299978
20656,1437154903509,-7.3244615,5.9124813,0.7835025
20657,1437154903530,-7.0503254,6.0106435,0.65182143
20658,1437154903550,-6.3284736,6.4643445,-0.047884032
20659,1437154903575,-6.719327,6.5325794,-0.20649989
20660,1437154903591,-7.2388687,6.4589577,-0.08200141
20661,1437154903613,-7.017405,6.787562,-0.8122329
20662,1437154903632,-7.0886326,6.724714,-1.0887632
20663,1437154903654,-7.3549876,6.7121444,-0.94690675
20664,1437154903672,-7.189788,7.169437,-1.5646108
20665,1437154903692,-7.0467343,7.6369047,-2.046444
20666,1437154903714,-7.104195,7.941567,-1.7052702
20667,1437154903733,-6.7091517,7.8703394,-1.4030021
20668,1437154903754,-5.7454853,7.7667904,-1.1827357
20669,1437154903774,-5.3366756,7.665635,-0.9498995
20670,1437154903794,-5.7963624,7.471705,-0.43634325
20671,1437154903811,-6.2225304,7.3968863,-0.17717093
20672,1437154903833,-6.5487404,7.2568254,0.020949265
20673,1437154903856,-6.463746,7.2047515,0.15382746
20674,1437154903876,-6.3123126,7.165846,0.061052144
20675,1437154903895,-6.39611,7.0754647,0.19991584
20676,1437154903914,-6.4906807,7.1006036,0.20171149
20677,1437154903932,-6.683414,7.1927805,0.22505496
20678,1437154903957,-6.7426705,7.201759,0.25438392
20679,1437154903971,-6.5990186,7.062895,0.32680854
20680,1437154903996,-6.5840545,6.999449,0.38726214
20681,1437154904017,-6.6804214,7.006033,0.39025488
20682,1437154904033,-6.706159,6.968324,0.39205053
20683,1437154904051,-6.673837,6.9366007,0.42916065
20684,1437154904072,-6.6247563,6.9491706,0.4297592
20685,1437154904126,-6.7229185,7.01142,0.40282443
20686,1437154904127,-6.785766,7.03177,0.39863458
20687,1437154904146,-6.71394,7.0221934,0.41359833
20688,1437154904151,-6.747459,7.050924,0.3657143
20689,1437154904171,-6.695385,7.0156097,0.39983168
20690,1437154904192,-6.6085954,7.017405,0.46267948
20691,1437154904211,-6.6325374,7.021595,0.46806642
20692,1437154904243,-6.6367273,7.0024414,0.48722005
20693,1437154904252,-6.70556,7.047333,0.46028528
20694,1437154904271,-6.6708446,7.0305734,0.4878186
20695,1437154904291,-6.6989765,6.9958572,0.54288524
20696,1437154904311,-6.817489,6.9467764,0.65062433
20697,1437154904332,-6.879739,6.9306154,0.7332243
20698,1437154904351,-6.8707604,6.9228344,0.7846996
20699,1437154904371,-6.755839,6.8468184,0.85173726
20700,1437154904391,-6.8240733,6.7564373,0.9283517
20701,1437154904411,-6.899491,6.655282,1.0055647
20702,1437154904431,-6.8342485,6.6385226,1.062427
20703,1437154904451,-6.583456,6.781576,1.0324994
20704,1437154904471,-6.540959,6.981492,1.0223241
20705,1437154904492,-6.569091,7.141904,1.0402806
20706,1437154904512,-6.494272,7.3100963,1.0600328
20707,1437154904532,-6.331466,7.3591776,1.1240777
20708,1437154904551,-6.1141925,7.378331,1.2000936
20709,1437154904571,-6.0699,7.3669586,1.2563573
20710,1437154904592,-6.1967926,7.386112,1.2946646
20711,1437154904612,-6.277597,7.390302,1.3000516
20712,1437154904630,-6.123171,7.28376,1.2976574
20713,1437154904650,-6.123171,7.2765775,1.2779051
20714,1437154904673,-6.2105594,7.285556,1.2252327
20715,1437154904691,-6.123171,7.156269,1.18094
20716,1437154904712,-6.251859,7.1395097,1.1420342
20717,1437154904732,-6.51582,7.1766195,1.043872
20718,1437154904753,-6.613384,7.129334,1.0815806
20719,1437154904771,-6.528988,7.061698,1.0815806
20720,1437154904792,-6.5655,7.00723,1.0702082
20721,1437154904811,-6.553529,6.992266,1.0971429
20722,1437154904831,-6.570288,6.917447,1.0773908
20723,1437154904851,-6.4864907,6.835446,1.0690111
20724,1437154904871,-6.531981,6.8144965,1.0702082
20725,1437154904893,-6.775591,6.892308,1.0827777
20726,1437154904912,-6.853402,6.923433,1.1186907
20727,1437154904933,-6.830059,6.95755,1.1593921
20728,1437154904952,-6.770204,6.944382,1.1659763
20729,1437154904976,-6.8162923,7.01142,1.1528081
20730,1437154904996,-6.8162923,7.057508,1.1444284
20731,1437154905012,-6.8240733,7.129933,1.0911574
20732,1437154905032,-6.706159,7.1568675,1.0779893
20733,1437154905056,-6.533178,7.074866,1.0229226
20734,1437154905072,-6.4026937,7.000047,0.9487024
20735,1437154905096,-6.3458314,6.9318123,0.9020155
20736,1437154905116,-6.477513,6.8773446,0.85891986
20737,1437154905131,-6.669647,6.8599863,0.825401
20738,1437154905153,-6.9623384,6.906075,0.82480246
20739,1437154905173,-7.15986,6.861782,0.87687635
20740,1437154905196,-7.1023993,6.7947445,1.0067618
20741,1437154905216,-6.9946604,6.729502,1.0684125
20742,1437154905234,-6.943185,6.6708446,1.0935516
20743,1437154905254,-6.9024835,6.602011,1.1881226
20744,1437154905276,-6.8545995,6.51163,1.2557588
20745,1437154905295,-6.7809777,6.43322,1.2234371
20746,1437154905315,-6.527791,6.3667808,1.2898762
20747,1437154905338,-6.497265,6.4086795,1.3132197
20748,1437154905353,-6.693589,6.625355,1.2192472
20749,1437154905372,-7.0545154,6.835446,1.1366472
20750,1437154905392,-7.053917,6.880337,1.0336965
20751,1437154905457,-7.013814,6.997653,0.99179804
20752,1437154905458,-7.025785,7.0634937,0.9487024
20753,1437154905459,-7.061698,7.1706343,0.92895025
20754,1437154905486,-7.076063,7.138911,0.98581254
20755,1437154905494,-6.8545995,7.079654,0.9983821
20756,1437154905512,-6.7468605,7.020398,0.99060094
20757,1437154905532,-6.89171,6.9838862,1.0588357
20758,1437154905552,-6.943185,6.8605847,1.134253
20759,1437154905572,-7.005434,6.7480574,1.1976994
20760,1437154905592,-6.7684083,6.569091,1.2533646
20761,1437154905613,-6.7929487,6.5026517,1.2108675
20762,1437154905632,-7.249643,6.1824274,1.4335283
20763,1437154905652,-7.511808,5.816713,1.7938557
20764,1437154905672,-7.6530657,5.5401826,1.7088615
20765,1437154905692,-7.4896617,5.466561,1.3210008
20766,1437154905712,-7.5812397,5.5389857,0.8870517
20767,1437154905732,-7.9571295,5.781399,0.60573304
20768,1437154905752,-7.303512,6.202778,-0.41359833
20769,1437154905772,-6.870162,6.779781,-1.0666169
20770,1437154905792,-7.0287776,7.2245035,-1.2635399
20771,1437154905812,-7.1155677,7.581838,-1.5747862
20772,1437154905832,-6.4026937,7.845799,-1.9303252
20773,1437154905852,-5.0745106,8.326435,-2.3211784
20774,1437154905872,-5.393538,8.693945,-1.9249382
20775,1437154905892,-6.007651,8.534132,-1.4287399
20776,1437154905912,-5.554548,8.308478,-1.1797429
20777,1437154905932,-5.527613,7.9942393,-0.91578215
20778,1437154905952,-5.589264,7.769783,-0.60453594
20779,1437154905972,-5.756858,7.6967597,-0.45250413
20780,1437154905992,-5.781399,7.820061,-0.41120413
20781,1437154906012,-5.9292407,7.809886,-0.47225627
20782,1437154906034,-5.935226,7.687183,-0.2885013
20783,1437154906054,-6.114791,7.6410947,-0.26156655
20784,1437154906075,-6.137536,7.644686,-0.33877954
20785,1437154906125,-6.0160303,7.657854,-0.3298013
20786,1437154906126,-6.139332,7.6255326,-0.34117374
20787,1437154906134,-6.3272767,7.631518,-0.3549404
20788,1437154906153,-6.345233,7.53575,-0.30166942
20789,1437154906172,-6.2207346,7.5285673,-0.3854665
20790,1437154906195,-6.293159,7.554305,-0.30945057
20791,1437154906214,-6.3763576,7.5644803,-0.2100912
20792,1437154906233,-6.3823433,7.5746555,-0.2088941
20793,1437154906253,-6.30513,7.554305,-0.1604115
20794,1437154906274,-6.0764837,7.4615297,-0.094570965
20795,1437154906297,-6.093243,7.5411367,-0.06464344
20796,1437154906317,-6.1507044,7.52737,-0.12330139
20797,1437154906332,-6.160281,7.4764934,-0.11552023
20798,1437154906353,-6.213552,7.4507556,-0.088585466
20799,1437154906374,-6.151303,7.5106106,-0.15861586
20800,1437154906397,-6.071097,7.4974427,-0.24839842
20801,1437154906414,-6.209362,7.5453267,-0.17477672
20802,1437154906434,-6.242881,7.5549035,-0.1945289
20803,1437154906457,-6.169858,7.491457,-0.17836803
20804,1437154906475,-6.221333,7.4202294,-0.0005985504
20805,1437154906495,-6.178836,7.351396,0.061650693
20806,1437154906517,-6.23091,7.402273,0.01436521
20807,1437154906537,-6.4008985,7.430405,-0.09935937
20808,1437154906556,-6.3344593,7.441777,-0.19991584
20809,1437154906575,-6.3422403,7.4387846,-0.2124854
20810,1437154906594,-6.2901664,7.4363904,-0.20171149
20811,1437154906616,-6.260239,7.460931,-0.17896658
20812,1437154906636,-6.2351,7.5136037,-0.20350714
20813,1437154906658,-6.1746464,7.517793,-0.15861586
20814,1437154906676,-6.1848216,7.53994,-0.17657238
20815,1437154906696,-6.2075663,7.5207863,-0.17717093
20816,1437154906716,-6.1447186,7.480085,-0.11492168
20817,1437154906735,-6.087258,7.45734,-0.18195933
20818,1437154906806,-6.187216,7.5094137,-0.2208651
20819,1437154906807,-6.223727,7.5363483,-0.31423897
20820,1437154906808,-6.2129536,7.5375457,-0.34356794
20821,1437154906823,-6.203975,7.495647,-0.3226187
20822,1437154906834,-6.2434793,7.477092,-0.39085343
20823,1437154906859,-6.333262,7.433996,-0.39803603
20824,1437154906876,-6.338649,7.3753386,-0.3842694
20825,1437154906894,-6.4032927,7.3340383,-0.350152
20826,1437154906921,-6.4146647,7.358579,-0.3752911
20827,1437154906935,-6.4751186,7.363966,-0.36870706
20828,1437154906955,-6.39192,7.342418,-0.3417723
20829,1437154906976,-6.4589577,7.374141,-0.2896984
20830,1437154906994,-6.479308,7.351995,-0.29747957
20831,1437154907014,-6.4344172,7.3286514,-0.25617957
20832,1437154907034,-6.403891,7.305308,-0.24720132
20833,1437154907054,-6.2847795,7.345411,-0.31064767
20834,1437154907074,-6.301539,7.450157,-0.3465607
20835,1437154907094,-6.296152,7.5309615,-0.41479546
20836,1437154907114,-6.201581,7.575853,-0.45848963
20837,1437154907134,-6.0597243,7.5848308,-0.4381389
20838,1437154907154,-5.9687448,7.6506715,-0.47285482
20839,1437154907173,-5.9124813,7.703344,-0.50038815
20840,1437154907193,-5.659893,7.809886,-0.4902128
20841,1437154907213,-5.366603,8.018182,-0.50278234
20842,1437154907233,-5.141548,8.319851,-0.61291564
20843,1437154907253,-4.9164934,8.409035,-0.7493851
20844,1437154907273,-5.0451818,8.474875,-1.0342951
20845,1437154907293,-5.324106,8.470686,-1.2228385
20846,1437154907313,-5.382764,8.3821,-1.417966
20847,1437154907336,-5.363012,8.184579,-1.4826094
20848,1437154907356,-5.433042,8.078635,-1.5035586
20849,1437154907379,-5.853823,8.038532,-1.6077064
20850,1437154907398,-6.2165446,7.768586,-1.578976
20851,1437154907415,-6.0746884,7.518392,-1.5616181
20852,1437154907435,-6.211756,7.36217,-1.6011224
20853,1437154907455,-6.553529,7.309498,-1.6705543
20854,1437154907501,-6.8767457,7.1544733,-1.6334441
20855,1437154907502,-6.944382,6.9581485,-1.4532804
20856,1437154907514,-6.849811,6.821679,-1.3257892
20857,1437154907534,-6.996456,6.777985,-1.2707225
20858,1437154907554,-7.2065473,6.831256,-1.0995371
20859,1437154907574,-7.2580223,6.87914,-1.0965444
20860,1437154907598,-7.057508,6.549339,-0.85054016
20861,1437154907614,-6.851008,6.5481415,-0.47285482
20862,1437154907637,-7.3388267,6.567894,-0.46746787
20863,1437154907655,-7.3244615,6.6391215,-0.46507367
20864,1437154907676,-7.255628,6.4763155,-0.30705637
20865,1437154907698,-7.1939774,6.4661403,-0.23343466
20866,1437154907714,-7.0970125,6.6744356,-0.2885013
20867,1437154907738,-6.8767457,6.9599442,-0.56443304
20868,1437154907757,-7.1490865,6.941389,-0.6027403
20869,1437154907777,-7.0066314,6.752846,-0.25617957
20870,1437154907797,-6.663662,6.881534,-0.25378537
20871,1437154907817,-6.8563952,7.00723,-0.29807812
20872,1437154907834,-7.017405,7.0461354,-0.2136825
20873,1437154907858,-7.0904284,6.8605847,-0.023942016
20874,1437154907879,-6.9264255,6.7510505,0.06823475
20875,1437154907896,-6.9348054,6.742072,0.16579847
20876,1437154907917,-7.0467343,6.847417,0.18614918
20877,1437154907938,-7.097611,7.0012445,0.142455
20878,1437154907957,-7.047333,6.939594,0.19752164
20879,1437154907978,-6.7851677,6.7839704,0.25438392
20880,1437154907994,-6.4978633,6.757634,0.3250129
20881,1437154908018,-6.612785,6.9198413,0.32022446
20882,1437154908039,-6.637326,7.029376,0.24121583
20883,1437154908058,-6.5379663,7.049727,0.142455
20884,1437154908078,-6.5361705,7.145495,0.09935937
20885,1437154908096,-6.4386067,7.1484876,0.08619126
20886,1437154908118,-6.5846534,7.2514386,0.046088383
20887,1437154908140,-6.7067575,7.2143283,0.054468088
20888,1437154908158,-6.606201,7.1909847,0.15083471
20889,1437154908187,-6.581062,7.2023573,0.14544775
20890,1437154908210,-6.6283474,7.28376,0.20829555
20891,1437154908215,-6.5786676,7.2885485,0.23582886
20892,1437154908239,-6.529587,7.244256,0.29927522
20893,1437154908255,-6.5499372,7.1448965,0.3405752
20894,1437154908275,-6.397307,7.0850415,0.40282443
20895,1437154908302,-6.3224883,7.086837,0.47046062
20896,1437154908317,-6.445191,7.2023573,0.4177882
20897,1437154908338,-6.6247563,7.2388687,0.44232875
20898,1437154908356,-6.601413,7.1993647,0.45370123
20899,1437154908459,-6.591237,7.097611,0.45190558
20900,1437154908460,-6.546346,7.0425444,0.5201403
20901,1437154908461,-6.5816603,6.9844847,0.53809685
20902,1437154908462,-6.609792,7.028179,0.54647654
20903,1437154908463,-6.642114,7.0784574,0.52373165
20904,1437154908475,-6.67683,7.0964136,0.5153519
20905,1437154908498,-6.741473,7.1275387,0.4758476
20906,1437154908518,-6.695385,7.029376,0.492607
20907,1437154908539,-6.606201,7.012018,0.59017074
20908,1437154908567,-6.701969,7.0329676,0.5662287
20909,1437154908598,-6.7013707,7.080253,0.5835867
20910,1437154908599,-6.711546,7.0820484,0.61171854
20911,1437154908615,-6.5206084,6.9970546,0.6404489
20912,1437154908636,-6.5403605,6.991069,0.6871359
20913,1437154908656,-6.609194,7.053917,0.64463884
20914,1437154908676,-6.619968,7.0808516,0.5907693
20915,1437154908695,-6.4966664,7.101202,0.55964464
20916,1437154908715,-6.5607114,7.1688385,0.45190558
20917,1437154908735,-6.683414,7.2304893,0.44592008
20918,1437154908755,-6.655881,7.1466923,0.45968673
20919,1437154908776,-6.597821,7.0832458,0.5291186
20920,1437154908796,-6.619369,7.052121,0.61890113
20921,1437154908815,-6.6750345,7.0425444,0.61530983
20922,1437154908835,-6.679823,7.061698,0.6847417
20923,1437154908855,-6.667253,7.033566,0.6859388
20924,1437154908875,-6.642114,7.0587053,0.7164649
20925,1437154908895,-6.6175733,7.059902,0.7404069
20926,1437154908915,-6.597821,7.1209545,0.76195467
20927,1437154908935,-6.657676,7.169437,0.7284359
20928,1437154908955,-6.5858502,7.1706343,0.7374141
20929,1437154908977,-6.601413,7.141904,0.7703344
20930,1437154908995,-6.5122285,7.100005,0.7721301
20931,1437154909015,-6.455366,7.0826473,0.8158242
20932,1437154909035,-6.4523735,7.107786,0.8158242
20933,1437154909055,-6.4421983,7.119757,0.80445176
20934,1437154909075,-6.443994,7.0940194,0.80804306
20935,1437154909097,-6.553529,7.1155677,0.81163436
20936,1437154909115,-6.5188127,7.119757,0.8343793
20937,1437154909135,-6.643311,7.1407065,0.8170213
20938,1437154909156,-6.659472,7.1365166,0.84694886
20939,1437154909176,-6.519411,7.092224,0.9103952
20940,1437154909195,-6.4858923,7.0826473,0.95947635
20941,1437154909216,-6.461352,7.097611,0.98820674
20942,1437154909236,-6.4380083,7.053917,1.0145429
20943,1437154909255,-6.464943,7.0227923,1.0283096
20944,1437154909275,-6.519411,7.069479,0.9888053
20945,1437154909295,-6.51582,7.101801,0.86610246
20946,1437154909315,-6.4218473,7.119757,0.7858967
20947,1437154909335,-6.5361705,7.2364745,0.62728083
20948,1437154909356,-6.582259,7.252037,0.5674258
20949,1437154909376,-6.534375,7.2484455,0.55246204
20950,1437154909395,-6.599617,7.217321,0.55844754
20951,1437154909415,-6.547543,7.195773,0.58418524
20952,1437154909435,-6.5487404,7.189788,0.6440403
20953,1437154909455,-6.535572,7.1981673,0.6745663
20954,1437154909475,-6.535572,7.1748238,0.676362
20955,1437154909496,-6.503849,7.1227503,0.6997054
20956,1437154909516,-6.5068417,7.0928226,0.7230489
20957,1437154909537,-6.6205664,7.0305734,0.7200562
20958,1437154909555,-6.616975,7.0168066,0.7338228
20959,1437154909577,-6.6600704,7.012018,0.7386112
20960,1437154909595,-6.6606693,7.052121,0.76434886
20961,1437154909616,-6.6056023,7.035362,0.7344214
20962,1437154909635,-6.59004,7.031172,0.7248446
20963,1437154909655,-6.625355,7.113772,0.7038953
20964,1437154909676,-6.6295447,7.0940194,0.676362
20965,1437154909696,-6.6606693,7.1167645,0.6715736
20966,1437154909716,-6.7223196,7.0874357,0.6278794
20967,1437154909736,-6.7199254,7.041946,0.61770403
20968,1437154909756,-6.669049,6.991069,0.6488287
20969,1437154909776,-6.6606693,6.9689226,0.66498953
20970,1437154909796,-6.725911,7.017405,0.65780693
20971,1437154909816,-6.7725983,7.0581064,0.64703304
20972,1437154909836,-6.7719994,7.1341224,0.6596026
20973,1437154909856,-6.7845693,7.1664443,0.6715736
20974,1437154909876,-6.6403184,7.1963716,0.7038953
20975,1437154909896,-6.2650275,7.273585,0.75596917
20976,1437154909916,-5.6616883,7.337031,0.7104794
20977,1437154909937,-5.1666875,7.7691846,0.6691794
20978,1437154909957,-5.225345,8.222287,0.40342298
20979,1437154909976,-5.5383873,8.32404,0.37110126
20980,1437154909996,-5.6898203,8.205527,0.4189853
20981,1437154910016,-5.909488,7.9475527,0.51834464
20982,1437154910036,-6.054936,7.6949644,0.5805939
20983,1437154910056,-6.211756,7.4926543,0.66618663
20984,1437154910076,-6.289568,7.3711486,0.7445967
20985,1437154910096,-6.330868,7.28376,0.7422025
20986,1437154910116,-6.2524576,7.1849995,0.78888947
20987,1437154910136,-5.9986725,7.0569096,0.825401
20988,1437154910156,-6.141726,7.167641,0.83617496
20989,1437154910176,-6.5241995,7.2460513,0.7457938
20990,1437154910197,-6.5098343,7.257424,0.6937199
20991,1437154910217,-6.597223,7.2047515,0.66498953
20992,1437154910237,-6.553529,7.1873937,0.57879823
20993,1437154910257,-6.675633,7.2023573,0.5542577
20994,1437154910285,-6.811504,7.207744,0.49440265
20995,1437154910297,-6.658275,7.1712327,0.5153519
20996,1437154910317,-6.7624226,7.1993647,0.492607
20997,1437154910337,-6.712743,7.2101383,0.47764325
20998,1437154910357,-6.4805055,7.1873937,0.49679685
20999,1437154910378,-6.302736,7.1909847,0.5291186
21000,1437154910397,-6.132149,7.2448545,0.52492875
21001,1437154910417,-6.233304,7.253833,0.51595044
21002,1437154910437,-6.359598,7.2843585,0.5770026
21003,1437154910457,-6.38354,7.271789,0.57041854
21004,1437154910477,-6.4589577,7.3208704,0.581791
21005,1437154910497,-6.5499372,7.3448124,0.55006784
21006,1437154910517,-6.525397,7.3442135,0.58418524
21007,1437154910538,-6.443395,7.28795,0.6356605
21008,1437154910558,-6.51163,7.3633676,0.6410475
21009,1437154910577,-6.4667387,7.365163,0.65182143
21010,1437154910599,-6.38354,7.313688,0.6979098
21011,1437154910617,-6.3380504,7.2951326,0.7074866
21012,1437154910639,-6.353613,7.2981253,0.7236475
21013,1437154910657,-6.2195373,7.36217,0.7398083
21014,1437154910677,-6.2530565,7.4351935,0.6715736
21015,1437154910697,-6.2075663,7.4363904,0.7074866
21016,1437154910717,-6.1405287,7.4310036,0.6835446
21017,1437154910740,-6.2303114,7.4112515,0.6655881
21018,1437154910757,-6.241085,7.339425,0.7104794
21019,1437154910798,-6.296152,7.2406645,0.724246
21020,1437154910799,-6.319495,7.15567,0.78290397
21021,1437154910817,-6.421249,7.1604586,0.80086046
21022,1437154910838,-6.420052,7.199963,0.7858967
21023,1437154910861,-6.3865333,7.2149267,0.8146271
21024,1437154910877,-6.3488245,7.282563,0.7835025
21025,1437154910897,-6.2769985,7.3298483,0.74758947
21026,1437154910921,-6.0746884,7.3448124,0.7182605
21027,1437154910952,-6.0836663,7.445369,0.6332663
21028,1437154910959,-6.18961,7.590218,0.5734113
21029,1437154910977,-6.261436,7.6249337,0.5093664
21030,1437154910997,-6.1890116,7.5985975,0.60214174
21031,1437154911019,-6.1141925,7.5351515,0.6314707
21032,1437154911039,-6.1411276,7.5171947,0.664391
21033,1437154911057,-6.213552,7.4926543,0.6979098
21034,1437154911078,-6.165668,7.4465656,0.62728083
21035,1437154911098,-6.192004,7.431602,0.6392518
21036,1437154911118,-6.239888,7.4268136,0.58897364
21037,1437154911138,-6.261436,7.402273,0.5422867
21038,1437154911158,-6.218939,7.345411,0.5021838
21039,1437154911178,-6.3021374,7.374141,0.48243165
21040,1437154911198,-6.3566055,7.353192,0.41838676
21041,1437154911219,-6.353613,7.3286514,0.4381389
21042,1437154911238,-6.321291,7.3059063,0.40641573
21043,1437154911259,-6.4248405,7.359776,0.45789108
21044,1437154911279,-6.452972,7.33344,0.439336
21045,1437154911299,-6.4146647,7.3029137,0.46387658
21046,1437154911322,-6.3745623,7.2699933,0.4818331
21047,1437154911338,-6.3326635,7.27957,0.47285482
21048,1437154911359,-6.3464303,7.331644,0.48243165
21049,1437154911379,-6.4266357,7.349002,0.48362875
21050,1437154911399,-6.4781113,7.3591776,0.53570265
21051,1437154911420,-6.4218473,7.3340383,0.5267244
21052,1437154911439,-6.381745,7.2873516,0.54288524
21053,1437154911459,-6.355408,7.253234,0.52612585
21054,1437154911479,-6.3141084,7.2394676,0.5386954
21055,1437154911499,-6.3422403,7.257424,0.53570265
21056,1437154911520,-6.373365,7.2514386,0.5255273
21057,1437154911538,-6.385336,7.270592,0.5081693
21058,1437154911562,-6.4469867,7.2939353,0.49320555
21059,1437154911626,-6.3344593,7.309498,0.50397944
21060,1437154911627,-6.4541693,7.3418193,0.46567222
21061,1437154911669,-6.3344593,7.351396,0.47046062
21062,1437154911670,-6.3099184,7.389105,0.50038815
21063,1437154911671,-6.321291,7.426215,0.480636
21064,1437154911682,-6.3206925,7.381324,0.50637364
21065,1437154911709,-6.242881,7.353192,0.521936
21066,1437154911720,-6.2464724,7.3549876,0.54647654
21067,1437154911739,-6.2805896,7.4124484,0.52852005
21068,1437154911765,-6.2746043,7.4735007,0.50038815
21069,1437154911783,-6.1183825,7.417237,0.504578
21070,1437154911813,-6.1985884,7.465719,0.4985925
21071,1437154911819,-6.233304,7.4322004,0.48123455
21072,1437154911840,-6.1938,7.3986816,0.55006784
21073,1437154911866,-6.2608376,7.4776907,0.52073884
21074,1437154911878,-6.2728086,7.489063,0.52133745
21075,1437154911899,-6.2003837,7.471705,0.5482722
21076,1437154911919,-6.1902084,7.4585366,0.53211135
21077,1437154911938,-6.129755,7.387908,0.4938041
21078,1437154911960,-6.177639,7.36636,0.47884035
21079,1437154911979,-6.2979474,7.3897038,0.43275195
21080,1437154911999,-6.4218473,7.379528,0.44711718
21081,1437154912021,-6.463746,7.3460093,0.4878186
21082,1437154912042,-6.4308257,7.305308,0.50757074
21083,1437154912062,-6.42903,7.2568254,0.50278234
21084,1437154912084,-6.461352,7.244256,0.50278234
21085,1437154912101,-6.419453,7.189189,0.45908818
21086,1437154912121,-6.5032506,7.1927805,0.43514615
21087,1437154912139,-6.489484,7.156269,0.39983168
21088,1437154912159,-6.56131,7.1742253,0.35194764
21089,1437154912179,-6.6744356,7.169437,0.3489549
21090,1437154912204,-6.669647,7.1981673,0.3393781
21091,1437154912219,-6.664859,7.12694,0.40641573
21092,1437154912245,-6.573281,7.083844,0.4345476
21093,1437154912262,-6.5870476,7.117962,0.4285621
21094,1437154912280,-6.664859,7.16405,0.43275195
21095,1437154912300,-6.623559,7.153276,0.40701428
21096,1437154912322,-6.467936,7.1185603,0.4213795
21097,1437154912340,-6.5325794,7.1341224,0.3716998
21098,1437154912359,-6.6085954,7.1867948,0.3405752
21099,1437154912433,-6.547543,7.1083846,0.33758244
21100,1437154912434,-6.506243,7.1341224,0.33758244
21101,1437154912435,-6.6067996,7.1490865,0.29508537
21102,1437154912442,-6.573281,7.1263413,0.33758244
21103,1437154912461,-6.5619082,7.15986,0.31902736
21104,1437154912481,-6.597821,7.1754227,0.28491
21105,1437154912499,-6.6241574,7.1951747,0.29987377
21106,1437154912520,-6.6295447,7.207744,0.3184288
21107,1437154912561,-6.5990186,7.16824,0.34955344
21108,1437154912562,-6.569091,7.1371155,0.3633201
21109,1437154912582,-6.621763,7.1472907,0.38845924
21110,1437154912602,-6.6241574,7.1502833,0.36990416
21111,1437154912626,-6.5511346,7.135918,0.36750996
21112,1437154912641,-6.575675,7.143699,0.35254622
21113,1437154912660,-6.5846534,7.149685,0.3465607
21114,1437154912683,-6.549339,7.1083846,0.34596214
21115,1437154912703,-6.602011,7.104195,0.36870706
21116,1437154912723,-6.602011,7.1347213,0.39983168
21117,1437154912743,-6.5655,7.144298,0.3842694
21118,1437154912763,-6.6271505,7.2071457,0.34117374
21119,1437154912783,-6.6762314,7.2424603,0.31124622
21120,1437154912803,-6.603807,7.189788,0.32680854
21121,1437154912821,-6.59004,7.1365166,0.38726214
21122,1437154912840,-6.567295,7.098808,0.39983168
21123,1437154912863,-6.5750766,7.093421,0.4165911
21124,1437154912881,-6.555923,7.138911,0.39983168
21125,1437154912901,-6.4936733,7.1263413,0.37948096
21126,1437154912921,-6.469133,7.088034,0.3728969
21127,1437154912939,-6.528988,7.12694,0.29927522
21128,1437154912963,-6.5607114,7.1784153,0.29269117
21129,1437154912983,-6.4990606,7.1724296,0.29209262
21130,1437154913003,-6.545149,7.199963,0.23104046
21131,1437154913022,-6.531981,7.2125325,0.24420857
21132,1437154913043,-6.533178,7.1724296,0.2813187
21133,1437154913062,-6.59423,7.1832037,0.27473465
21134,1437154913080,-6.6630635,7.1646485,0.30226797
21135,1437154913187,-6.6654577,7.1425023,0.32142156
21136,1437154913194,-6.627749,7.1275387,0.31244332
21137,1437154913195,-6.5445504,7.0784574,0.3477578
21138,1437154913196,-6.471527,7.1089835,0.3441665
21139,1437154913197,-6.581062,7.1526775,0.30645782
21140,1437154913203,-6.646304,7.149685,0.29328972
21141,1437154913226,-6.622362,7.141305,0.30645782
21142,1437154913240,-6.579266,7.15567,0.29388827
21143,1437154913271,-6.547543,7.20116,0.25977087
21144,1437154913280,-6.5481415,7.211934,0.26755205
21145,1437154913300,-6.5966244,7.2544312,0.22146365
21146,1437154913320,-6.6145806,7.213131,0.24420857
21147,1437154913340,-6.55712,7.1604586,0.2717419
21148,1437154913363,-6.597223,7.1107793,0.29029694
21149,1437154913382,-6.609194,7.1023993,0.29688102
21150,1437154913400,-6.6361284,7.0706763,0.33758244
21151,1437154913420,-6.666056,7.0688806,0.3172317
21152,1437154913440,-6.6606693,7.041347,0.3196259
21153,1437154913466,-6.6870055,7.08145,0.31543607
21154,1437154913480,-6.6445084,7.093421,0.30226797
21155,1437154913500,-6.599617,7.0952168,0.2825158
21156,1437154913520,-6.59004,7.1185603,0.2681506
21157,1437154913543,-6.583456,7.128137,0.27473465
21158,1437154913562,-6.50744,7.1065893,0.2657564
21159,1437154913584,-6.661866,7.1784153,0.22565351
21160,1437154913609,-6.775591,7.181408,0.20171149
21161,1437154913623,-6.6056023,7.1371155,0.28431144
21162,1437154913642,-6.6145806,7.1484876,0.2813187
21163,1437154913662,-6.605004,7.1125746,0.33877954
21164,1437154913682,-6.603208,7.08145,0.34476504
21165,1437154913705,-6.597223,7.0964136,0.36032736
21166,1437154913732,-6.627749,7.100005,0.34835634
21167,1437154913740,-6.634333,7.1071877,0.3681085
21168,1437154913835,-6.683414,7.129933,0.3764882
21169,1437154913836,-6.6349316,7.1245456,0.4165911
21170,1437154913837,-6.5882444,7.1065893,0.4165911
21171,1437154913838,-6.6067996,7.0946183,0.43155485
21172,1437154913848,-6.5666966,7.050924,0.4309563
21173,1437154913860,-6.553529,7.0605006,0.4285621
21174,1437154913880,-6.607398,7.1287355,0.40043023
21175,1437154913900,-6.578069,7.102998,0.3866636
21176,1437154913919,-6.5708866,7.091625,0.3597288
21177,1437154913939,-6.689998,7.1006036,0.33518824
21178,1437154913959,-6.6720414,7.1107793,0.3238158
21179,1437154913979,-6.671443,7.098808,0.35434186
21180,1437154913999,-6.6067996,7.0994067,0.4141969
21181,1437154914020,-6.616975,7.1849995,0.40043023
21182,1437154914039,-6.6229606,7.1987658,0.38606504
21183,1437154914059,-6.530185,7.1784153,0.39743748
21184,1437154914080,-6.4978633,7.1820064,0.35553896
21185,1437154914099,-6.476914,7.183802,0.3357868
21186,1437154914120,-6.5391636,7.1903863,0.33638534
21187,1437154914140,-6.5589156,7.1748238,0.30945057
21188,1437154914160,-6.505645,7.157466,0.3465607
21189,1437154914181,-6.658275,7.2149267,0.30765492
21190,1437154914201,-6.692991,7.2101383,0.31783026
21191,1437154914221,-6.554127,7.1730285,0.3489549
21192,1437154914242,-6.571485,7.167641,0.338181
21193,1437154914263,-6.5750766,7.1460934,0.3681085
21194,1437154914285,-6.5601125,7.1275387,0.37708676
21195,1437154914304,-6.5325794,7.1227503,0.38486794
21196,1437154914322,-6.549339,7.132327,0.3812766
21197,1437154914342,-6.5247984,7.1550717,0.3441665
21198,1437154914362,-6.611588,7.1526775,0.3333926
21199,1437154914382,-6.588843,7.144298,0.33039984
21200,1437154914401,-6.602011,7.1448965,0.32920274
21201,1437154914466,-6.5577183,7.1185603,0.3561375
21202,1437154914467,-6.5631056,7.129334,0.37229836
21203,1437154914468,-6.6271505,7.1586633,0.3549404
21204,1437154914481,-6.59423,7.1353197,0.35194764
21205,1437154914502,-6.5403605,7.1341224,0.33758244
21206,1437154914524,-6.68102,7.181408,0.3369839
21207,1437154914541,-6.700772,7.2029557,0.3465607
21208,1437154914564,-6.6271505,7.1514807,0.3716998
21209,1437154914582,-6.505046,7.1131735,0.4405331
21210,1437154914601,-6.43741,7.1407065,0.46507367
21211,1437154914625,-6.51582,7.197569,0.4261679
21212,1437154914645,-6.5391636,7.245453,0.37828386
21213,1437154914662,-6.463746,7.2304893,0.3561375
21214,1437154914684,-6.397307,7.2268977,0.3405752
21215,1437154914705,-6.5259953,7.2550297,0.31423897
21216,1437154914724,-6.5325794,7.2298903,0.32321724
21217,1437154914745,-6.4427967,7.157466,0.3854665
21218,1437154914765,-6.6109896,7.1939774,0.3693056
21219,1437154914784,-6.6307416,7.2298903,0.36032736
21220,1437154914805,-6.477513,7.189189,0.40222588
21221,1437154914822,-6.451775,7.203554,0.3866636
21222,1437154914842,-6.4721255,7.215525,0.41479546
21223,1437154914865,-6.479308,7.244256,0.40222588
21224,1437154914882,-6.495469,7.2490444,0.41359833
21225,1437154914903,-6.4445925,7.241862,0.39384618
21226,1437154914925,-6.4805055,7.2233067,0.38307226
21227,1437154914946,-6.5020533,7.229292,0.3800795
21228,1437154914966,-6.491878,7.16824,0.40102878
21229,1437154914985,-6.5720835,7.144298,0.41060558
21230,1437154915003,-6.5481415,7.119757,0.4333505
21231,1437154915024,-6.602011,7.1305313,0.4333505
21232,1437154915042,-6.545149,7.121553,0.42078096
21233,1437154915063,-6.5864487,7.125743,0.39504328
21234,1437154915082,-6.543952,7.1006036,0.3752911
21235,1437154915154,-6.5924344,7.1083846,0.36631286
21236,1437154915166,-6.6361284,7.1622543,0.35254622
21237,1437154915167,-6.736685,7.1867948,0.36750996
21238,1437154915168,-6.6882024,7.1371155,0.43275195
21239,1437154915182,-6.5385647,7.1227503,0.4441244
21240,1437154915206,-6.497265,7.1101804,0.44771573
21241,1437154915222,-6.5445504,7.1329255,0.42437226
21242,1437154915242,-6.530185,7.189189,0.3597288
21243,1437154915289,-6.505046,7.1951747,0.3441665
21244,1437154915290,-6.5882444,7.189788,0.33877954
21245,1437154915303,-6.613384,7.20116,0.3585317
21246,1437154915322,-6.4661403,7.1191587,0.40521863
21247,1437154915343,-6.5403605,7.1724296,0.374094
21248,1437154915362,-6.601413,7.2424603,0.29927522
21249,1437154915382,-6.5230026,7.2047515,0.35314476
21250,1437154915402,-6.508039,7.2394676,0.31663316
21251,1437154915424,-6.5325794,7.2245035,0.34955344
21252,1437154915445,-6.50744,7.20116,0.35194764
21253,1437154915465,-6.5020533,7.1903863,0.3705027
21254,1437154915482,-6.4787097,7.1981673,0.39444473
21255,1437154915503,-6.5068417,7.189788,0.3824737
21256,1437154915525,-6.5325794,7.2149267,0.3878607
21257,1437154915544,-6.546346,7.2149267,0.3693056
21258,1437154915563,-6.4840965,7.2047515,0.35793316
21259,1437154915585,-6.4960675,7.191583,0.338181
21260,1437154915603,-6.50744,7.223905,0.33279404
21261,1437154915623,-6.465542,7.1742253,0.3513491
21262,1437154915646,-6.531382,7.1832037,0.3405752
21263,1437154915665,-6.542156,7.1820064,0.34955344
21264,1437154915687,-6.547543,7.189788,0.34596214
21265,1437154915705,-6.591237,7.183802,0.32321724
21266,1437154915726,-6.613384,7.2227077,0.3250129
21267,1437154915746,-6.591836,7.173627,0.35793316
21268,1437154915763,-6.495469,7.177817,0.4141969
21269,1437154915784,-6.519411,7.2083426,0.4165911
21270,1437154915804,-6.5140243,7.257424,0.40701428
21271,1437154915874,-6.4805055,7.301118,0.3250129
21272,1437154915877,-6.3871317,7.253234,0.30945057
21273,1437154915879,-6.3889275,7.252037,0.3489549
21274,1437154915892,-6.473323,7.2544312,0.31423897
21275,1437154915903,-6.473323,7.199963,0.3489549
21276,1437154915923,-6.4709287,7.2089415,0.35793316
21277,1437154915943,-6.6109896,7.243657,0.27473465
21278,1437154915963,-6.5020533,7.1873937,0.3441665
21279,1437154915984,-6.505046,7.2071457,0.36391866
21280,1437154916003,-6.5391636,7.253833,0.35254622
21281,1437154916024,-6.4667387,7.2167225,0.39564183
21282,1437154916050,-6.4499793,7.2747817,0.362123
21283,1437154916063,-6.4577603,7.27957,0.33638534
21284,1437154916083,-6.4128695,7.245453,0.3405752
21285,1437154916105,-6.4583592,7.2646065,0.32321724
21286,1437154916123,-6.499659,7.231686,0.3238158
21287,1437154916148,-6.4709287,7.181408,0.36272156
21288,1437154916163,-6.51582,7.1993647,0.34237084
21289,1437154916184,-6.5361705,7.1927805,0.3537433
21290,1437154916205,-6.5379663,7.199963,0.3321955
21291,1437154916223,-6.495469,7.2262993,0.3369839
21292,1437154916246,-6.517017,7.2430587,0.3441665
21293,1437154916266,-6.413468,7.20954,0.3417723
21294,1437154916284,-6.509236,7.2310877,0.31663316
21295,1437154916303,-6.519411,7.1844006,0.3226187
21296,1437154916323,-6.5924344,7.201759,0.34237084
21297,1437154916344,-6.5882444,7.181408,0.350152
21298,1437154916369,-6.5565214,7.1903863,0.36032736
21299,1437154916384,-6.570288,7.169437,0.33399114
21300,1437154916404,-6.5631056,7.1484876,0.33638534
21301,1437154916423,-6.554127,7.1460934,0.2861071
21302,1437154916444,-6.51163,7.140108,0.29987377
21303,1437154916470,-6.540959,7.150882,0.29688102
21304,1437154916484,-6.588843,7.1550717,0.2765303
21305,1437154916505,-6.4457893,7.091625,0.25498247
21306,1437154916525,-6.621763,7.1981673,0.22924481
21307,1437154916551,-6.675633,7.2185183,0.16699557
21308,1437154916611,-6.546346,7.192182,0.19871874
21309,1437154916612,-6.609792,7.2322845,0.15801731
21310,1437154916613,-6.5744777,7.237672,0.16519992
21311,1437154916624,-6.5708866,7.2233067,0.17058687
21312,1437154916647,-6.535572,7.1993647,0.14664486
21313,1437154916663,-6.5218053,7.1383123,0.18674773
21314,1437154916686,-6.5247984,7.093421,0.17836803
21315,1437154916703,-6.588843,7.079654,0.17417817
21316,1437154916723,-6.655881,7.113772,0.12569559
21317,1437154916746,-6.693589,7.095815,0.12389994
21318,1437154916765,-6.683414,7.091027,0.091578215
21319,1437154916785,-6.694188,7.0712748,0.11611878
21320,1437154916805,-6.716933,7.0808516,0.090979666
21321,1437154916826,-6.723517,7.0970125,0.09636662
21322,1437154916844,-6.591836,7.0287776,0.079008654
21323,1437154916867,-6.655881,7.080253,0.08439561
21324,1437154916884,-6.719327,7.095815,0.04249708
21325,1437154916907,-6.699575,7.0874357,0.036511578
21326,1437154916925,-6.7223196,7.071873,0.031124622
21327,1437154916944,-6.645705,7.059902,0.029927522
21328,1437154916968,-6.700772,7.0742674,0.017956512
21329,1437154916986,-6.739678,7.086837,0.011971008
21330,1437154917007,-6.712743,7.07726,0.047884032
21331,1437154917025,-6.6564794,7.069479,0.049679685
21332,1437154917048,-6.5840545,7.095815,0.073621705
21333,1437154917066,-6.6295447,7.156269,0.030526072
21334,1437154917089,-6.535572,7.133524,0.024540568
21335,1437154917108,-6.583456,7.1981673,-0.0077811554
21336,1437154917128,-6.649895,7.2065473,-0.040102877
21337,1437154917148,-6.6026096,7.167641,-0.006584055
21338,1437154917164,-6.545149,7.176021,-0.017956512
21339,1437154917185,-6.649895,7.197569,-0.0017956513
21340,1437154917204,-6.657676,7.162853,-0.007182605
21341,1437154917227,-6.623559,7.1544733,0.04129998
21342,1437154917250,-6.602011,7.074866,0.0676362
21343,1437154917269,-6.5840545,7.0634937,0.073621705
21344,1437154917287,-6.691195,7.1131735,0.0664391
21345,1437154917308,-6.7570357,7.1185603,0.05686229
21346,1437154917385,-6.6504936,7.065289,0.074818805
21347,1437154917386,-6.64391,7.04015,0.06284779
21348,1437154917387,-6.6588736,7.065289,0.04189853
21349,1437154917388,-6.6947865,7.092224,0.065242
21350,1437154917405,-6.7205243,7.0952168,0.091578215
21351,1437154917431,-6.651691,7.0515227,0.11372458
21352,1437154917444,-6.623559,7.0754647,0.110133275
21353,1437154917464,-6.673837,7.0982094,0.08379706
21354,1437154917490,-6.697779,7.135918,0.05686229
21355,1437154917505,-6.7043633,7.1071877,0.093972415
21356,1437154917527,-6.595427,7.1233487,0.14544775
21357,1437154917545,-6.652888,7.125743,0.15023616
21358,1437154917566,-6.6684504,7.167641,0.15442601
21359,1437154917588,-6.6002154,7.150882,0.108936176
21360,1437154917608,-6.493075,7.131728,0.095169514
21361,1437154917626,-6.55293,7.167641,0.0688333
21362,1437154917647,-6.5738792,7.189189,0.06943185
21363,1437154917668,-6.5457473,7.107786,0.09696517
21364,1437154917686,-6.5960255,7.165247,0.08619126
21365,1437154917708,-6.679823,7.177218,0.038905777
21366,1437154917728,-6.611588,7.153875,0.1436521
21367,1437154917747,-6.56131,7.1790137,0.10594343
21368,1437154917766,-6.5816603,7.1820064,0.08259996
21369,1437154917789,-6.5361705,7.207744,0.089782566
21370,1437154917807,-6.535572,7.201759,0.04070143
21371,1437154917827,-6.5164185,7.1903863,0.0011971008
21372,1437154917848,-6.541558,7.16405,0.022744916
21373,1437154917869,-6.601413,7.125743,0.05267244
21374,1437154917888,-6.657676,7.140108,0.06823475
21375,1437154917907,-6.6295447,7.147889,0.08200141
21376,1437154917928,-6.603208,7.156269,0.0676362
21377,1437154917945,-6.5906386,7.1383123,0.06404489
21378,1437154917967,-6.573281,7.125743,0.048482586
21379,1437154917987,-6.587646,7.173627,0.054468088
21380,1437154918006,-6.593033,7.1670427,0.05746084
21381,1437154918028,-6.5840545,7.1604586,0.037110128
21382,1437154918049,-6.570288,7.16405,0.022744916
21383,1437154918126,-6.583456,7.2406645,-0.04070143
21384,1437154918127,-6.5804634,7.228095,-0.054468088
21385,1437154918128,-6.5146227,7.15567,-0.007182605
21386,1437154918129,-6.535572,7.167641,-0.007182605
21387,1437154918146,-6.600814,7.207744,-0.032920275
21388,1437154918170,-6.578069,7.244256,-0.025737667
21389,1437154918189,-6.4924765,7.228095,-0.073023155
21390,1437154918205,-6.467337,7.2364745,-0.09756372
21391,1437154918225,-6.5206084,7.24665,-0.11252748
21392,1437154918249,-6.5499372,7.240066,-0.1340753
21393,1437154918268,-6.4547677,7.2209125,-0.09636662
21394,1437154918287,-6.579266,7.265205,-0.14065935
21395,1437154918307,-6.583456,7.256227,-0.13826515
21396,1437154918328,-6.541558,7.225701,-0.107739076
21397,1437154918348,-6.55293,7.207744,-0.061650693
21398,1437154918368,-6.5325794,7.2023573,-0.045489833
21399,1437154918389,-6.55293,7.20954,-0.05805939
21400,1437154918409,-6.4936733,7.2268977,-0.050876785
21401,1437154918425,-6.4727244,7.240066,-0.076015905
21402,1437154918445,-6.449381,7.249643,-0.060453594
21403,1437154918465,-6.4858923,7.241862,-0.110731825
21404,1437154918485,-6.508039,7.2831616,-0.12150574
21405,1437154918511,-6.476914,7.309498,-0.14544775
21406,1437154918525,-6.4966664,7.2909427,-0.17477672
21407,1437154918546,-6.4966664,7.2508397,-0.12389994
21408,1437154918567,-6.553529,7.2568254,-0.11372458
21409,1437154918590,-6.5469446,7.2783732,-0.13587095
21410,1437154918647,-6.4469867,7.2610154,-0.130484
21411,1437154918648,-6.5307837,7.2664022,-0.11192893
21412,1437154918649,-6.582259,7.282563,-0.12449849
21413,1437154918665,-6.6103907,7.2328835,-0.091578215
21414,1437154918685,-6.4990606,7.2909427,-0.12389994
21415,1437154918705,-6.509236,7.339425,-0.18315643
21416,1437154918725,-6.5469446,7.3723454,-0.1340753
21417,1437154918745,-6.5445504,7.32925,-0.08020575
21418,1437154918767,-6.4386067,7.1903863,0.023942016
21419,1437154918785,-6.3422403,7.105392,0.11552023
21420,1437154918811,-6.4469867,7.0952168,0.15382746
21421,1437154918843,-6.5708866,7.104195,0.17657238
21422,1437154918845,-6.571485,7.0365586,0.21906945
21423,1437154918866,-6.6852098,7.133524,0.15203181
21424,1437154918886,-6.621763,7.2101383,0.008978256
21425,1437154918906,-6.4086795,7.2047515,0.029927522
21426,1437154918957,-6.3218894,7.3106947,-0.050278235
21427,1437154918958,-6.3260794,7.3986816,-0.108936176
21428,1437154918977,-6.297349,7.429208,-0.12090719
21429,1437154918986,-6.249465,7.433996,-0.11971009
21430,1437154919006,-6.2003837,7.414244,-0.14604631
21431,1437154919026,-6.1207767,7.3819222,-0.12569559
21432,1437154919046,-6.293758,7.455544,-0.11192893
21433,1437154919066,-6.389526,7.493851,-0.09935937
21434,1437154919086,-6.3751607,7.5572977,-0.11192893
21435,1437154919106,-6.281787,7.5566993,-0.10354923
21436,1437154919126,-6.167464,7.493851,-0.08259996
21437,1437154919146,-6.1279593,7.513005,-0.12210429
21438,1437154919166,-5.9142766,7.4974427,-0.12569559
21439,1437154919186,-5.6844335,7.3926964,-0.15861586
21440,1437154919210,-5.789778,7.5106106,-0.16819267
21441,1437154919228,-6.149507,7.5052238,-0.31663316
21442,1437154919247,-6.202778,7.48607,-0.41120413
21443,1437154919269,-6.4966664,7.642292,-0.504578
21444,1437154919288,-6.482301,7.6321163,-0.7433996
21445,1437154919306,-6.1447186,7.566276,-0.7224504
21446,1437154919326,-6.2859764,7.5046253,-0.7302315
21447,1437154919347,-6.615778,7.6668324,-0.7703344
21448,1437154919365,-6.5140243,7.49445,-0.79248077
21449,1437154919389,-6.407482,7.3442135,-0.60214174
21450,1437154919409,-6.771401,7.104195,-0.5686229
21451,1437154919425,-6.7013707,6.932411,-0.3776853
21452,1437154919445,-6.287772,6.9348054,-0.5518635
21453,1437154919465,-6.3985043,7.1861963,-0.90620536
21454,1437154919487,-5.85502,7.24665,-1.2641385
21455,1437154919507,-5.398925,7.562086,-1.5053543
21456,1437154919531,-5.679645,7.904457,-1.8710686
21457,1437154919553,-5.625177,8.149264,-2.0398598
21458,1437154919567,-6.155493,8.22947,-1.8614918
21459,1437154919586,-6.0806737,8.076839,-1.8926164
21460,1437154919605,-5.99149,7.8847046,-1.6723499
21461,1437154919627,-6.142923,7.7985134,-1.5646108
21462,1437154919646,-6.4523735,7.705738,-1.5239093
21463,1437154919667,-6.293758,7.438186,-1.4508862
21464,1437154919687,-6.257845,7.392098,-1.3018472
21465,1437154919710,-6.3703723,7.417237,-1.4221559
21466,1437154919730,-6.4248405,7.6907744,-1.4131776
21467,1437154919745,-7.0287776,7.697957,-1.7226281
21468,1437154919769,-6.0357823,7.3765354,-1.4975731
21469,1437154919787,-5.934029,7.2191167,-1.3108255
21470,1437154919809,-6.359598,7.45734,-1.6005238
21471,1437154919830,-6.0088477,7.49445,-1.6106992
21472,1437154919850,-5.544971,7.373543,-1.6753427
21473,1437154919870,-5.591658,7.60578,-1.970428
21474,1437154919890,-5.3642087,7.777564,-2.360683
21475,1437154919910,-5.5647235,7.8505874,-2.3080103
21476,1437154919930,-6.5337763,7.949348,-2.2224178
21477,1437154919946,-6.5020533,7.6746135,-2.0919337
21478,1437154919967,-6.4906807,7.3849154,-1.6711528
21479,1437154919989,-6.9425864,6.8749504,-1.3126211
21480,1437154920010,-7.181408,6.5744777,-0.7858967
21481,1437154920031,-6.969521,6.0663085,-0.4985925
21482,1437154920052,-7.223905,6.2099605,-0.21308395
21483,1437154920069,-7.3148847,6.4098763,-0.641646
21484,1437154920090,-6.464943,6.282984,-0.95827925
21485,1437154920109,-5.743091,6.688801,-1.0049661
21486,1437154920128,-5.8909335,7.256227,-1.5813702
21487,1437154920149,-6.3248825,7.972093,-1.8525136
21488,1437154920235,-5.915474,7.960122,-2.0817583
21489,1437154920236,-5.691616,7.9756846,-1.7585411
21490,1437154920237,-5.8532248,7.4268136,-1.5310919
21491,1437154920238,-6.1243677,7.699753,-1.2964603
21492,1437154920247,-6.5882444,7.431602,-1.3132197
21493,1437154920275,-6.4002995,7.409456,-1.2000936
21494,1437154920288,-6.3907228,7.0036387,-1.3784616
21495,1437154920322,-6.42903,7.0766616,-1.0755951
21496,1437154920331,-6.703765,6.827066,-1.2635399
21497,1437154920350,-6.825869,6.807314,-1.1378443
21498,1437154920370,-6.8767457,6.8623805,-1.1677719
21499,1437154920388,-6.9348054,7.091625,-1.4047978
21500,1437154920409,-6.52001,7.1311297,-1.5729905
21501,1437154920427,-5.911284,7.2951326,-1.5346833
21502,1437154920450,-6.3727665,7.3711486,-1.7298107
21503,1437154920470,-6.297349,7.351995,-1.7232267
21504,1437154920490,-6.4781113,7.271789,-1.5496471
21505,1437154920507,-6.4781113,7.1622543,-1.6208745
21506,1437154920530,-6.367379,6.9743094,-1.4915876
21507,1437154920551,-6.63553,7.180211,-1.4670471
21508,1437154920572,-6.7743936,7.171831,-1.6406267
21509,1437154920589,-6.4302273,7.121553,-1.6478093
21510,1437154920621,-6.4008985,7.0329676,-1.6699557
21511,1437154920630,-6.569091,7.140108,-1.6783354
21512,1437154920653,-6.4607534,7.0156097,-1.714847
21513,1437154920673,-6.3721676,7.2227077,-1.6765398
21514,1437154920693,-6.2889695,7.227496,-1.8028339
21515,1437154920710,-6.129156,7.0952168,-1.8764555
21516,1437154920728,-6.381146,7.393295,-1.8339585
21517,1437154920750,-6.549339,7.1131735,-2.0626047
21518,1437154920767,-6.4882865,7.0593038,-1.8166006
21519,1437154920822,-6.5391636,7.1347213,-2.130241
21520,1437154920823,-6.6828156,7.120356,-2.1398177
21521,1437154920828,-6.615179,7.037756,-1.9315223
21522,1437154920856,-6.7600284,6.9330096,-2.0231004
21523,1437154920874,-6.817489,6.941389,-1.8926164
21524,1437154920937,-6.6905966,6.95755,-1.8543092
21525,1437154920938,-6.531981,6.995259,-1.9458874
21526,1437154920939,-6.417059,7.0850415,-1.941099
21527,1437154920952,-6.503849,7.041946,-1.9285295
21528,1437154920969,-6.4098763,6.9707184,-1.881244
21529,1437154920988,-6.5511346,6.895301,-1.8483237
21530,1437154921009,-6.6708446,6.8839283,-1.8483237
21531,1437154921028,-6.7869635,6.892308,-1.8752584
21532,1437154921049,-6.801927,6.8707604,-1.9387048
21533,1437154921069,-6.9731126,6.9665284,-1.9901801
21534,1437154921088,-6.927623,6.923433,-2.0428526
21535,1437154921111,-6.7887588,6.8881183,-1.9812019
21536,1437154921128,-6.917447,7.021595,-1.9554642
21537,1437154921148,-6.854001,7.0742674,-1.9698294
21538,1437154921171,-6.5469446,6.9862804,-1.8752584
21539,1437154921191,-6.471527,6.8947024,-1.8710686
21540,1437154921211,-6.4960675,6.8085113,-1.8740613
21541,1437154921229,-6.767211,6.8462195,-1.851915
21542,1437154921250,-6.8240733,6.7318964,-1.894412
21543,1437154921271,-6.7708025,6.6947865,-1.8201919
21544,1437154921291,-6.909666,6.7187285,-1.8914193
21545,1437154921311,-6.9707184,6.7684083,-1.8255788
21546,1437154921331,-6.929418,6.8186865,-1.8339585
21547,1437154921348,-6.83784,6.8252707,-1.8267759
21548,1437154921371,-6.70556,6.8162923,-1.7812861
21549,1437154921389,-6.619968,6.8557963,-1.7675194
21550,1437154921409,-6.589442,6.945579,-1.7513585
21551,1437154921430,-6.4661403,7.1113777,-1.7908629
21552,1437154921453,-6.4110737,7.201759,-1.845331
21553,1437154921474,-6.5128274,7.2969284,-1.910573
21554,1437154921494,-6.4541693,7.2951326,-1.9219455
21555,1437154921511,-6.315904,7.258621,-1.9470845
21556,1437154921531,-6.3422403,7.2430587,-1.9482816
21557,1437154921551,-6.265626,7.2065473,-1.9297266
21558,1437154921711,-6.275801,7.2203135,-1.8860323
21559,1437154921712,-6.4990606,7.2711906,-1.875857
21560,1437154921713,-6.405088,7.1209545,-1.827973
21561,1437154921714,-6.3901243,7.0904284,-1.7531542
21562,1437154921715,-6.537368,7.125743,-1.7681179
21563,1437154921716,-6.4745197,7.076063,-1.7166426
21564,1437154921717,-6.4122705,7.0395517,-1.697489
21565,1437154921718,-6.475717,7.101801,-1.6514006
21566,1437154921754,-6.4948707,7.1101804,-1.6118963
21567,1437154921755,-6.4631476,7.1466923,-1.6172832
21568,1437154921770,-6.4380083,7.1502833,-1.6154876
21569,1437154921800,-6.5098343,7.249643,-1.6496049
21570,1437154921809,-6.3901243,7.249643,-1.6998832
21571,1437154921830,-6.253655,7.1826053,-1.6729485
21572,1437154921854,-6.3829417,7.204153,-1.5376761
21573,1437154921870,-6.42903,7.189788,-1.5382746
21574,1437154921892,-6.489484,7.1311297,-1.54845
21575,1437154921911,-6.5720835,7.152079,-1.4401124
21576,1437154921932,-6.570288,7.091027,-1.5077485
21577,1437154921952,-6.618172,7.2071457,-1.4610616
21578,1437154921973,-6.6229606,7.2167225,-1.4670471
21579,1437154921992,-6.4906807,7.271789,-1.441908
21580,1437154922012,-6.464943,7.299921,-1.4742297
21581,1437154922032,-6.320094,7.2310877,-1.4251486
21582,1437154922051,-6.2781954,7.176021,-1.4083891
21583,1437154922074,-6.405088,7.1688385,-1.4395138
21584,1437154922089,-6.51582,7.103596,-1.4826094
21585,1437154922112,-6.529587,7.049727,-1.3748703
21586,1437154922132,-6.4870896,6.977901,-1.4826094
21587,1437154922150,-6.5445504,7.1101804,-1.4694413
21588,1437154922171,-6.6205664,7.157466,-1.5352819
21589,1437154922192,-6.577471,7.144298,-1.4927847
21590,1437154922212,-6.4583592,7.047931,-1.5813702
21591,1437154922232,-6.3703723,7.091027,-1.5514427
21592,1437154922251,-6.670246,7.234679,-1.6005238
21593,1437154922272,-6.467337,7.181408,-1.6651673
21594,1437154922292,-6.525397,7.197569,-1.4933833
21595,1437154922312,-6.457162,7.1448965,-1.5819688
21596,1437154922332,-6.3787518,7.1981673,-1.5658079
21597,1437154922355,-6.371569,7.249643,-1.6256629
21598,1437154922430,-6.3165026,7.255628,-1.6849195
21599,1437154922431,-6.235698,7.253833,-1.678934
21600,1437154922432,-6.4002995,7.282563,-1.7567455
21601,1437154922433,-6.4032927,7.2664022,-1.7046716
21602,1437154922450,-6.389526,7.2592196,-1.6932992
21603,1437154922475,-6.2620344,7.233482,-1.7190368
21604,1437154922490,-6.3302693,7.2789717,-1.7381904
21605,1437154922509,-6.381745,7.349002,-1.780089
21606,1437154922553,-6.329671,7.337031,-1.7812861
21607,1437154922554,-6.245275,7.285556,-1.7525556
21608,1437154922573,-6.273407,7.3819222,-1.7495629
21609,1437154922593,-6.225523,7.402273,-1.7770962
21610,1437154922613,-6.1399302,7.417237,-1.757344
21611,1437154922631,-6.1261635,7.3992805,-1.83336
21612,1437154922649,-6.0262055,7.401076,-1.7962499
21613,1437154922670,-6.0764837,7.4106526,-1.8028339
21614,1437154922692,-6.108207,7.445967,-1.8249803
21615,1437154922718,-6.035184,7.451953,-1.8100165
21616,1437154922730,-6.043564,7.5046253,-1.8698715
21617,1437154922749,-5.943606,7.41604,-1.8962077
21618,1437154922769,-6.0184245,7.477092,-1.8441339
21619,1437154922790,-6.1279593,7.4693108,-1.9015948
21620,1437154922871,-6.025607,7.472902,-1.8950106
21621,1437154922872,-6.2141504,7.5566993,-1.9369092
21622,1437154922873,-6.0441623,7.5453267,-1.9393034
21623,1437154922874,-5.955577,7.505822,-1.939902
21624,1437154922888,-5.880758,7.4711065,-1.9267339
21625,1437154922908,-5.99149,7.4387846,-1.905186
21626,1437154922928,-6.129156,7.480085,-1.9201498
21627,1437154922949,-6.178836,7.430405,-1.929128
21628,1437154922968,-6.084265,7.3244615,-1.9446903
21629,1437154922998,-6.1758432,7.385514,-1.9590555
21630,1437154923008,-6.117784,7.401076,-1.9668367
21631,1437154923039,-5.9878983,7.469909,-1.9357121
21632,1437154923048,-5.97892,7.423821,-1.9710265
21633,1437154923068,-6.0088477,7.5148005,-1.9895816
21634,1437154923088,-6.099229,7.5590935,-2.0374656
21635,1437154923108,-6.0561333,7.521983,-2.0290859
21636,1437154923128,-6.091448,7.538144,-1.9829975
21637,1437154923148,-6.1860185,7.5082164,-2.0548236
21638,1437154923168,-6.0268044,7.4351935,-1.9901801
21639,1437154923188,-6.075287,7.381324,-1.9859903
21640,1437154923208,-6.1447186,7.3406224,-1.8884265
21641,1437154923228,-6.306926,7.363966,-1.8620903
21642,1437154923248,-6.221333,7.258621,-1.8201919
21643,1437154923268,-6.089652,7.20116,-1.7363948
21644,1437154923288,-5.93762,7.275979,-1.7794905
21645,1437154923308,-5.9388175,7.4806833,-1.8255788
21646,1437154923328,-6.1100025,7.587824,-1.858499
21647,1437154923350,-5.893926,7.615956,-1.9027919
21648,1437154923371,-5.7748146,7.6351094,-1.9285295
21649,1437154923391,-5.8322754,7.7470384,-1.9590555
21650,1437154923410,-5.667674,7.6907744,-1.9776106
21651,1437154923430,-5.752668,7.747637,-1.927931
21652,1437154923452,-5.844845,7.730279,-1.9452889
21653,1437154923473,-5.7664347,7.6452847,-1.8860323
21654,1437154923493,-5.855619,7.597999,-1.9231426
21655,1437154923511,-5.9322333,7.6045833,-1.929128
21656,1437154923531,-6.066907,7.657854,-1.9524715
21657,1437154923549,-5.8364654,7.635708,-1.9758149
21658,1437154923572,-5.768829,7.6590514,-1.951873
21659,1437154923591,-5.851429,7.674015,-1.951873
21660,1437154923611,-5.7383027,7.611766,-1.8926164
21661,1437154923630,-5.6976013,7.583634,-1.8513165
21662,1437154923652,-5.8717794,7.515399,-1.7699136
21663,1437154923693,-5.931635,7.518392,-1.7914615
21664,1437154923694,-5.869984,7.445967,-1.8285716
21665,1437154923720,-6.042965,7.5321584,-1.8339585
21666,1437154923730,-6.1040173,7.5483193,-1.9075803
21667,1437154923750,-6.0860605,7.583634,-1.9973627
21668,1437154923771,-5.868787,7.615956,-2.0177135
21669,1437154923794,-5.9400144,7.6608467,-2.0991163
21670,1437154923811,-5.971139,7.61416,-2.148796
21671,1437154923833,-6.0160303,7.574057,-2.0260932
21672,1437154923853,-6.271611,7.5387425,-2.0721815
21673,1437154923874,-6.215348,7.447763,-2.0129251
21674,1437154923894,-6.135142,7.4082584,-1.8662802
21675,1437154923912,-6.229713,7.3992805,-1.8177977
21676,1437154923931,-6.0651116,7.342418,-1.7280151
21677,1437154923954,-5.805939,7.203554,-1.6765398
21678,1437154923974,-6.0303955,7.2885485,-1.567005
21679,1437154923993,-6.3721676,7.428011,-1.513734
21680,1437154924013,-6.553529,7.599196,-1.5508442
21681,1437154924034,-6.845621,7.777564,-1.5448587
21682,1437154924050,-6.9126587,7.848193,-1.5131354
21683,1437154924071,-6.3302693,7.651869,-1.417966
21684,1437154924093,-6.125565,7.6093717,-1.4036007
21685,1437154924114,-6.3703723,7.4992385,-1.3796587
21686,1437154924132,-6.3206925,7.49026,-1.2467805
21687,1437154924153,-6.377555,7.4812818,-1.2066777
21688,1437154924174,-6.1746464,7.282563,-1.0893618
21689,1437154924193,-6.130952,7.2502413,-0.92176765
21690,1437154924214,-6.213552,7.33763,-0.9427169
21691,1437154924233,-6.302736,7.445967,-0.9211691
21692,1437154924254,-6.3009405,7.574057,-1.0073603
21693,1437154924274,-5.9729347,7.4848733,-0.9911995
21694,1437154924292,-5.86759,7.554305,-0.908001
21695,1437154924315,-5.73531,7.6644382,-1.0420763
21696,1437154924393,-5.839458,7.5668745,-0.98341835
21697,1437154924394,-6.169259,7.7410526,-1.1330559
21698,1437154924395,-5.993884,7.7548194,-1.3724761
21699,1437154924396,-5.847239,7.577648,-1.3994108
21700,1437154924412,-5.9926867,7.4830775,-1.4478935
21701,1437154924438,-5.9627595,7.477092,-1.5861586
21702,1437154924451,-5.9106855,7.4112515,-1.6543933
21703,1437154924471,-6.213552,7.6069775,-1.6597804
21704,1437154924492,-6.30932,7.5405383,-1.7471687
21705,1437154924513,-5.8119245,7.323863,-1.3455414
21706,1437154924533,-6.105813,7.345411,-1.4305356
21707,1437154924552,-6.147113,7.1939774,-1.4107834
21708,1437154924574,-6.129156,7.1101804,-1.2294226
21709,1437154924594,-6.495469,7.2029557,-1.4784195
21710,1437154924614,-6.5619082,7.187992,-1.4957775
21711,1437154924634,-6.6534867,7.3148847,-1.4437037
21712,1437154924652,-6.6067996,7.245453,-1.6071079
21713,1437154924674,-6.229114,7.0515227,-1.4101849
21714,1437154924694,-6.367379,6.965331,-1.46585
21715,1437154924714,-6.4505777,6.9348054,-1.4263457
21716,1437154924734,-6.4805055,6.894104,-1.3132197
21717,1437154924751,-6.949769,6.92044,-1.4329298
21718,1437154924773,-6.573281,6.845621,-1.2868834
21719,1437154924795,-6.938995,6.9366007,-1.388637
21720,1437154924815,-6.447585,7.038953,-1.3186066
21721,1437154924833,-6.411672,6.8731546,-1.3491327
21722,1437154924851,-6.5523314,7.2113357,-1.4143747
21723,1437154924873,-6.646304,7.0982094,-1.5849615
21724,1437154924893,-6.3488245,7.067683,-1.5328877
21725,1437154924912,-6.5511346,6.973711,-1.6597804
21726,1437154924933,-6.613982,6.7905545,-1.4227544
21727,1437154924954,-6.551733,6.7761893,-1.441908
21728,1437154924973,-6.9366007,6.9108634,-1.5496471
21729,1437154924994,-6.8492126,6.7612257,-1.5077485
21730,1437154925013,-6.781576,6.666056,-1.6711528
21731,1437154925039,-6.803124,6.649895,-1.757344
21732,1437154925113,-6.8665705,6.583456,-1.7304093
21733,1437154925114,-6.909666,6.7025676,-1.8782512
21734,1437154925115,-7.3723454,6.8013287,-2.2972364
21735,1437154925116,-6.6486983,6.4511766,-2.2744915
21736,1437154925134,-6.831256,6.5247984,-1.9758149
21737,1437154925159,-7.5124063,6.5924344,-2.1978772
21738,1437154925172,-7.2993226,6.357204,-2.0141222
21739,1437154925192,-7.057508,6.281787,-2.03567
21740,1437154925213,-7.097611,6.2865753,-2.2589293
21741,1437154925234,-7.354389,6.5098343,-2.3229742
21742,1437154925254,-7.303512,6.4062853,-2.3828292
21743,1437154925273,-7.45315,6.3123126,-2.3834279
21744,1437154925294,-7.004237,6.237494,-2.124854
21745,1437154925315,-7.2406645,6.194997,-2.134431
21746,1437154925335,-7.3466077,6.3721676,-2.1110873
21747,1437154925355,-7.111976,6.407482,-2.1559787
21748,1437154925373,-6.8785415,6.297349,-2.1877017
21749,1437154925394,-7.1903863,6.281188,-2.1972785
21750,1437154925415,-7.4962454,6.335656,-2.1398177
21751,1437154925433,-7.477092,6.302736,-2.183512
21752,1437154925456,-7.5112095,6.157288,-2.1559787
21753,1437154925474,-7.5082164,5.9843073,-2.1146786
21754,1437154925493,-7.435792,5.873575,-2.2200236
21755,1437154925513,-7.7985134,6.2351,-2.1374235
21756,1437154925535,-7.493851,6.2464724,-2.2337902
21757,1437154925555,-7.3232646,6.1477113,-2.1272483
21758,1437154925572,-7.00723,6.2075663,-2.1936872
21759,1437154925594,-7.1245456,6.2404866,-2.131438
21760,1437154925615,-7.1329255,6.3661823,-2.1458032
21761,1437154925635,-7.316082,6.1890116,-2.1511903
21762,1437154925655,-7.2819643,6.2045736,-2.1936872
21763,1437154925673,-7.301118,6.3003416,-2.2732944
21764,1437154925694,-7.425018,6.5247984,-2.4133554
21765,1437154925713,-6.992266,6.345233,-2.328361
21766,1437154925732,-6.9605427,6.281188,-2.2026656
21767,1437154925754,-7.1448965,6.318897,-2.3008277
21768,1437154925829,-6.964134,6.345233,-2.136825
21769,1437154925841,-7.065289,6.317101,-2.2888567
21770,1437154925842,-7.2753806,6.56131,-2.3834279
21771,1437154925843,-7.138911,6.341642,-2.360683
21772,1437154925852,-6.968324,6.145317,-2.1440077
21773,1437154925879,-7.2203135,6.579266,-2.0638018
21774,1437154925894,-7.4854717,6.7845693,-2.472612
21775,1437154925912,-6.6295447,6.6469026,-2.404377
21776,1437154925932,-6.4990606,6.63553,-2.3744495
21777,1437154925966,-6.8743515,6.645705,-2.4672248
21778,1437154925974,-6.932411,6.7145386,-2.3080103
21779,1437154925999,-6.877943,6.4727244,-2.2948422
21780,1437154926013,-6.7342906,6.67683,-2.4510639
21781,1437154926034,-6.7342906,6.7384806,-2.432509
21782,1437154926054,-6.533178,7.137714,-2.682703
21783,1437154926076,-6.2524576,6.9701195,-2.463035
21784,1437154926093,-6.2446766,6.8557963,-2.3259668
21785,1437154926114,-6.6864066,6.9210386,-2.4187422
21786,1437154926136,-6.9503675,6.935404,-2.2349873
21787,1437154926156,-6.811504,7.067085,-2.3056161
21788,1437154926178,-6.4128695,6.797737,-2.1817162
21789,1437154926193,-6.2620344,6.679823,-2.144606
21790,1437154926216,-6.554127,6.729502,-2.2469583
21791,1437154926235,-6.89171,6.6445084,-2.2164323
21792,1437154926254,-7.012018,6.657676,-2.2242134
21793,1437154926276,-6.6361284,6.4242415,-2.2900538
21794,1437154926294,-6.7881603,6.593033,-2.2451627
21795,1437154926315,-7.315483,6.923433,-2.396596
21796,1437154926336,-7.056311,6.7827735,-2.4127567
21797,1437154926355,-6.3177,6.56131,-2.3361423
21798,1437154926376,-6.625953,6.7091517,-2.44448
21799,1437154926394,-6.899491,6.8761473,-2.528277
21800,1437154926414,-6.6642604,6.7773867,-2.3187842
21801,1437154926434,-6.6864066,6.597223,-2.3187842
21802,1437154926455,-6.742072,6.4667387,-2.3133974
21803,1437154926475,-7.0605006,6.5391636,-2.231396
21804,1437154926493,-7.0168066,6.4583592,-2.2613235
21805,1437154926561,-6.9437833,6.4697313,-2.1619642
21806,1437154926562,-7.1425023,6.6588736,-2.2092497
21807,1437154926563,-7.1167645,6.575675,-2.1859062
21808,1437154926583,-6.8085113,6.5966244,-2.0608091
21809,1437154926594,-6.5469446,6.601413,-2.1242554
21810,1437154926617,-6.7773867,6.7905545,-2.1003134
21811,1437154926633,-6.7402763,6.939594,-2.231396
21812,1437154926653,-6.443395,6.737882,-2.2625206
21813,1437154926673,-6.6786256,6.901885,-2.2062569
21814,1437154926695,-6.591237,6.885724,-2.3840263
21815,1437154926714,-6.9581485,6.9348054,-2.40318
21816,1437154926733,-6.421249,6.8162923,-2.1374235
21817,1437154926753,-6.739079,6.6846113,-2.1823149
21818,1437154926774,-6.7426705,6.873753,-1.9387048
21819,1437154926793,-7.095815,6.943185,-2.1086931
21820,1437154926815,-6.429629,6.8450227,-2.0745757
21821,1437154926836,-6.599617,6.901885,-2.0913353
21822,1437154926854,-6.4368114,6.825869,-2.184709
21823,1437154926877,-6.581062,6.843227,-1.9818004
21824,1437154926898,-6.815095,6.985682,-2.1458032
21825,1437154926914,-6.733692,6.971317,-2.0392613
21826,1437154926937,-6.333262,6.8545995,-2.046444
21827,1437154926955,-5.9980736,6.969521,-2.1787236
21828,1437154926975,-6.499659,7.0754647,-2.1535845
21829,1437154926997,-6.8468184,7.114969,-2.2319946
21830,1437154927013,-6.6983776,7.067085,-2.1176715
21831,1437154927034,-6.801927,7.0227923,-2.1332338
21832,1437154927054,-6.5738792,7.141305,-2.2397757
21833,1437154927074,-6.4308257,7.071873,-2.2762873
21834,1437154927094,-6.56131,7.153875,-2.083554
21835,1437154927114,-6.6079965,7.2179193,-2.2529438
21836,1437154927136,-6.6774287,7.21373,-2.0709844
21837,1437154927154,-6.249465,7.1155677,-2.0003555
21838,1437154927175,-6.0184245,7.125743,-1.9602526
21839,1437154927194,-6.4727244,7.24665,-1.8794483
21840,1437154927216,-6.577471,7.309498,-1.785476
21841,1437154927238,-6.522404,7.422025,-1.6687586
21842,1437154927301,-6.325481,7.4136457,-1.7046716
21843,1437154927302,-6.1465144,7.351396,-1.6861166
21844,1437154927303,-6.2847795,7.450157,-1.6597804
21845,1437154927314,-6.4936733,7.7213006,-1.484405
21846,1437154927343,-6.1566896,7.735666,-1.4688427
21847,1437154927379,-5.74369,7.776367,-1.483208
21848,1437154927380,-5.3564277,7.6081743,-1.5023615
21849,1437154927394,-5.6868277,7.723695,-1.484405
21850,1437154927416,-6.335656,7.8428063,-1.4089876
21851,1437154927435,-6.5487404,7.864354,-1.3204023
21852,1437154927455,-6.1249666,7.5584946,-1.2066777
21853,1437154927478,-5.783194,7.2185183,-1.1641805
21854,1437154927494,-5.837662,7.1047935,-1.1174936
21855,1437154927516,-6.0884547,7.141904,-1.0809821
21856,1437154927535,-5.979519,7.0850415,-1.0833763
21857,1437154927556,-6.017826,7.053318,-1.1486182
21858,1437154927578,-6.367379,7.2424603,-1.2378023
21859,1437154927596,-6.341043,7.3472066,-1.5059528
21860,1437154927614,-6.4308257,7.6009917,-1.1450269
21861,1437154927635,-6.815095,7.727286,-1.3365631
21862,1437154927656,-5.1840453,7.421427,-1.3628993
21863,1437154927681,-5.8221,7.216124,-0.997185
21864,1437154927696,-6.6522894,7.5561004,-1.1791444
21865,1437154927720,-6.4709287,7.3083005,-0.9888053
21866,1437154927735,-6.291962,7.439383,-0.8283938
21867,1437154927756,-6.089652,7.4471645,-0.8948329
21868,1437154927778,-6.269816,7.8062944,-0.6183026
21869,1437154927794,-6.5601125,7.9876556,-0.79487497
21870,1437154927814,-6.287772,8.187572,-0.74758947
21871,1437154927834,-5.2008047,7.2424603,-0.82899237
21872,1437154927859,-4.9099092,7.2670007,-0.5614403
21873,1437154927881,-6.935404,7.053318,-0.7613561
21874,1437154927900,-6.9743094,7.147889,-0.44891283
21875,1437154927915,-7.233482,7.4405804,-0.3842694
21876,1437154928022,-6.518214,7.3753386,-0.89064306
21877,1437154928023,-5.5407815,7.378331,-0.6135142
21878,1437154928024,-5.957372,7.439982,-0.94930094
21879,1437154928025,-6.221333,7.7332716,-0.92176765
21880,1437154928026,-6.117784,7.361572,-0.83497787
21881,1437154928037,-5.955577,7.390302,-0.6805518
21882,1437154928069,-6.3943143,7.4208283,-0.7140707
21883,1437154928075,-6.579865,7.567473,-0.6691794
21884,1437154928094,-6.377555,7.5722613,-0.6841431
21885,1437154928116,-6.1117983,7.5483193,-0.8110358
21886,1437154928136,-5.8107276,7.5321584,-0.6751649
21887,1437154928160,-6.072294,7.597999,-0.80205756
21888,1437154928181,-6.266823,7.6710224,-0.7918822
21889,1437154928195,-5.725135,7.5561004,-0.8074445
21890,1437154928218,-5.6377463,7.6309195,-0.86490536
21891,1437154928238,-6.0040593,7.6093717,-0.93134445
21892,1437154928257,-6.0980315,7.8068933,-0.7811083
21893,1437154928278,-6.1411276,7.5770497,-0.8870517
21894,1437154928299,-5.8741736,7.575853,-0.7763199
21895,1437154928317,-5.9011087,7.5788455,-0.88405895
21896,1437154928338,-5.9047,7.627328,-0.96905315
21897,1437154928357,-6.0447607,7.792528,-0.8924387
21898,1437154928377,-6.0507464,7.8865004,-1.0564415
21899,1437154928399,-6.0118403,7.897873,-1.06123
21900,1437154928415,-5.9358244,7.8212585,-0.98940384
21901,1437154928438,-6.220136,7.7811556,-1.0217255
21902,1437154928457,-6.2195373,7.5985975,-0.919972
21903,1437154928477,-6.347627,7.4447703,-0.84694886
21904,1437154928497,-6.4828997,7.5046253,-0.82779527
21905,1437154928515,-6.546346,7.4202294,-0.8230068
21906,1437154928535,-6.2991447,7.368156,-0.80804306
21907,1437154928555,-6.2315083,7.3633676,-0.8170213
21908,1437154928578,-6.0040593,7.41604,-0.92176765
21909,1437154928620,-5.620987,7.52737,-0.9684546
21910,1437154928621,-5.6987987,7.53156,-0.8810662
21911,1437154928670,-5.81372,7.7207017,-0.93972415
21912,1437154928671,-5.793968,7.8613615,-1.0289081
21913,1437154928676,-5.3420625,7.9062524,-0.961272
21914,1437154928750,-5.2361193,7.8835077,-0.93732995
21915,1437154928751,-5.795764,8.080431,-0.9475053
21916,1437154928752,-5.433641,8.015787,-1.0941502
21917,1437154928755,-5.6826377,8.011598,-1.1150994
21918,1437154928776,-5.6569,7.639299,-1.1031284
21919,1437154928801,-6.183026,7.900267,-0.9744401
21920,1437154928815,-6.1758432,7.4681134,-1.1186907
21921,1437154928835,-5.8723783,7.685986,-0.85652566
21922,1437154928868,-5.768829,7.515399,-1.1013328
21923,1437154928875,-5.7496753,7.8787193,-0.90381116
21924,1437154928895,-6.0764837,7.7147164,-0.9175778
21925,1437154928915,-5.6868277,7.6165543,-0.8523358
21926,1437154928935,-5.515642,7.663241,-0.92775315
21927,1437154928955,-5.849633,8.043321,-1.0809821
21928,1437154928975,-5.595848,8.10138,-1.2449849
21929,1437154928994,-5.543774,8.158841,-1.0265139
21930,1437154929014,-6.0687027,8.095993,-1.1414356
21931,1437154929034,-5.9322333,7.9822683,-1.2395979
21932,1437154929058,-5.8221,7.8613615,-0.9259575
21933,1437154929074,-5.683835,7.7105265,-1.2509704
21934,1437154929094,-5.839458,7.7919292,-0.9864111
21935,1437154929114,-6.23091,7.711724,-1.0019734
21936,1437154929134,-6.136339,7.889493,-0.9295488
21937,1437154929154,-6.2608376,7.674015,-0.9127894
21938,1437154929174,-6.0010667,7.1844006,-0.7134721
21939,1437154929194,-6.6744356,7.104195,-0.47046062
21940,1437154929214,-6.4906807,6.949769,-0.5662287
21941,1437154929234,-6.875549,7.3088994,-0.52133745
21942,1437154929254,-6.2219315,6.9288197,-0.801459
21943,1437154929274,-6.4140663,7.067085,-0.48482585
21944,1437154929294,-6.3619924,7.057508,-0.7613561
21945,1437154929314,-5.99149,7.1514807,-0.7637503
21946,1437154929334,-5.887342,7.355586,-0.90141696
21947,1437154929355,-6.283582,7.280169,-0.91697925
21948,1437154929375,-6.5990186,7.3525934,-0.9139865
21949,1437154929405,-6.2674217,7.483676,-1.234211
21950,1437154929418,-5.861604,7.475895,-1.3395559
21951,1437154929435,-6.303933,7.381324,-1.1552023
21952,1437154929459,-6.4260373,7.252037,-1.1025299
21953,1437154929476,-6.91625,7.237672,-0.9115923
21954,1437154929498,-6.755839,7.1514807,-0.98940384
21955,1437154929515,-6.482301,7.1586633,-1.103727
21956,1437154929540,-6.6654577,7.150882,-1.0570401
21957,1437154929556,-6.5445504,6.9623384,-1.0564415
21958,1437154929576,-6.6002154,7.073669,-1.0079589
21959,1437154929599,-6.813898,7.0515227,-1.1719618
21960,1437154929618,-6.223129,6.83365,-0.9427169
21961,1437154929637,-6.973711,7.265804,-0.80205756
21962,1437154929660,-7.0527196,7.450157,-1.1887212
21963,1437154929676,-6.399701,7.578247,-1.0636241
21964,1437154929699,-6.282984,7.620744,-1.2132617
21965,1437154929719,-5.8909335,7.769783,-1.2868834
21966,1437154929735,-6.166865,7.8428063,-1.1953052
21967,1437154929759,-6.4978633,7.825448,-1.3012487
21968,1437154929775,-6.5325794,7.6201453,-1.1923125
21969,1437154929798,-6.361394,7.1808095,-1.0911574
21970,1437154929816,-6.120178,6.9796963,-0.99658644
21971,1437154929841,-6.4661403,7.129933,-0.88046765
21972,1437154929861,-6.452972,7.294534,-0.9516952
21973,1437154929878,-6.0262055,7.45734,-0.88286185
21974,1437154929899,-5.9681463,7.41185,-0.82599956
21975,1437154929915,-5.9202623,7.295731,-0.842759
21976,1437154929936,-6.1249666,7.2352777,-0.8158242
21977,1437154929957,-6.7444663,7.3723454,-0.82001406
21978,1437154929980,-7.3106947,7.5866265,-0.75836337
21979,1437154929997,-7.2125325,7.5962033,-0.79726917
21980,1437154930069,-6.9862804,7.3208704,-0.84575176
21981,1437154930070,-6.505645,7.380127,-0.7368156
21982,1437154930071,-6.5002575,6.71813,-0.97503865
21983,1437154930078,-6.7725983,6.95336,-0.52971715
21984,1437154930100,-6.9102645,6.8761473,-0.7589619
21985,1437154930121,-6.0998273,7.0946183,-0.75716627
21986,1437154930136,-6.249465,6.693589,-0.4770447
21987,1437154930165,-6.6642604,7.061698,-0.3824737
21988,1437154930182,-6.7719994,7.088034,-0.5243302
21989,1437154930197,-6.297349,6.9599442,-0.47046062
21990,1437154930221,-6.8743515,6.9587474,-0.42437226
21991,1437154930241,-6.752846,6.678027,-0.56323594
21992,1437154930257,-6.743868,6.8665705,-0.5009867
21993,1437154930278,-7.137714,7.0664864,-0.4854244
21994,1437154930298,-6.7546415,7.282563,-0.6877344
21995,1437154930320,-6.2249246,7.1700354,-0.5506664
21996,1437154930340,-6.9102645,6.9982514,-0.581791
21997,1437154930360,-7.0622964,6.7588315,-0.58538234
21998,1437154930380,-7.0634937,6.623559,-0.55725044
21999,1437154930399,-7.2227077,6.908469,-0.516549
22000,1437154930420,-7.20954,6.8025255,-0.7637503
22001,1437154930439,-7.1514807,6.6145806,-0.34476504
22002,1437154930461,-7.6015906,6.5259953,-0.28072014
22003,1437154930478,-6.6654577,6.3991027,-0.44711718
22004,1437154930500,-6.999449,6.3889275,-0.3878607
22005,1437154930520,-7.092224,6.3769565,-0.32022446
22006,1437154930543,-7.4830775,6.4978633,-0.6392518
22007,1437154930564,-7.243657,6.607398,-0.62009823
22008,1437154930577,-7.221511,6.699575,-0.7613561
22009,1437154930599,-7.114969,6.7205243,-0.7577648
22010,1437154930617,-7.3202715,6.7324953,-0.6799533
22011,1437154930639,-7.0209966,6.591237,-0.6781576
22012,1437154930660,-6.7929487,6.52001,-0.6135142
22013,1437154930681,-7.123947,6.6684504,-0.6422446
22014,1437154930703,-7.391499,6.819285,-0.770933
22015,1437154930719,-7.233482,6.9132576,-0.7493851
22016,1437154930739,-6.869563,6.657078,-0.6961141
22017,1437154930824,-6.7708025,6.719327,-0.6835446
22018,1437154930825,-7.007828,6.849811,-0.8038532
22019,1437154930826,-6.813898,6.9916677,-0.89064306
22020,1437154930827,-6.5738792,7.0742674,-0.86729956
22021,1437154930840,-6.8492126,7.023391,-0.8074445
22022,1437154930860,-7.1395097,6.9078703,-0.6877344
22023,1437154930880,-7.071873,6.6612678,-0.43873745
22024,1437154930900,-7.1221514,6.4948707,-0.5009867
22025,1437154930917,-7.0724716,6.5098343,-0.6596026
22026,1437154930939,-7.268198,6.4062853,-0.8948329
22027,1437154930960,-7.093421,6.50744,-0.9576807
22028,1437154930983,-6.7606273,5.969343,-1.1025299
22029,1437154931001,-7.465719,6.067506,-1.0313023
22030,1437154931020,-7.8326306,6.5098343,-1.1587936
22031,1437154931040,-7.615357,6.30513,-1.2192472
22032,1437154931060,-7.1844006,6.223727,-0.98341835
22033,1437154931081,-7.7727757,6.539762,-1.2593501
22034,1437154931101,-7.724293,6.757634,-1.3000516
22035,1437154931120,-6.3105173,6.591836,-1.377863
22036,1437154931140,-6.0543375,6.8402343,-1.3239936
22037,1437154931161,-6.8689647,7.3525934,-1.4341269
22038,1437154931180,-6.545149,7.6045833,-1.5873557
22039,1437154931202,-6.1644707,7.387908,-1.508347
22040,1437154931217,-5.369596,7.1353197,-1.6825253
22041,1437154931240,-5.2887917,7.0132155,-1.6609775
22042,1437154931260,-6.4368114,7.20954,-1.5047557
22043,1437154931281,-6.861782,7.21373,-1.5885528
22044,1437154931299,-6.8462195,7.2711906,-1.525705
22045,1437154931321,-6.7869635,7.438186,-1.9003977
22046,1437154931340,-6.51582,7.716512,-2.0254946
22047,1437154931361,-6.0327897,7.756615,-2.409764
22048,1437154931381,-6.066907,7.6201453,-2.4426842
22049,1437154931400,-6.1704564,7.337031,-2.2176294
22050,1437154931422,-6.2075663,7.227496,-2.1272483
22051,1437154931448,-5.9861026,7.067085,-2.0171149
22052,1437154931458,-5.6467247,6.712743,-1.6220716
22053,1437154931658,-6.179435,7.0383544,-1.3144168
22054,1437154931659,-6.779182,7.2711906,-1.6262615
22055,1437154931660,-6.477513,7.259818,-1.7316064
22056,1437154931661,-6.4206505,7.1586633,-1.6777369
22057,1437154931662,-6.8563952,7.4226236,-1.8632874
22058,1437154931663,-6.8085113,7.615357,-1.9297266
22059,1437154931664,-6.5828576,7.258621,-1.8770541
22060,1437154931665,-6.746262,7.031172,-1.5346833
22061,1437154931666,-6.917447,7.1305313,-1.3946224
22062,1437154931667,-6.8288617,6.6361284,-1.590947
22063,1437154931707,-6.1985884,6.6079965,-1.2186487
22064,1437154931708,-6.38354,6.715736,-1.4490906
22065,1437154931720,-6.6882024,6.663662,-1.6130934
22066,1437154931752,-6.880337,6.739079,-1.3724761
22067,1437154931759,-7.3669586,6.8689647,-1.7208325
22068,1437154931780,-7.091027,6.730101,-1.7890673
22069,1437154931799,-6.736685,6.71394,-1.5897499
22070,1437154931823,-6.9240313,6.747459,-1.9135658
22071,1437154931839,-6.483498,6.5403605,-1.9955671
22072,1437154931861,-7.5944076,7.2448545,-1.894412
22073,1437154931881,-6.9144545,6.739678,-2.5540147
22074,1437154931901,-5.474941,6.4427967,-1.8070238
22075,1437154931921,-6.9383965,6.96593,-1.9099745
22076,1437154931939,-7.100005,6.8067155,-2.393603
22077,1437154931961,-5.995081,6.4948707,-1.9351135
22078,1437154931981,-7.017405,7.6171527,-2.4863784
22079,1437154932001,-5.8705826,7.077859,-2.9574378
22080,1437154932021,-5.7215433,7.8428063,-2.0691888
22081,1437154932040,-6.2303114,7.6524673,-2.8179753
22082,1437154932060,-6.0968347,7.680599,-2.4881742
22083,1437154932082,-5.9968767,7.5644803,-2.3002293
22084,1437154932099,-5.775413,7.386112,-2.3558946
22085,1437154932121,-6.2865753,7.579444,-2.2122424
22086,1437154932142,-5.90889,7.2179193,-2.131438
22087,1437154932163,-6.2380924,7.282563,-1.8070238
22088,1437154932183,-6.3619924,7.4465656,-1.9578584
22089,1437154932208,-5.7616463,7.3047094,-1.8477252
22090,1437154932223,-6.3129115,7.4088573,-1.7615339
22091,1437154932241,-6.3368535,7.445369,-1.6585833
22092,1437154932273,-6.4643445,7.826047,-1.5143325
22093,1437154932279,-5.897517,7.804499,-1.6196774
22094,1437154932306,-5.439626,7.5806413,-1.2886791
22095,1437154932318,-5.7502737,7.699753,-1.3617022
22096,1437154932360,-5.3522377,7.961918,-1.5616181
22097,1437154932361,-5.2199583,8.039729,-1.4371196
22098,1437154932383,-5.439028,8.104373,-1.4730326
22099,1437154932400,-5.4085016,8.07265,-1.2599486
22100,1437154932419,-6.2285156,7.8853035,-1.2473791
22101,1437154932439,-6.3566055,7.81647,-1.2138603
22102,1437154932459,-5.4725466,7.4962454,-1.0809821
22103,1437154932479,-6.0501475,7.739856,-1.0366893
22104,1437154932500,-5.935226,8.007407,-1.5729905
22105,1437154932519,-5.1846437,7.5285673,-0.96785605
22106,1437154932544,-6.1357403,7.9224133,-1.54845
22107,1437154932559,-5.170877,8.031349,-1.2599486
22108,1437154932583,-5.7724204,7.6889787,-0.830788
22109,1437154932600,-5.641338,7.3711486,-0.931943
22110,1437154932619,-5.9465985,7.6111674,-0.7469909
22111,1437154932640,-5.920861,7.6943655,-1.0061632
22112,1437154932661,-5.943606,7.8452005,-0.87927055
22113,1437154932679,-6.244078,7.85358,-1.1881226
22114,1437154932700,-5.686229,7.740454,-1.0534488
22115,1437154932721,-6.0124393,7.590218,-1.1504139
22116,1437154932739,-5.786187,7.6811976,-1.2258313
22117,1437154932760,-5.9507885,7.5387425,-1.2617443
22118,1437154932779,-5.7400985,7.654263,-1.0588357
22119,1437154932830,-5.9783216,7.764396,-1.1839328
22120,1437154932831,-5.878962,7.73806,-0.9624691
22121,1437154932839,-5.9998693,7.650073,-0.82899237
22122,1437154932859,-5.5629277,7.4896617,-0.7350199
22123,1437154932883,-5.6042275,7.754221,-0.55964464
22124,1437154932903,-6.299743,7.9649105,-0.8559271
22125,1437154932921,-5.4432178,7.8948803,-0.694917
22126,1437154932942,-6.0040593,7.89907,-0.23702596
22127,1437154932963,-6.4924765,7.5572977,-0.599149
22128,1437154932984,-5.9292407,7.1395097,-0.22744916
22129,1437154933005,-6.82946,6.9228344,-0.11133038
22130,1437154933020,-6.63134,7.2664022,-0.6943185
22131,1437154933041,-6.073491,7.234679,-0.6075287
22132,1437154933079,-6.521207,7.2233067,-0.3321955
22133,1437154933080,-7.2909427,6.955156,-0.46926352
22134,1437154933103,-6.8905125,6.785766,-0.24899697
22135,1437154933119,-7.2083426,6.6971807,-0.4141969
22136,1437154933138,-6.441001,6.541558,-0.6290765
22137,1437154933160,-6.9796963,6.6654577,-0.24420857
22138,1437154933179,-7.735666,6.601413,-0.700304
22139,1437154933199,-5.683236,6.628946,0.18495208
22140,1437154933223,-7.270592,6.6804214,-0.016759412
22141,1437154933239,-8.001422,6.7929487,-0.5021838
22142,1437154933263,-7.1383123,6.564901,-0.23463176
22143,1437154933282,-7.27957,6.969521,-0.29867667
22144,1437154933396,-6.6044054,7.012018,-0.8870517
22145,1437154933397,-5.7646394,6.997653,-0.54887074
22146,1437154933398,-7.1251445,6.7223196,-0.5626374
22147,1437154933399,-7.252037,6.7001734,-0.51595044
22148,1437154933400,-6.5026517,6.593033,-0.17058687
22149,1437154933401,-6.63553,6.447585,-0.23283611
22150,1437154933419,-7.386112,6.4858923,0.34476504
22151,1437154933439,-8.009802,6.737882,0.48602295
22152,1437154933460,-7.631518,6.9126587,0.40043023
22153,1437154933478,-7.374141,7.0820484,0.54767364
22154,1437154933503,-7.0730705,6.803124,0.42676646
22155,1437154933518,-7.433398,6.881534,0.32621
22156,1437154933538,-7.2352777,6.5655,0.3597288
22157,1437154933558,-7.3029137,6.5026517,0.5835867
22158,1437154933578,-7.748235,5.9477954,0.35254622
22159,1437154933598,-7.2071457,5.8628016,0.635062
22160,1437154933618,-7.5746555,6.0022635,0.3196259
22161,1437154933638,-7.8050976,6.2165446,-0.076015905
22162,1437154933658,-7.815273,6.307524,0.10414778
22163,1437154933678,-7.848193,6.321291,0.19931729
22164,1437154933698,-7.3059063,6.2063694,0.31663316
22165,1437154933718,-6.7121444,6.266823,0.3716998
22166,1437154933738,-7.265205,6.5655,0.108337626
22167,1437154933758,-7.3525934,6.5481415,-0.022146367
22168,1437154933778,-7.004237,6.5385647,0.032920275
22169,1437154933799,-6.4308257,6.534375,-0.15801731
22170,1437154933819,-6.8869214,6.940192,-0.25498247
22171,1437154933838,-6.9078703,6.9479733,-0.32621
22172,1437154933860,-6.645107,7.047333,-0.38606504
22173,1437154933879,-6.409278,7.1808095,-0.33279404
22174,1437154933900,-6.4499793,7.3992805,-0.46148238
22175,1437154933923,-6.4026937,7.3669586,-0.3776853
22176,1437154933943,-6.506243,7.459734,-0.37588966
22177,1437154933963,-6.5385647,7.579444,-0.46567222
22178,1437154933980,-6.242881,7.4549456,-0.3321955
22179,1437154934002,-6.011242,7.593809,-0.4333505
22180,1437154934023,-6.1411276,7.7572136,-0.53330845
22181,1437154934043,-6.141726,7.7201033,-0.3866636
22182,1437154934061,-6.2823853,7.7183075,-0.37110126
22183,1437154934088,-6.42903,7.8188643,-0.34715924
22184,1437154934100,-6.3751607,7.9086466,-0.3788824
22185,1437154934123,-6.232107,7.796119,-0.35793316
22186,1437154934144,-6.0441623,7.697957,-0.25498247
22187,1437154934164,-5.9172697,7.645883,-0.2220622
22188,1437154934184,-5.683236,7.603386,-0.2088941
22189,1437154934202,-5.789778,7.562086,-0.24181437
22190,1437154934222,-6.047155,7.6644382,-0.29269117
22191,1437154934241,-6.449381,7.5495167,-0.3274071
22192,1437154934289,-6.3589997,7.503428,-0.42078096
22193,1437154934290,-6.201581,7.3124905,-0.33518824
22194,1437154934318,-6.3272767,7.45734,-0.14544775
22195,1437154934323,-6.4745197,7.7745714,-0.3657143
22196,1437154934340,-6.5152216,7.608773,-0.3728969
22197,1437154934361,-6.245275,7.507618,-0.29269117
22198,1437154934381,-5.732916,6.782175,-0.24959552
22199,1437154934401,-6.1303535,7.2328835,0.29628247
22200,1437154934423,-6.4284315,6.9186444,-0.23343466
22201,1437154934441,-6.3392477,7.4669166,-0.31244332
22202,1437154934462,-6.0890536,7.5165963,-0.57281274
22203,1437154934482,-6.353613,7.543531,-0.7134721
22204,1437154934502,-6.4936733,7.480085,-0.8714894
22205,1437154934523,-6.862979,7.7590094,-1.033098
22206,1437154934544,-6.11539,7.52737,-0.95708215
22207,1437154934564,-6.277597,7.386112,-0.8265981
22208,1437154934584,-6.23091,7.0634937,-0.557849
22209,1437154934603,-6.603807,6.737882,-0.20171149
22210,1437154934623,-6.9838862,6.5206084,-0.3609259
22211,1437154934644,-7.052121,6.2554507,-0.39624038
22212,1437154934664,-6.1836243,5.9424086,-0.44771573
22213,1437154934684,-6.8599863,6.3470287,-0.29807812
22214,1437154934702,-8.288128,6.603807,-0.6422446
22215,1437154934722,-8.008006,6.305729,-0.79008657
22216,1437154934744,-6.9144545,6.238691,-0.6835446
22217,1437154934764,-6.6882024,6.4990606,-1.4586674
22218,1437154934784,-6.2219315,7.083844,-1.2952632
22219,1437154934801,-7.1766195,7.1047935,-1.5759833
22220,1437154934823,-7.1885905,7.191583,-1.6921021
22221,1437154934843,-7.050924,7.177817,-1.572392
22222,1437154934864,-6.600814,6.885724,-1.6071079
22223,1437154934884,-6.5469446,7.2592196,-1.6154876
22224,1437154934901,-6.4589577,7.331644,-1.8201919
22225,1437154934923,-6.2901664,7.4447703,-1.602918
22226,1437154934943,-6.531981,7.5441294,-1.7711107
22227,1437154934963,-5.7640405,7.5824366,-1.8010383
22228,1437154934981,-5.8322754,7.5267715,-1.632247
22229,1437154935072,-5.923255,7.5692687,-1.7016789
22230,1437154935073,-6.2087636,7.7129207,-1.6071079
22231,1437154935074,-6.1165867,7.567473,-1.4754268
22232,1437154935075,-5.990891,7.518392,-1.2737153
22233,1437154935084,-6.393716,7.523779,-1.2078748
22234,1437154935103,-6.3105173,7.6572556,-1.0965444
22235,1437154935123,-6.2943563,7.703344,-1.1695676
22236,1437154935141,-6.3512187,7.6710224,-0.9564836
22237,1437154935162,-6.109404,7.6309195,-1.0468647
22238,1437154935183,-5.6527104,7.5088153,-1.06123
22239,1437154935204,-5.6161985,7.479486,-1.2934675
22240,1437154935228,-5.273828,7.33763,-1.4460979
22241,1437154935242,-6.285378,7.5950065,-1.5933412
22242,1437154935264,-7.848193,7.7213006,-1.1773487
22243,1437154935283,-6.8366427,7.076063,-0.7134721
22244,1437154935305,-5.533599,6.3829417,-0.50517654
22245,1437154935324,-6.297349,6.471527,-0.6859388
22246,1437154935345,-7.578247,6.751649,-1.0229226
22247,1437154935365,-8.143877,7.632715,-1.5562311
22248,1437154935385,-7.4705076,7.1245456,-1.8644845
22249,1437154935406,-5.271434,6.7965403,-1.8531121
22250,1437154935423,-4.970961,6.95336,-2.1877017
22251,1437154935445,-6.558317,7.8290396,-2.2457612
22252,1437154935462,-6.699575,8.108562,-2.4953568
22253,1437154935482,-5.227141,7.3992805,-2.367267
22254,1437154935503,-5.442619,6.782175,-1.8261774
22255,1437154935523,-6.6403184,7.019201,-1.8698715
22256,1437154935542,-6.6067996,6.933608,-1.9446903
22257,1437154935562,-6.3548098,6.8563952,-1.7986441
22258,1437154935588,-7.309498,7.5507135,-1.9129672
22259,1437154935603,-6.7725983,7.566276,-2.083554
22260,1437154935623,-5.1277814,7.3603745,-1.8962077
22261,1437154935645,-5.5743003,7.8709383,-1.7250223
22262,1437154935662,-6.9796963,8.532935,-1.8561049
22263,1437154935683,-5.4551888,7.6249337,-2.0649989
22264,1437154935703,-4.915296,6.8360443,-1.460463
22265,1437154935723,-7.015011,6.891111,-1.6944963
22266,1437154935742,-7.08145,6.8085113,-1.5825673
22267,1437154935815,-6.5379663,6.543952,-1.1085154
22268,1437154935816,-6.815095,6.453571,-1.2084733
22269,1437154935817,-7.6943655,7.293337,-1.1366472
22270,1437154935826,-7.301717,7.5267715,-1.3688848
22271,1437154935842,-4.4843397,7.374141,-1.6166847
22272,1437154935864,-4.225766,8.091804,-1.4095862
22273,1437154935882,-6.077681,8.72088,-1.5813702
22274,1437154935908,-5.659893,8.579023,-1.7621324
22275,1437154935923,-4.374805,7.290344,-1.2605472
22276,1437154935943,-5.9160724,7.2298903,-1.2006922
22277,1437154935963,-6.6445084,7.04434,-1.4610616
22278,1437154935983,-6.4900823,6.694188,-1.1228806
22279,1437154936004,-6.510433,6.8653736,-1.3024458
22280,1437154936023,-7.4208283,7.744644,-1.4688427
22281,1437154936045,-6.7827735,8.041525,-1.7830818
22282,1437154936063,-4.9182887,7.797915,-1.532289
22283,1437154936084,-4.941034,7.855376,-1.3257892
22284,1437154936106,-6.1225724,8.191162,-1.3640964
22285,1437154936122,-6.117784,8.0924015,-1.1210849
22286,1437154936143,-5.118803,6.985682,-1.0354922
22287,1437154936166,-5.518635,6.7809777,-0.8194155
22288,1437154936186,-6.730101,6.799533,-1.1468226
22289,1437154936205,-6.801927,7.1023993,-1.0905589
22290,1437154936223,-6.4840965,7.1023993,-1.3096284
22291,1437154936244,-6.921637,7.675811,-1.3251907
22292,1437154936265,-7.041946,8.127118,-1.477821
22293,1437154936285,-5.058948,7.836222,-1.5688007
22294,1437154936304,-4.707599,8.347982,-1.1402385
22295,1437154936324,-6.232107,8.635885,-1.5490485
22296,1437154936344,-4.5286326,7.511808,-1.6101006
22297,1437154936366,-5.7538652,7.383718,-1.1575965
22298,1437154936386,-6.654085,7.2065473,-1.7621324
22299,1437154936405,-6.202778,7.2819643,-1.3587095
22300,1437154936428,-6.417658,7.345411,-1.4664485
22301,1437154936444,-6.4858923,7.9511437,-1.5699978
22302,1437154936465,-6.4427967,8.208521,-1.5227122
22303,1437154936487,-5.183447,8.234259,-1.7501614
22304,1437154936564,-5.37199,8.123527,-1.6262615
22305,1437154936565,-5.6987987,8.171411,-1.6328455
22306,1437154936566,-5.7987566,7.941567,-1.436521
22307,1437154936567,-5.9807158,7.913435,-1.1133038
22308,1437154936585,-5.923255,7.6015906,-1.2264298
22309,1437154936607,-5.3247046,7.1185603,-1.0444705
22310,1437154936623,-6.7510505,7.3208704,-0.9636662
22311,1437154936654,-6.8450227,7.3867106,-1.163582
22312,1437154936672,-6.6534867,7.315483,-0.92895025
22313,1437154936684,-6.611588,7.291541,-1.1587936
22314,1437154936705,-6.311714,7.460931,-1.0510546
22315,1437154936724,-6.3021374,7.536947,-1.1378443
22316,1437154936744,-6.0088477,7.5908165,-1.1971009
22317,1437154936764,-6.0184245,7.53575,-0.9888053
22318,1437154936786,-6.245275,7.620744,-0.8242039
22319,1437154936806,-6.4721255,7.889493,-0.6596026
22320,1437154936826,-5.843648,7.201759,-0.5614403
22321,1437154936845,-6.397307,7.1951747,-0.3705027
22322,1437154936864,-6.3601966,6.7767878,-0.5267244
22323,1437154936886,-6.452972,6.932411,-0.31483752
22324,1437154936906,-7.0275807,6.9485717,-0.56203884
22325,1437154936926,-7.217321,7.0467343,-0.4417302
22326,1437154936943,-7.5112095,7.289147,-0.45070848
22327,1437154936971,-6.3781533,7.2185183,-0.7332243
22328,1437154937005,-5.1642933,7.466318,-0.4369418
22329,1437154937006,-6.4146647,8.346786,-0.439336
22330,1437154937044,-6.4763155,7.835025,-0.5907693
22331,1437154937045,-5.4605756,7.1987658,0.008978256
22332,1437154937064,-6.4870896,6.805518,-0.093373865
22333,1437154937083,-6.7103486,6.8528037,-0.17836803
22334,1437154937103,-7.143699,6.706159,-0.025737667
22335,1437154937124,-7.0263834,6.8893156,-0.15622166
22336,1437154937146,-7.0730705,7.3627687,-0.19692309
22337,1437154937164,-6.2219315,7.7266874,-0.40701428
22338,1437154937184,-4.9254713,7.9008656,-0.5674258
22339,1437154937205,-5.20679,8.083424,-0.50397944
22340,1437154937235,-6.1399302,8.336012,-0.39564183
22341,1437154937290,-5.773019,7.796119,-0.29508537
22342,1437154937291,-5.336077,7.4567413,-0.08319851
22343,1437154937292,-6.4763155,7.219715,-0.12449849
22344,1437154937314,-6.5259953,7.24665,-0.060453594
22345,1437154937323,-6.577471,7.0700774,-0.0005985504
22346,1437154937344,-6.242881,7.0365586,-0.12629414
22347,1437154937364,-6.658275,7.323863,-0.28311434
22348,1437154937383,-6.533178,7.5710645,-0.6051345
22349,1437154937405,-5.6706667,7.6135616,-0.700304
22350,1437154937424,-5.5407815,7.7889366,-0.8367735
22351,1437154937449,-5.815516,7.8625584,-0.8888474
22352,1437154937464,-5.8083334,7.6584525,-0.8511387
22353,1437154937486,-5.707777,7.438186,-0.8690952
22354,1437154937504,-6.321291,7.81228,-0.8343793
22355,1437154937526,-5.990891,7.405266,-1.0229226
22356,1437154937548,-5.811326,7.674015,-0.84694886
22357,1437154937564,-6.7450647,7.566276,-1.2838906
22358,1437154937584,-5.8065376,7.445967,-0.9864111
22359,1437154937608,-6.9886746,7.40766,-0.919972
22360,1437154937626,-6.3141084,7.5106106,-1.0097545
22361,1437154937647,-6.432023,7.393295,-0.61052144
22362,1437154937667,-6.0531406,7.4705076,-0.97982705
22363,1437154937686,-6.0046577,7.425018,-1.0827777
22364,1437154937706,-6.131551,7.4286094,-1.103727
22365,1437154937728,-6.389526,7.378331,-1.2395979
22366,1437154937744,-6.2530565,7.043143,-1.1839328
22367,1437154937766,-6.291962,6.9743094,-1.1731589
22368,1437154937784,-6.5487404,6.973711,-1.4131776
22369,1437154937806,-6.461352,6.95755,-1.5640123
22370,1437154937841,-7.038953,7.1083846,-1.5765818
22371,1437154937851,-6.9120603,7.0646906,-1.6136919
22372,1437154937864,-6.7468605,7.023989,-1.5616181
22373,1437154937884,-6.43741,6.915053,-1.6077064
22374,1437154937904,-6.7642183,7.035362,-1.6765398
22375,1437154937924,-6.869563,7.1143703,-1.7046716
22376,1437154937952,-6.603807,7.08983,-1.6986861
22377,1437154937964,-6.862979,7.2298903,-1.6537948
22378,1437154938005,-6.8109055,7.2065473,-1.6292542
22379,1437154938006,-6.7809777,7.0275807,-1.5975311
22380,1437154938032,-6.908469,6.895301,-1.4490906
22381,1437154938044,-6.8958993,6.8569937,-1.407192
22382,1437154938068,-6.7283053,7.019799,-1.4478935
22383,1437154938084,-6.5655,7.0395517,-1.5616181
22384,1437154938107,-6.535572,6.9461775,-1.46585
22385,1437154938124,-6.7749925,6.8869214,-1.4820108
22386,1437154938144,-6.8665705,7.020398,-1.5089456
22387,1437154938165,-6.8372416,6.92044,-1.4317327
22388,1437154938186,-6.4152637,6.777985,-1.3060371
22389,1437154938205,-6.5523314,6.9719152,-1.4227544
22390,1437154938225,-6.955156,7.101801,-1.4718355
22391,1437154938247,-6.6241574,7.0610995,-1.377863
22392,1437154938267,-6.4272346,7.053318,-1.4574703
22393,1437154938288,-6.5936313,7.062895,-1.5310919
22394,1437154938307,-6.7163343,7.083844,-1.4395138
22395,1437154938328,-6.8623805,7.1568675,-1.411382
22396,1437154938348,-6.5505357,7.2262993,-1.4395138
22397,1437154938367,-6.3045316,7.347805,-1.4155718
22398,1437154938388,-6.281188,7.1754227,-1.4460979
22399,1437154938406,-6.459556,7.1395097,-1.2126632
22400,1437154938426,-6.4589577,7.245453,-1.2587515
22401,1437154938445,-6.259042,7.392098,-1.3102269
22402,1437154938469,-6.1141925,7.289746,-1.4323312
22403,1437154938485,-6.3129115,7.2741833,-1.3054385
22404,1437154938508,-6.5122285,7.380127,-1.3335704
22405,1437154938525,-6.285378,7.291541,-1.5915456
22406,1437154938545,-6.8091097,7.574057,-1.484405
22407,1437154938565,-6.9120603,7.2364745,-1.4185646
22408,1437154938584,-5.756858,6.707356,-1.2108675
22409,1437154938608,-7.343615,7.050924,-0.74399817
22410,1437154938625,-7.3406224,7.303512,-1.3215994
22411,1437154938644,-6.3901243,7.37055,-0.7284359
22412,1437154938665,-6.273407,7.675811,-0.4429273
22413,1437154938687,-5.8029466,7.29214,-0.84694886
22414,1437154938709,-5.976526,7.9116397,-0.56563014
22415,1437154938758,-6.661866,7.7799582,-1.1216835
22416,1437154938759,-5.478532,7.463924,-1.0133458
22417,1437154938765,-5.7383027,7.355586,-0.6733692
22418,1437154938785,-6.364985,7.36636,-0.86969376
22419,1437154938806,-6.3111157,7.8104844,-0.7727286
22420,1437154938826,-5.6138043,7.5561004,-1.0893618
22421,1437154938845,-5.554548,7.739257,-0.75118077
22422,1437154938865,-5.8161144,7.6590514,-0.88525605
22423,1437154938889,-5.5282116,7.587824,-0.82779527
22424,1437154938907,-5.7400985,7.7189064,-0.6679823
22425,1437154938927,-5.839458,7.811083,-0.6967127
22426,1437154938949,-5.5222263,7.5985975,-0.55246204
22427,1437154938966,-5.831078,7.8086886,-0.54049104
22428,1437154938988,-6.1507044,7.757812,-0.5770026
22429,1437154939010,-5.8346696,7.860164,-0.53809685
22430,1437154939028,-6.1279593,7.9565306,-0.7332243
22431,1437154939048,-5.5264163,7.73387,-0.6895301
22432,1437154939068,-5.6138043,7.803302,-0.545878
22433,1437154939089,-6.179435,8.108562,-0.7433996
22434,1437154939110,-5.895722,7.876325,-0.7721301
22435,1437154939128,-5.9184666,7.8625584,-0.5793968
22436,1437154939149,-6.3182983,7.785944,-0.7529764
22437,1437154939171,-6.43741,7.299921,-0.48961425
22438,1437154939186,-5.86759,7.0365586,-0.21188685
22439,1437154939206,-6.7444663,6.9407907,-0.08439561
22440,1437154939228,-6.233304,7.2382703,-0.4225766
22441,1437154939250,-6.463746,7.3831196,-0.2813187
22442,1437154939310,-6.89171,7.587225,-0.41299978
22443,1437154939311,-6.254852,7.277176,-0.31783026
22444,1437154939312,-5.7909756,7.041946,0.027533319
22445,1437154939325,-6.282984,7.5189905,0.23044191
22446,1437154939345,-6.5218053,7.949348,-0.5931635
22447,1437154939365,-5.5180364,7.821857,-0.18435353
22448,1437154939385,-5.5018754,7.7081323,0.18734628
22449,1437154939405,-5.917868,7.663241,-0.17118542
22450,1437154939426,-6.337452,7.762002,-0.040102877
22451,1437154939446,-6.023213,7.900267,-0.08140286
22452,1437154939472,-5.99149,7.811083,-0.23882163
22453,1437154939502,-5.7508726,7.4561424,0.078410104
22454,1437154939505,-5.9543796,7.7560163,-0.008379706
22455,1437154939526,-5.533,7.641693,-0.3286042
22456,1437154939546,-5.263054,7.93618,-0.03232172
22457,1437154939566,-6.481104,8.255207,-0.4297592
22458,1437154939586,-5.2205567,7.949947,-0.3812766
22459,1437154939606,-5.6658783,7.8876977,0.12569559
22460,1437154939635,-5.620987,7.869741,-0.3405752
22461,1437154939645,-5.4324436,7.719505,0.05686229
22462,1437154939665,-6.1165867,7.901464,-0.06344634
22463,1437154939685,-5.6066217,7.837419,-0.260968
22464,1437154939705,-5.7083755,7.829638,-0.1400608
22465,1437154939725,-5.832874,7.827842,-0.48003745
22466,1437154939746,-5.8867435,8.093,-0.4213795
22467,1437154939767,-5.825093,7.9206176,-0.55365914
22468,1437154939785,-5.579687,7.9188223,-0.42317516
22469,1437154939806,-5.9501896,7.845799,-0.50397944
22470,1437154939827,-5.547964,7.8422074,-0.4213795
22471,1437154939849,-5.7137623,7.8224554,-0.260968
22472,1437154939868,-5.990891,7.867945,-0.31184477
22473,1437154939887,-5.8364654,7.892486,-0.16579847
22474,1437154939906,-5.7466826,8.0445175,-0.27114335
22475,1437154939927,-5.2702365,8.118738,-0.44771573
22476,1437154939946,-5.7149596,8.219893,-0.4985925
22477,1437154939969,-5.5868697,8.185177,-0.62129533
22478,1437154939989,-5.6982,7.8446016,-0.49200845
22479,1437154940009,-5.880758,7.662044,-0.45310268
22480,1437154940027,-5.81372,7.4806833,-0.29149407
22481,1437154940047,-5.837064,7.523779,-0.3333926
22482,1437154940068,-6.1243677,7.633912,-0.64942724
22483,1437154940085,-5.21936,7.2460513,-0.85772276
22484,1437154940109,-6.003461,7.3938932,-0.75716627
22485,1437154940133,-6.7223196,7.530363,-1.1408371
22486,1437154940148,-6.381745,7.3549876,-1.2036849
22487,1437154940170,-6.1465144,7.406463,-1.2467805
22488,1437154940247,-6.9449806,7.6470804,-1.353921
22489,1437154940248,-6.0387754,7.4471645,-1.1761516
22490,1437154940249,-6.4362125,7.410054,-1.0103531
22491,1437154940250,-6.237494,7.463325,-1.3221979
22492,1437154940270,-6.1249666,7.2245035,-1.2755109
22493,1437154940292,-6.1195793,7.4483614,-1.496376
22494,1437154940306,-6.681618,7.4387846,-1.8477252
22495,1437154940326,-5.9837084,7.282563,-1.6095021
22496,1437154940360,-6.6391215,7.2580223,-1.7591397
22497,1437154940369,-6.7642183,7.245453,-1.70946
22498,1437154940389,-6.4870896,6.9808936,-1.4987702
22499,1437154940407,-6.491878,7.064092,-1.4460979
22500,1437154940432,-6.8767457,7.0826473,-1.7405846
22501,1437154940448,-6.7109475,7.068282,-1.5879543
22502,1437154940470,-6.7067575,7.2885485,-1.6693572
22503,1437154940488,-6.208165,7.241263,-1.6807296
22504,1437154940510,-6.5924344,7.268198,-1.4856021
22505,1437154940530,-6.6229606,7.2867527,-1.650802
22506,1437154940549,-6.9916677,7.445967,-1.5652094
22507,1437154940569,-7.04434,7.3897038,-1.6310499
22508,1437154940590,-6.337452,7.0742674,-1.395221
22509,1437154940611,-6.1704564,6.9826894,-1.1623849
22510,1437154940628,-6.38354,7.121553,-1.2246342
22511,1437154940647,-6.0082493,7.1730285,-1.0726024
22512,1437154940667,-6.4589577,7.1550717,-1.0582372
22513,1437154940687,-6.4487824,7.0784574,-1.1085154
22514,1437154940706,-6.0699,6.8641763,-0.9923966
22515,1437154940730,-6.6109896,7.065888,-1.1139023
22516,1437154940748,-7.079056,7.055114,-1.2174516
22517,1437154940774,-6.9503675,6.9844847,-0.92176765
22518,1437154940789,-6.825869,6.8623805,-1.0474633
22519,1437154940854,-6.8246717,6.896498,-1.0378864
22520,1437154940859,-6.7606273,7.009624,-1.0307038
22521,1437154940860,-7.1341224,7.179612,-1.2958617
22522,1437154940955,-6.6504936,7.0407486,-1.1354501
22523,1437154940956,-6.797737,7.025785,-0.9792285
22524,1437154940957,-7.0904284,7.067085,-0.98940384
22525,1437154940958,-6.7025676,6.9479733,-0.717662
22526,1437154940959,-6.7001734,7.00304,-0.53330845
22527,1437154940971,-6.469133,6.9743094,-0.516549
22528,1437154940987,-6.260239,7.116166,-0.27234045
22529,1437154941009,-6.3218894,7.1233487,-0.31364042
22530,1437154941027,-6.493075,7.392098,-0.18435353
22531,1437154941048,-6.658275,7.3627687,-0.2136825
22532,1437154941068,-6.615778,7.37055,-0.10354923
22533,1437154941092,-6.3829417,7.369353,0.010175358
22534,1437154941109,-6.56131,7.5028296,-0.007182605
22535,1437154941129,-6.8043213,7.53994,0.095169514
22536,1437154941147,-7.0605006,7.5944076,-0.036511578
22537,1437154941169,-6.0369797,7.325659,-0.25019407
22538,1437154941190,-5.3402667,7.2670007,-0.18614918
22539,1437154941210,-5.9118824,7.6171527,0.13347675
22540,1437154941230,-5.9944825,8.187572,0.17657238
22541,1437154941250,-5.207389,8.078635,0.14604631
22542,1437154941271,-5.1397524,7.8865004,0.22804771
22543,1437154941290,-5.7466826,7.577648,0.18195933
22544,1437154941310,-6.2327056,7.5985975,0.18555063
22545,1437154941331,-6.457162,7.356185,0.22804771
22546,1437154941349,-6.7983356,7.602189,0.21068975
22547,1437154941371,-6.3578024,7.465719,0.034117375
22548,1437154941389,-6.133945,7.479486,0.095768064
22549,1437154941410,-5.6910176,7.2939353,0.05267244
22550,1437154941430,-6.1076083,7.371747,0.010175358
22551,1437154941451,-5.969942,7.2298903,-0.15382746
22552,1437154941471,-6.2165446,7.173627,-0.20410569
22553,1437154941492,-6.2686186,7.2927384,-0.36631286
22554,1437154941511,-6.3793507,7.339425,-0.30346507
22555,1437154941530,-6.250662,7.36217,-0.25498247
22556,1437154941549,-6.2261214,7.368156,-0.33518824
22557,1437154941713,-6.3111157,7.341221,-0.24061728
22558,1437154941714,-6.175245,7.377134,-0.40521863
22559,1437154941715,-6.1249666,7.414244,-0.56084174
22560,1437154941716,-6.0130377,7.3885064,-0.6171055
22561,1437154941717,-6.3141084,7.5920134,-0.55485624
22562,1437154941718,-6.5283895,7.5441294,-0.5201403
22563,1437154941719,-6.0687027,7.472902,-0.338181
22564,1437154941720,-6.4008985,7.538144,-0.20410569
22565,1437154941744,-6.4661403,7.693767,-0.26515785
22566,1437154941749,-6.3009405,7.5926123,-0.40282443
22567,1437154941791,-6.3230867,7.6249337,-0.4321534
22568,1437154941792,-6.345233,7.8290396,-0.55844754
22569,1437154941810,-5.9424086,7.6285253,-0.6206968
22570,1437154941832,-5.5922565,7.542334,-0.521936
22571,1437154941852,-6.193201,7.529764,-0.46986207
22572,1437154941869,-6.023213,7.3406224,-0.492607
22573,1437154941888,-6.285378,7.2634096,-0.41479546
22574,1437154941911,-6.547543,7.211934,-0.49559975
22575,1437154941931,-6.51163,7.3346367,-0.29867667
22576,1437154941951,-6.527791,7.4507556,-0.26515785
22577,1437154941971,-6.355408,7.6949644,-0.31423897
22578,1437154941991,-6.129156,7.9433627,-0.38726214
22579,1437154942011,-5.8244944,7.9708962,-0.42556936
22580,1437154942031,-5.9160724,7.8344264,-0.31304187
22581,1437154942051,-6.2021794,7.8595657,-0.25977087
22582,1437154942073,-6.136339,7.8182654,-0.2813187
22583,1437154942088,-6.2249246,7.716512,-0.39145198
22584,1437154942111,-6.342839,7.6015906,-0.3357868
22585,1437154942132,-6.369175,7.2861543,-0.33997664
22586,1437154942151,-6.2991447,7.20535,-0.22565351
22587,1437154942171,-6.4900823,7.062895,-0.15981296
22588,1437154942190,-6.4541693,7.080253,-0.18914193
22589,1437154942211,-6.5870476,7.080253,-0.22924481
22590,1437154942230,-6.7785835,7.321469,-0.31064767
22591,1437154942250,-7.057508,7.3962874,-0.36511576
22592,1437154942271,-6.5122285,7.3723454,-0.35913026
22593,1437154942291,-6.435614,7.1604586,-0.3561375
22594,1437154942312,-6.571485,7.1155677,-0.39923313
22595,1437154942331,-6.794146,7.16824,-0.5410896
22596,1437154942355,-6.6959834,7.0784574,-0.66738373
22597,1437154942430,-6.373365,6.8839283,-0.6410475
22598,1437154942431,-6.475717,6.9330096,-0.670975
22599,1437154942432,-6.7450647,7.0144124,-0.7553706
22600,1437154942433,-6.7444663,6.950966,-0.7703344
22601,1437154942451,-6.6564794,6.8462195,-0.6560113
22602,1437154942473,-6.5122285,6.9108634,-0.7260417
22603,1437154942491,-6.659472,7.0491285,-0.8182184
22604,1437154942520,-6.8647747,7.1113777,-0.86131406
22605,1437154942529,-6.8839283,7.197569,-0.9139865
22606,1437154942550,-6.5924344,7.1395097,-1.0378864
22607,1437154942572,-6.253655,7.018004,-1.0821792
22608,1437154942590,-6.555923,7.0808516,-0.98461545
22609,1437154942613,-7.2113357,7.40347,-1.2192472
22610,1437154942629,-6.060323,7.2059484,-1.1210849
22611,1437154942650,-6.7803793,7.0622964,-0.931943
22612,1437154942669,-6.9557543,7.189189,-1.0013748
22613,1437154942689,-6.3584013,7.019799,-0.7589619
22614,1437154942717,-6.469133,7.173627,-0.60573304
22615,1437154942729,-6.737882,7.5908165,-0.85293436
22616,1437154942749,-6.457162,7.587824,-0.8798691
22617,1437154942769,-6.0824695,7.390302,-0.6973112
22618,1437154942839,-6.3224883,7.457938,-0.6925228
22619,1437154942840,-6.344036,7.5734587,-0.6877344
22620,1437154942841,-6.3470287,7.515399,-0.44711718
22621,1437154942849,-6.0543375,7.521983,-0.4381389
22622,1437154942869,-5.8382607,7.36636,-0.37229836
22623,1437154942893,-6.0208187,7.305308,-0.29927522
22624,1437154942909,-6.241684,7.0545154,-0.23942018
22625,1437154942929,-6.613982,6.980295,-0.093373865
22626,1437154942950,-6.3458314,7.193379,-0.022744916
22627,1437154942970,-6.35062,7.548918,-0.12150574
22628,1437154942994,-6.356007,7.4854717,-0.28790274
22629,1437154943017,-5.7867856,7.711125,-0.15981296
22630,1437154943036,-6.467936,7.639898,-0.36631286
22631,1437154943050,-6.053739,7.569867,-0.30286652
22632,1437154943073,-5.990891,7.591415,-0.33638534
22633,1437154943159,-5.9382186,7.639898,-0.5686229
22634,1437154943160,-6.1860185,7.6722193,-0.39863458
22635,1437154943161,-6.147113,7.559692,-0.45669398
22636,1437154943162,-6.1770406,7.6494746,-0.14185645
22637,1437154943168,-6.211158,7.447763,-0.24959552
22638,1437154943189,-5.673061,7.219715,-0.0664391
22639,1437154943208,-6.365584,7.349002,-0.059855044
22640,1437154943228,-6.5744777,7.4004774,-0.24540567
22641,1437154943250,-6.297349,7.3926964,-0.12330139
22642,1437154943274,-6.519411,7.425018,-0.25917232
22643,1437154943290,-6.3601966,7.503428,-0.51235914
22644,1437154943313,-6.259042,7.5830355,-0.5650316
22645,1437154943331,-6.6804214,7.903858,-0.6404489
22646,1437154943350,-6.5068417,7.7973166,-0.7739257
22647,1437154943373,-5.5802855,7.4812818,-0.61770403
22648,1437154943392,-5.8622026,7.179612,-0.37588966
22649,1437154943413,-6.547543,7.498041,-0.26994625
22650,1437154943431,-6.7749925,7.4046674,-0.23942018
22651,1437154943453,-6.5948286,7.517793,-0.16220717
22652,1437154943473,-6.2662244,7.4926543,-0.32561144
22653,1437154943493,-6.142923,7.617751,-0.25198972
22654,1437154943509,-6.0621185,7.7530236,-0.36990416
22655,1437154943529,-5.820903,7.863157,-0.44831428
22656,1437154943553,-5.8125234,7.7440453,-0.33039984
22657,1437154943571,-5.9837084,7.675212,-0.46686932
22658,1437154943593,-6.0285997,7.459734,-0.40701428
22659,1437154943609,-6.271611,7.358579,-0.39025488
22660,1437154943632,-6.361394,7.297527,-0.31783026
22661,1437154943651,-6.165668,7.1233487,-0.22565351
22662,1437154943672,-6.054936,7.219715,-0.15322891
22663,1437154943693,-6.1866174,7.4136457,-0.28311434
22664,1437154943711,-6.033388,7.5854297,-0.39564183
22665,1437154943731,-5.9561753,7.697957,-0.57041854
22666,1437154943751,-5.907094,7.6608467,-0.63087213
22667,1437154943771,-6.1848216,7.820061,-0.6997054
22668,1437154943790,-6.172252,7.7344685,-0.7553706
22669,1437154943846,-6.019622,7.6470804,-0.5823896
22670,1437154943847,-5.866991,7.551911,-0.7930793
22671,1437154943864,-5.928642,7.590218,-0.664391
22672,1437154943870,-6.073491,7.5267715,-0.6206968
22673,1437154943890,-6.0184245,7.4866686,-0.55485624
22674,1437154943910,-6.0980315,7.5590935,-0.55126494
22675,1437154943930,-6.023213,7.510012,-0.61052144
22676,1437154943955,-6.0166287,7.4986396,-0.7044938
22677,1437154943971,-5.9585695,7.463325,-0.82121116
22678,1437154943991,-6.0585275,7.442376,-0.92296475
22679,1437154944016,-6.208165,7.5770497,-0.99538934
22680,1437154944031,-6.205771,7.443573,-1.1216835
22681,1437154944053,-6.2183404,7.3938932,-1.1019313
22682,1437154944071,-6.235698,7.3549876,-1.2000936
22683,1437154944093,-6.3141084,7.2927384,-1.1522095
22684,1437154944113,-6.4751186,7.301717,-1.0785879
22685,1437154944133,-6.318897,7.2628107,-1.1438298
22686,1437154944154,-6.239888,7.2843585,-1.1857284
22687,1437154944173,-6.3889275,7.536947,-1.252766
22688,1437154944193,-6.4260373,7.6003933,-1.3623008
22689,1437154944213,-6.2728086,7.6309195,-1.3215994
22690,1437154944234,-6.2195373,7.5968018,-1.271321
22691,1437154944256,-6.055535,7.5285673,-1.2306197
22692,1437154944273,-6.0507464,7.619547,-1.2366052
22693,1437154944295,-6.005855,7.748235,-1.2946646
22694,1437154944315,-5.9890957,7.8727336,-1.3299791
22695,1437154944335,-5.9825115,7.897873,-1.1857284
22696,1437154944352,-5.901707,7.8446016,-1.2737153
22697,1437154944370,-5.891532,7.7488337,-1.1552023
22698,1437154944390,-5.9926867,7.7745714,-1.0606314
22699,1437154944410,-6.015432,7.8158712,-1.0456676
22700,1437154944436,-5.8221,7.819463,-0.96187055
22701,1437154944456,-5.7454853,7.7464395,-0.9720459
22702,1437154944476,-5.799355,7.7584105,-0.8762778
22703,1437154944493,-5.9483943,7.739257,-0.8343793
22704,1437154944518,-6.0651116,7.851186,-0.7715315
22705,1437154944593,-5.913678,7.802105,-0.7846996
22706,1437154944594,-5.801151,7.726089,-0.6512229
22707,1437154944595,-5.917868,7.826047,-0.7218518
22708,1437154944596,-5.7059813,7.736264,-0.6907272
22709,1437154944611,-5.861604,7.864354,-0.6691794
22710,1437154944635,-5.79337,7.751827,-0.6889315
22711,1437154944651,-5.8005524,7.687782,-0.52732295
22712,1437154944671,-5.767632,7.5507135,-0.5374983
22713,1437154944705,-5.916671,7.6428905,-0.521936
22714,1437154944713,-5.9825115,7.608773,-0.51834464
22715,1437154944733,-6.029797,7.650073,-0.48841715
22716,1437154944752,-6.18123,7.6829934,-0.53211135
22717,1437154944771,-6.1327477,7.7667904,-0.4997896
22718,1437154944792,-6.173449,7.904457,-0.6087258
22719,1437154944814,-5.943007,7.621941,-0.7721301
22720,1437154944834,-5.7227407,7.268198,-0.3357868
22721,1437154944853,-6.0363812,7.442376,-0.22804771
22722,1437154944873,-6.6684504,7.7207017,-0.47345337
22723,1437154944894,-6.2584434,7.553706,-0.17477672
22724,1437154944914,-6.217742,7.45315,-0.30526072
22725,1437154944934,-6.4380083,7.755418,-0.63087213
22726,1437154944954,-6.1524997,7.4495587,-0.57400984
22727,1437154944972,-5.969942,7.3226657,-0.6087258
22728,1437154944993,-6.397307,7.4549456,-0.7164649
22729,1437154945018,-6.5026517,7.4950485,-0.676362
22730,1437154945033,-6.318897,7.413047,-0.7182605
22731,1437154945053,-6.3380504,7.358579,-0.6811504
22732,1437154945073,-6.481104,7.460931,-0.6991069
22733,1437154945092,-6.658275,7.6470804,-0.5919664
22734,1437154945111,-6.339846,7.583634,-0.6218939
22735,1437154945132,-6.097433,7.5333557,-0.6835446
22736,1437154945153,-6.0208187,7.3226657,-0.6183026
22737,1437154945173,-6.103419,7.2550297,-0.40761283
22738,1437154945193,-6.503849,7.234679,-0.32321724
22739,1437154945213,-6.275801,7.1634517,-0.20350714
22740,1437154945238,-6.3404446,7.0808516,-0.107140526
22741,1437154945303,-6.4631476,7.1849995,-0.16579847
22742,1437154945315,-6.6852098,7.33344,-0.19033903
22743,1437154945316,-6.751649,7.399879,-0.16819267
22744,1437154945317,-6.452972,7.301118,-0.18974048
22745,1437154945332,-6.2823853,7.2286935,-0.142455
22746,1437154945362,-6.181829,7.245453,-0.11851298
22747,1437154945372,-6.0381765,7.2514386,-0.16460137
22748,1437154945394,-6.38354,7.3669586,-0.13826515
22749,1437154945413,-6.4338183,7.3202715,-0.1945289
22750,1437154945432,-6.2793927,7.1987658,-0.25438392
22751,1437154945456,-6.3751607,7.088034,-0.3513491
22752,1437154945472,-6.5990186,7.033566,-0.40880993
22753,1437154945492,-6.600814,6.985682,-0.4357447
22754,1437154945514,-6.5188127,7.1209545,-0.4237737
22755,1437154945533,-6.517616,7.2262993,-0.5386954
22756,1437154945553,-6.4781113,7.3029137,-0.6123171
22757,1437154945572,-6.609792,7.349601,-0.5823896
22758,1437154945594,-6.6403184,7.294534,-0.64703304
22759,1437154945615,-6.606201,7.204153,-0.5255273
22760,1437154945635,-6.577471,7.1724296,-0.59136784
22761,1437154945655,-6.38773,7.0587053,-0.5859809
22762,1437154945675,-6.5307837,7.0904284,-0.5554548
22763,1437154945695,-6.6852098,7.1233487,-0.6572084
22764,1437154945715,-6.6893997,7.1347213,-0.7038953
22765,1437154945735,-6.6361284,7.043143,-0.8439561
22766,1437154945754,-6.7522473,7.059902,-0.90979666
22767,1437154945776,-6.9264255,7.059902,-1.0163386
22768,1437154945793,-6.971317,7.015011,-1.0271125
22769,1437154945814,-6.7863646,6.943185,-1.0522517
22770,1437154945834,-6.5726824,6.908469,-1.0702082
22771,1437154945855,-6.8444242,6.9407907,-1.1336545
22772,1437154945876,-7.102998,6.927024,-1.1587936
22773,1437154945893,-7.2167225,6.855198,-1.1336545
22774,1437154945913,-7.3687544,6.655881,-1.0498575
22775,1437154945934,-7.2670007,6.5505357,-0.98461545
22776,1437154945952,-7.4058642,6.5146227,-0.91458505
22777,1437154946024,-7.5004354,6.51163,-0.83976626
22778,1437154946025,-7.3208704,6.5020533,-0.8050503
22779,1437154946026,-7.097611,6.5259953,-0.8086416
22780,1437154946044,-6.996456,6.670246,-0.8355764
22781,1437154946052,-7.0156097,6.7749925,-0.90261406
22782,1437154946072,-6.250662,6.619369,-0.85772276
22783,1437154946093,-6.459556,7.019799,-0.8367735
22784,1437154946112,-6.7534447,7.2286935,-1.043872
22785,1437154946137,-6.4188547,7.2753806,-0.82360536
22786,1437154946153,-6.441001,7.457938,-0.9295488
22787,1437154946173,-6.5403605,7.6333137,-1.0295067
22788,1437154946193,-6.540959,7.6375036,-0.97743285
22789,1437154946214,-6.625355,7.5974007,-1.0253168
22790,1437154946236,-6.5924344,7.359776,-0.95109665
22791,1437154946253,-6.643311,7.1550717,-0.8900445
22792,1437154946274,-6.7342906,6.993463,-0.8331822
22793,1437154946293,-6.815095,6.8324533,-0.7320272
22794,1437154946313,-6.671443,6.6726403,-0.7134721
22795,1437154946335,-6.7241154,6.6247563,-0.641646
22796,1437154946355,-6.8282633,6.6247563,-0.59974754
22797,1437154946376,-6.7588315,6.7666125,-0.6739678
22798,1437154946395,-6.7013707,7.009624,-0.74758947
22799,1437154946413,-6.508039,7.2262993,-0.70509243
22800,1437154946434,-6.3446345,7.478289,-0.7679402
22801,1437154946456,-6.4188547,7.6081743,-0.85413146
22802,1437154946476,-6.3272767,7.6387005,-0.81761986
22803,1437154946496,-6.26802,7.627927,-0.8655039
22804,1437154946513,-6.2458735,7.4669166,-0.88166475
22805,1437154946536,-6.341642,7.313089,-0.87687635
22806,1437154946555,-6.493075,7.077859,-0.8655039
22807,1437154946576,-6.4416,6.9701195,-0.83138657
22808,1437154946594,-6.618172,6.918046,-0.78649527
22809,1437154946613,-6.75943,6.8492126,-0.7326257
22810,1437154946636,-6.7929487,6.8240733,-0.7080852
22811,1437154946653,-6.88752,6.8186865,-0.7038953
22812,1437154946674,-6.9144545,6.897695,-0.748188
22813,1437154946704,-6.8240733,6.9407907,-0.79367787
22814,1437154946760,-6.7749925,7.009624,-0.8355764
22815,1437154946761,-6.745663,7.047931,-0.86729956
22816,1437154946762,-6.7480574,7.026982,-0.86251116
22817,1437154946783,-6.7450647,7.0569096,-0.89902276
22818,1437154946793,-6.7187285,7.0634937,-0.8571242
22819,1437154946814,-6.6684504,7.0156097,-0.8834604
22820,1437154946834,-6.712743,6.9719152,-0.85413146
22821,1437154946853,-6.692991,6.8707604,-0.8122329
22822,1437154946873,-6.685808,6.8947024,-0.81761986
22823,1437154946894,-6.769605,7.017405,-0.9044097
22824,1437154946914,-6.742072,7.019201,-0.90261406
22825,1437154946933,-6.5445504,7.062895,-0.93493575
22826,1437154946956,-6.4643445,7.1580644,-1.0175357
22827,1437154946974,-6.451775,7.219715,-1.0253168
22828,1437154946994,-6.3165026,7.345411,-1.1456255
22829,1437154947015,-6.217742,7.3286514,-1.2575544
22830,1437154947033,-6.269816,7.3645644,-1.2976574
22831,1437154947056,-6.373365,7.318476,-1.429937
22832,1437154947076,-6.479907,7.3364325,-1.4909891
22833,1437154947096,-6.5984197,7.268198,-1.567005
22834,1437154947113,-6.7253127,7.2388687,-1.5999253
22835,1437154947133,-6.794146,7.1580644,-1.6938977
22836,1437154947155,-6.8079123,7.105392,-1.6950948
22837,1437154947174,-6.899491,7.0646906,-1.7340006
22838,1437154947194,-6.894104,7.0287776,-1.7896658
22839,1437154947216,-6.805518,6.96174,-1.7010803
22840,1437154947233,-6.9006877,6.941389,-1.7292122
22841,1437154947253,-6.8641763,6.881534,-1.6298528
22842,1437154947276,-6.870162,6.9048777,-1.5412674
22843,1437154947294,-6.8438253,6.941988,-1.5502456
22844,1437154947320,-6.7330937,6.9318123,-1.4389153
22845,1437154947333,-6.719327,6.892308,-1.4227544
22846,1437154947353,-6.602011,7.00304,-1.389834
22847,1437154947375,-6.8264675,7.038953,-1.4257472
22848,1437154947394,-6.4978633,7.0622964,-1.4287399
22849,1437154947415,-6.628946,7.079654,-1.4161704
22850,1437154947437,-6.854001,7.1365166,-1.3664906
22851,1437154947514,-6.8001313,7.0826473,-1.3072342
22852,1437154947515,-6.761824,6.9719152,-1.2000936
22853,1437154947516,-6.7360864,6.9904704,-1.0486604
22854,1437154947517,-6.6732388,6.8528037,-0.97862995
22855,1437154947535,-6.4882865,6.8581905,-0.8738836
22856,1437154947553,-6.5696893,6.969521,-0.8774749
22857,1437154947574,-6.5511346,6.987478,-0.90261406
22858,1437154947593,-6.5128274,7.033566,-0.8463503
22859,1437154947625,-6.5206084,7.1185603,-0.8595184
22860,1437154947633,-6.5098343,7.307702,-0.8487445
22861,1437154947656,-6.2967505,7.4190326,-0.91578215
22862,1437154947675,-6.027403,7.5584946,-0.9283517
22863,1437154947695,-5.9597664,7.687782,-0.97025025
22864,1437154947715,-5.887342,7.555502,-0.87089086
22865,1437154947736,-5.979519,7.567473,-0.736217
22866,1437154947754,-6.297349,7.394492,-0.6985083
22867,1437154947774,-6.359598,7.271789,-0.58777654
22868,1437154947797,-6.5858502,7.173627,-0.55246204
22869,1437154947816,-6.736685,7.1670427,-0.5279215
22870,1437154947836,-6.655881,7.057508,-0.4842273
22871,1437154947855,-6.6325374,7.0371575,-0.5105635
22872,1437154947876,-6.659472,7.041347,-0.521936
22873,1437154947897,-6.5882444,7.0688806,-0.6135142
22874,1437154947918,-6.527791,7.1245456,-0.6745663
22875,1437154947938,-6.6361284,7.162853,-0.75118077
22876,1437154947957,-6.7666125,7.2604165,-0.7882909
22877,1437154947978,-6.8641763,7.2747817,-0.86370826
22878,1437154947999,-6.646304,7.1808095,-0.79966336
22879,1437154948016,-6.420052,7.1790137,-0.84335756
22880,1437154948035,-6.3123126,7.2807674,-0.94930094
22881,1437154948054,-6.4840965,7.3268557,-1.0241197
22882,1437154948074,-6.455965,7.2927384,-1.115698
22883,1437154948099,-6.3685765,7.2221093,-1.127669
22884,1437154948119,-6.39192,7.1688385,-1.2312182
22885,1437154948140,-6.5020533,7.269395,-1.2892777
22886,1437154948156,-6.3829417,7.277775,-1.3844471
22887,1437154948178,-6.019622,7.3603745,-1.3347675
22888,1437154948242,-6.1465144,7.5890207,-1.4149733
22889,1437154948243,-6.8893156,7.5243773,-1.4137762
22890,1437154948245,-7.192182,7.2634096,-1.2785037
22891,1437154948263,-7.1448965,6.951565,-1.2084733
22892,1437154948274,-7.1873937,6.739079,-1.1923125
22893,1437154948299,-7.343615,6.652888,-1.1408371
22894,1437154948314,-7.3873096,6.4870896,-1.1456255
22895,1437154948334,-7.2370734,6.2632318,-1.1145009
22896,1437154948356,-7.088034,6.0902505,-1.0767922
22897,1437154948375,-7.0622964,6.015432,-0.9720459
22898,1437154948396,-7.1083846,6.0824695,-0.92416185
22899,1437154948415,-7.062895,6.384139,-0.9127894
22900,1437154948436,-6.7923503,6.8091097,-0.8714894
22901,1437154948455,-6.265626,7.1586633,-0.943914
22902,1437154948476,-6.095039,7.615956,-0.9247604
22903,1437154948517,-6.359598,7.967903,-1.0342951
22904,1437154948518,-6.273407,7.9906483,-1.1797429
22905,1437154948544,-6.2446766,7.903858,-1.0959458
22906,1437154948566,-6.495469,7.8062944,-1.174356
22907,1437154948589,-6.5241995,7.4872675,-1.1145009
22908,1437154948599,-6.483498,7.177218,-1.0480618
22909,1437154948629,-6.585252,6.909666,-1.0384849
22910,1437154948634,-6.667852,6.691195,-0.95109665
22911,1437154948663,-6.607398,6.3949127,-0.86011696
22912,1437154948677,-6.657676,6.281787,-0.7906851
22913,1437154948697,-6.8905125,6.229114,-0.7158663
22914,1437154948717,-6.9000893,6.534375,-0.7344214
22915,1437154948737,-7.131728,6.8683662,-0.88645315
22916,1437154948760,-7.2143283,7.123947,-0.96067345
22917,1437154948774,-7.193379,7.3460093,-1.0115502
22918,1437154948797,-7.0329676,7.393295,-1.1336545
22919,1437154948828,-6.6564794,7.387908,-1.0977415
22920,1437154948834,-6.4164605,7.3088994,-1.1797429
22921,1437154948854,-6.329072,7.2101383,-1.1498153
22922,1437154948875,-6.4344172,7.1209545,-1.0342951
22923,1437154948895,-6.575675,6.941988,-0.94331545
22924,1437154948915,-6.6427126,6.8480153,-0.8158242
22925,1437154948935,-6.692991,6.82946,-0.7685388
22926,1437154948975,-6.6846113,6.894104,-0.79846627
22927,1437154948976,-6.8324533,7.005434,-0.7846996
22928,1437154948995,-6.8839283,7.091625,-0.81163436
22929,1437154949015,-6.909666,7.1724296,-0.81642276
22930,1437154949036,-6.8665705,7.181408,-0.86011696
22931,1437154949055,-6.731298,7.15986,-0.8170213
22932,1437154949075,-6.6325374,7.1107793,-0.7966706
22933,1437154949095,-6.5499372,7.038953,-0.7906851
22934,1437154949119,-6.5744777,7.1185603,-0.7715315
22935,1437154949135,-6.6163764,7.1550717,-0.6937199
22936,1437154949158,-6.417658,7.12694,-0.5662287
22937,1437154949178,-6.303933,7.1784153,-0.57520694
22938,1437154949195,-6.405687,7.3627687,-0.57041854
22939,1437154949218,-6.4104753,7.4962454,-0.55006784
22940,1437154949239,-6.3883286,7.5962033,-0.5793968
22941,1437154949258,-6.3913217,7.5507135,-0.59615624
22942,1437154949277,-6.242881,7.428011,-0.54647654
22943,1437154949298,-6.381146,7.3687544,-0.5734113
22944,1437154949319,-6.4763155,7.2610154,-0.56084174
22945,1437154949339,-6.4805055,7.1006036,-0.4914099
22946,1437154949358,-6.5744777,7.0221934,-0.4842273
22947,1437154949378,-6.5906386,6.904279,-0.41479546
22948,1437154949397,-6.549339,6.87914,-0.3321955
22949,1437154949419,-6.5589156,7.0227923,-0.30107087
22950,1437154949435,-6.576872,7.241862,-0.3238158
22951,1437154949458,-6.290765,7.438186,-0.35553896
22952,1437154949478,-6.1165867,7.6644382,-0.48362875
22953,1437154949495,-6.1327477,7.821857,-0.55126494
22954,1437154949559,-6.227917,7.8637557,-0.6428431
22955,1437154949560,-6.2422824,7.762002,-0.6596026
22956,1437154949561,-6.3667808,7.551911,-0.56922144
22957,1437154949575,-6.479907,7.3322425,-0.52373165
22958,1437154949595,-6.5738792,7.086837,-0.3866636
22959,1437154949615,-6.613384,6.8947024,-0.30166942
22960,1437154949636,-6.704962,6.7546415,-0.29747957
22961,1437154949655,-6.704962,6.649895,-0.27832595
22962,1437154949675,-6.731298,6.6522894,-0.29927522
22963,1437154949711,-6.9605427,6.803124,-0.3489549
22964,1437154949721,-6.9360023,6.917447,-0.39564183
22965,1437154949735,-6.7025676,7.0144124,-0.3309984
22966,1437154949756,-6.593033,7.380127,-0.44831428
22967,1437154949776,-6.409278,7.6811976,-0.61112
22968,1437154949796,-5.7005944,7.9846625,-0.8086416
22969,1437154949816,-4.791396,8.286931,-0.9756372
22970,1437154949845,-4.234744,8.693945,-1.1270704
22971,1437154949864,-4.361038,9.030331,-1.1234791
22972,1437154949876,-4.9661727,9.002198,-1.1731589
22973,1437154949896,-5.0667295,8.702923,-1.1109096
22974,1437154949916,-5.3701944,8.359355,-0.9624691
22975,1437154949936,-5.8634,8.090606,-0.9540894
22976,1437154949956,-6.0423665,7.8068933,-0.85772276
22977,1437154949976,-6.277597,7.4896617,-0.7823054
22978,1437154949996,-6.381745,7.2233067,-0.6805518
22979,1437154950016,-6.582259,7.028179,-0.6326678
22980,1437154950036,-6.6026096,6.811504,-0.5781997
22981,1437154950056,-6.6145806,6.667852,-0.516549
22982,1437154950079,-6.7648168,6.625953,-0.47285482
22983,1437154950099,-6.859388,6.6427126,-0.4189853
22984,1437154950119,-6.843227,6.7241154,-0.40222588
22985,1437154950137,-6.6391215,7.0132155,-0.39205053
22986,1437154950158,-6.1237693,7.4202294,-0.53450555
22987,1437154950178,-5.539584,8.132504,-0.581791
22988,1437154950200,-5.653309,8.603564,-0.7541735
22989,1437154950218,-5.7454853,8.695142,-0.7206547
22990,1437154950239,-5.5485625,8.346786,-0.6631939
22991,1437154950257,-5.774216,8.127716,-0.5506664
22992,1437154950276,-6.1746464,8.024167,-0.54288524
22993,1437154950298,-6.2195373,7.6351094,-0.4297592
22994,1437154950318,-6.1943984,7.1844006,-0.24660277
22995,1437154950339,-6.278794,6.89171,-0.19033903
22996,1437154950358,-6.5241995,6.739678,-0.10474633
22997,1437154950378,-6.730101,6.670246,-0.061052144
22998,1437154950397,-6.697779,6.770204,-0.16340427
22999,1437154950427,-6.742072,6.861782,-0.15083471
23000,1437154950440,-6.6828156,6.989872,-0.21428105
23001,1437154950460,-6.8222775,7.244256,-0.2705448
23002,1437154950475,-6.7785835,7.3986816,-0.3669114
23003,1437154950498,-6.6026096,7.513005,-0.3357868
23004,1437154950518,-6.431424,7.4812818,-0.39564183
23005,1437154950536,-6.256049,7.4866686,-0.35314476
23006,1437154950556,-6.266823,7.475296,-0.338181
23007,1437154950576,-6.319495,7.44896,-0.25617957
23008,1437154950595,-6.2482677,7.3831196,-0.16340427
23009,1437154950619,-6.143522,7.351995,-0.05865794
23010,1437154950636,-6.1046157,7.383718,-0.017357962
23011,1437154950656,-5.999271,7.4190326,-0.0077811554
23012,1437154950677,-6.10701,7.378331,0.055066638
23013,1437154950700,-6.1782374,7.4429746,-0.020350715
23014,1437154950720,-6.266823,7.4776907,-0.108337626
23015,1437154950738,-6.2901664,7.4603324,-0.16938977
23016,1437154950760,-6.5068417,7.3986816,-0.0676362
23017,1437154950778,-6.591836,7.2604165,-0.05207389
23018,1437154950800,-6.425439,7.2382703,-0.18435353
23019,1437154950853,-6.332065,7.2262993,-0.3705027
23020,1437154950854,-6.4978633,7.3579803,-0.41120413
23021,1437154950857,-6.633734,7.4028716,-0.3693056
23022,1437154950878,-6.425439,7.391499,-0.33638534
23023,1437154950900,-6.349423,7.3579803,-0.29927522
23024,1437154950920,-6.4098763,7.3687544,-0.2220622
23025,1437154950941,-6.5128274,7.237672,-0.10295067
23026,1437154950960,-6.381745,7.180211,0.020949265
23027,1437154950979,-6.269217,7.2490444,-0.20171149
23028,1437154950997,-6.3177,7.3507977,-0.2621651
23029,1437154951019,-6.539762,7.380127,-0.23163901
23030,1437154951039,-6.7241154,7.280169,-0.22505496
23031,1437154951057,-6.545149,7.1586633,-0.12210429
23032,1437154951132,-6.517616,7.2059484,-0.19812019
23033,1437154951137,-6.55712,7.273585,-0.16699557
23034,1437154951138,-6.4846954,7.29214,-0.18195933
23035,1437154951141,-6.281188,7.380127,-0.25498247
23036,1437154951158,-6.193201,7.4567413,-0.24361002
23037,1437154951178,-6.175245,7.5692687,-0.260968
23038,1437154951197,-6.269217,7.603985,-0.25677812
23039,1437154951224,-6.3847375,7.5207863,-0.12689269
23040,1437154951240,-6.4547677,7.4148426,-0.107140526
23041,1437154951258,-6.362591,7.252037,-0.08738836
23042,1437154951278,-6.3470287,7.1963716,-0.08140286
23043,1437154951298,-6.5750766,7.1849995,-0.019752163
23044,1437154951324,-6.711546,7.0904284,0.073023155
23045,1437154951338,-6.618172,7.035362,0.12569559
23046,1437154951360,-6.521207,7.03596,0.049679685
23047,1437154951380,-6.3985043,7.1448965,-0.006584055
23048,1437154951400,-6.417059,7.3807254,-0.11851298
23049,1437154951420,-6.535572,7.5602903,-0.22505496
23050,1437154951440,-6.5708866,7.5507135,-0.22026655
23051,1437154951460,-6.4487824,7.3322425,-0.002992752
23052,1437154951480,-6.7612257,7.0144124,0.19512744
23053,1437154951501,-7.120356,6.587646,0.5398925
23054,1437154951519,-7.177817,6.1507044,0.80804306
23055,1437154951543,-7.0605006,6.217143,0.5805939
23056,1437154951560,-6.911462,6.68102,-0.091578215
23057,1437154951620,-6.7803793,7.033566,-0.45429978
23058,1437154951621,-6.8162923,7.3388267,-0.51355624
23059,1437154951622,-6.6205664,7.4884644,-0.8206126
23060,1437154951646,-6.1938,7.5327573,-0.87328506
23061,1437154951657,-6.223129,7.5962033,-0.842759
23062,1437154951681,-6.38354,7.5483193,-0.7098808
23063,1437154951700,-6.381745,7.474099,-0.5734113
23064,1437154951720,-6.1866174,7.475296,-0.48362875
23065,1437154951740,-6.254852,7.487866,-0.46088383
23066,1437154951760,-6.2650275,7.5483193,-0.47345337
23067,1437154951780,-6.223727,7.489063,-0.47345337
23068,1437154951800,-6.142923,7.587225,-0.44532153
23069,1437154951864,-6.168062,7.5950065,-0.5363012
23070,1437154951865,-6.217143,7.619547,-0.37110126
23071,1437154951866,-6.0483522,7.5004354,-0.26635495
23072,1437154951883,-5.976526,7.547721,-0.22744916
23073,1437154951898,-6.1650696,7.543531,-0.2908955
23074,1437154951919,-6.077681,7.571663,-0.3441665
23075,1437154951939,-6.0082493,7.5908165,-0.3890578
23076,1437154951958,-6.0728927,7.4866686,-0.36272156
23077,1437154951980,-6.284181,7.567473,-0.3321955
23078,1437154951999,-6.409278,7.5531077,-0.37110126
23079,1437154952020,-6.242881,7.567473,-0.35553896
23080,1437154952040,-6.1890116,7.465121,-0.30226797
23081,1437154952060,-6.297349,7.417237,-0.22744916
23082,1437154952094,-6.2979474,7.438186,-0.23882163
23083,1437154952098,-6.2620344,7.4806833,-0.25677812
23084,1437154952118,-6.2315083,7.4962454,-0.24121583
23085,1437154952140,-6.2339025,7.5471225,-0.25917232
23086,1437154952158,-6.0806737,7.515399,-0.2645593
23087,1437154952178,-6.307524,7.472902,-0.24600422
23088,1437154952198,-6.3230867,7.5094137,-0.24540567
23089,1437154952219,-6.3248825,7.4746976,-0.20530279
23090,1437154952238,-6.287772,7.435792,-0.17717093
23091,1437154952260,-6.3033347,7.4447703,-0.10175357
23092,1437154952277,-6.2883706,7.4483614,-0.10534488
23093,1437154952297,-6.213552,7.4992385,-0.130484
23094,1437154952318,-6.215946,7.591415,-0.18375498
23095,1437154952341,-6.220136,7.7159133,-0.2693477
23096,1437154952362,-6.284181,7.643489,-0.24121583
23097,1437154952380,-6.3123126,7.4585366,-0.076614454
23098,1437154952400,-6.1501055,7.302315,0.08319851
23099,1437154952421,-6.2165446,7.326257,0.23044191
23100,1437154952441,-6.2123547,7.4327993,0.17238252
23101,1437154952461,-6.187216,7.5566993,0.091578215
23102,1437154952482,-6.0740895,7.5866265,0.05207389
23103,1437154952499,-6.0890536,7.517793,0.12150574
23104,1437154952519,-6.18542,7.5333557,0.17657238
23105,1437154952580,-6.1117983,7.450157,0.20470424
23106,1437154952581,-6.3446345,7.417237,0.25558102
23107,1437154952582,-6.2488666,7.439383,0.21667525
23108,1437154952599,-6.2626333,7.455544,0.24600422
23109,1437154952620,-6.10282,7.3472066,0.29388827
23110,1437154952642,-6.202778,7.4082584,0.27353755
23111,1437154952658,-6.184223,7.475296,0.12868834
23112,1437154952682,-6.123171,7.4746976,0.05925649
23113,1437154952698,-6.175245,7.4950485,0.049679685
23114,1437154952718,-6.06152,7.4950485,-0.031124622
23115,1437154952738,-6.0507464,7.550115,-0.013766659
23116,1437154952758,-5.969942,7.563882,-0.05925649
23117,1437154952783,-6.0483522,7.6506715,-0.09995792
23118,1437154952798,-6.0064535,7.627927,-0.13347675
23119,1437154952821,-6.1519012,7.711125,-0.13826515
23120,1437154952841,-6.178836,7.666234,-0.2621651
23121,1437154952860,-6.0124393,7.654263,-0.24241292
23122,1437154952879,-5.8226986,7.7207017,-0.2705448
23123,1437154952899,-5.6257753,7.8595657,-0.2885013
23124,1437154952920,-5.29777,8.003817,-0.33997664
23125,1437154952942,-4.7309427,8.233061,-0.50996494
23126,1437154952959,-4.144962,8.759786,-0.89543146
23127,1437154952978,-3.9426517,9.230247,-1.5837644
23128,1437154952999,-4.349067,9.31105,-2.1260512
23129,1437154953019,-4.481347,9.029732,-2.2224178
23130,1437154953038,-4.823119,8.877101,-2.4762032
23131,1437154953060,-5.703587,8.400057,-2.566584
23132,1437154953080,-5.7215433,7.821857,-2.2511482
23133,1437154953098,-6.0285997,7.5590935,-2.2200236
23134,1437154953118,-6.445191,7.2406645,-2.146402
23135,1437154953138,-6.6852098,6.9078703,-1.8860323
23136,1437154953160,-7.04434,6.717531,-1.5490485
23137,1437154953181,-7.3083005,6.63972,-1.3132197
23138,1437154953210,-7.6572556,6.4302273,-0.95229375
23139,1437154953228,-7.805696,6.1943984,-0.4285621
23140,1437154953239,-7.4603324,6.225523,-0.42916065
23141,1437154953263,-7.463325,6.2901664,-0.52133745
23142,1437154953280,-7.5806413,6.3105173,-0.31364042
23143,1437154953302,-7.4447703,6.4781113,-0.47165772
23144,1437154953321,-7.455544,6.695385,-0.5327099
23145,1437154953339,-7.3777328,6.6726403,-0.52133745
23146,1437154953365,-7.069479,6.471527,-0.27712885
23147,1437154953380,-6.889914,6.4990606,-0.3561375
23148,1437154953403,-6.9820905,6.6684504,-0.57879823
23149,1437154953420,-7.007828,6.791752,-0.7254431
23150,1437154953442,-6.977901,6.8970966,-0.8086416
23151,1437154953462,-6.9970546,6.9048777,-0.8583213
23152,1437154953501,-7.053917,7.029376,-0.85652566
23153,1437154953502,-7.0850415,6.955156,-0.8948329
23154,1437154953520,-7.121553,7.052121,-0.88046765
23155,1437154953539,-6.6002154,6.871359,-0.89662856
23156,1437154953559,-6.615778,6.997653,-0.7116765
23157,1437154953579,-7.119757,7.1664443,-0.91937345
23158,1437154953603,-6.5349736,6.9425864,-0.84575176
23159,1437154953620,-6.555324,6.8085113,-0.6853402
23160,1437154953639,-6.4487824,7.047333,-0.8948329
23161,1437154953672,-6.488885,7.2245035,-0.88944596
23162,1437154953708,-6.5601125,7.2286935,-0.8882488
23163,1437154953709,-6.5032506,7.2352777,-0.92057055
23164,1437154953720,-6.7085533,7.3729444,-0.91578215
23165,1437154953740,-6.7845693,7.442376,-1.0348936
23166,1437154953758,-6.43322,7.255628,-0.83018947
23167,1437154953779,-6.615179,7.223905,-0.79607207
23168,1437154953798,-6.3566055,7.3106947,-0.87927055
23169,1437154953819,-6.2063694,7.3328414,-0.86849666
23170,1437154953839,-6.2129536,7.441777,-0.94690675
23171,1437154953859,-6.330868,7.422025,-0.9995792
23172,1437154953883,-6.5786676,7.3430166,-0.93852705
23173,1437154953898,-6.791752,7.2460513,-0.84814596
23174,1437154953923,-6.5230026,7.0461354,-0.7745243
23175,1437154953938,-6.583456,7.0006456,-0.51235914
23176,1437154953958,-6.4350157,7.097611,-0.6464345
23177,1437154953978,-6.603807,7.1233487,-0.6087258
23178,1437154953998,-6.8132997,7.053318,-0.52253455
23179,1437154954018,-6.843227,7.0347633,-0.5859809
23180,1437154954038,-6.7612257,6.955156,-0.5650316
23181,1437154954058,-6.9090676,6.9892735,-0.5351041
23182,1437154954078,-7.006033,7.114969,-0.55844754
23183,1437154954098,-6.5936313,7.229292,-0.62488663
23184,1437154954119,-6.5738792,7.357382,-0.581791
23185,1437154954138,-6.4990606,7.380127,-0.64942724
23186,1437154954158,-6.1207767,7.369353,-0.6997054
23187,1437154954178,-6.1010246,7.2424603,-0.5363012
23188,1437154954198,-6.0160303,7.327454,-0.4866215
23189,1437154954220,-5.927445,7.3699512,-0.45968673
23190,1437154954242,-5.9358244,7.369353,-0.51595044
23191,1437154954261,-5.869984,7.478289,-0.4997896
23192,1437154954283,-6.142923,7.7213006,-0.6979098
23193,1437154954299,-6.2769985,7.86196,-0.8355764
23194,1437154954322,-6.2315083,7.832032,-0.801459
23195,1437154954342,-5.81372,7.7051396,-0.9355343
23196,1437154954363,-5.9382186,7.7667904,-0.8086416
23197,1437154954383,-6.007052,7.9307933,-0.9091981
23198,1437154954401,-5.7149596,7.743447,-0.84216046
23199,1437154954420,-5.427057,7.5668745,-0.6979098
23200,1437154954441,-5.7508726,7.590218,-0.7799112
23201,1437154954472,-5.9926867,7.6961613,-0.79607207
23202,1437154954486,-5.916671,7.678205,-0.75716627
23203,1437154954507,-5.707178,7.668628,-0.96905315
23204,1437154954519,-5.8663926,7.8326306,-0.87208796
23205,1437154954542,-5.6802435,7.9846625,-0.90740246
23206,1437154954560,-5.6239796,7.9828672,-0.9163807
23207,1437154954581,-5.3145294,8.034941,-0.84455466
23208,1437154954599,-5.4857144,8.113351,-0.8726865
23209,1437154954624,-5.3420625,8.159439,-0.90859956
23210,1437154954644,-5.307347,8.151658,-0.90620536
23211,1437154954664,-5.4623713,8.106169,-0.9187749
23212,1437154954683,-5.5802855,8.052897,-1.0372878
23213,1437154954703,-5.740697,8.103774,-1.0947487
23214,1437154954724,-5.400122,7.8571715,-1.079785
23215,1437154954744,-5.707178,7.6728177,-0.9947908
23216,1437154954764,-5.9501896,7.626131,-0.98700964
23217,1437154954784,-5.6766524,7.493851,-0.8475474
23218,1437154954804,-6.0621185,7.502231,-0.8870517
23219,1437154954824,-5.905897,7.510012,-1.1186907
23220,1437154954840,-5.807735,7.6387005,-1.0408791
23221,1437154954864,-6.3943143,7.735666,-1.192911
23222,1437154954883,-6.3763576,7.9272017,-1.1587936
23223,1437154954903,-6.4547677,8.48984,-1.4652514
23224,1437154954923,-5.393538,7.5345526,-1.5795746
23225,1437154954944,-4.712986,7.589619,-1.103727
23226,1437154954964,-6.2075663,8.270171,-1.4425066
23227,1437154954984,-6.2021794,8.30369,-1.7256209
23228,1437154955003,-4.8404775,7.8769236,-1.0372878
23229,1437154955022,-5.492897,7.9906483,-0.9648633
23230,1437154955043,-5.673061,8.085817,-1.3425486
23231,1437154955065,-5.6006365,8.051701,-0.9307459
23232,1437154955082,-5.965752,8.018182,-1.1252748
23233,1437154955112,-5.3743844,8.003817,-1.0989386
23234,1437154955183,-5.5617304,7.9828672,-1.0384849
23235,1437154955184,-5.866991,8.088212,-1.1976994
23236,1437154955185,-5.815516,8.128315,-1.0989386
23237,1437154955186,-5.4617724,7.864354,-1.1282675
23238,1437154955203,-5.2528787,7.740454,-1.0139444
23239,1437154955226,-5.553351,7.803302,-1.0235212
23240,1437154955241,-5.2702365,7.8463974,-1.1815386
23241,1437154955271,-5.433641,7.976283,-1.0833763
23242,1437154955281,-5.7616463,8.124125,-1.4347254
23243,1437154955302,-5.5587378,8.059482,-1.1725603
23244,1437154955327,-5.5647235,7.727286,-1.2449849
23245,1437154955341,-5.844845,7.8368206,-1.3581109
23246,1437154955363,-5.6580973,7.719505,-1.2282255
23247,1437154955384,-6.0369797,7.679402,-1.1857284
23248,1437154955404,-6.0746884,7.6626425,-1.1695676
23249,1437154955421,-6.05733,7.589619,-1.0953473
23250,1437154955444,-6.5044475,7.6907744,-1.1372458
23251,1437154955464,-6.2165446,7.379528,-1.0007763
23252,1437154955484,-6.2554507,7.3178773,-0.74519527
23253,1437154955504,-6.793547,7.590218,-0.9163807
23254,1437154955521,-6.090849,7.4058642,-0.8882488
23255,1437154955543,-6.0986304,7.1927805,-0.6769605
23256,1437154955570,-6.3949127,7.4591355,-0.9020155
23257,1437154955582,-6.4122705,7.3729444,-0.92416185
23258,1437154955603,-6.066907,7.1927805,-0.7529764
23259,1437154955624,-6.325481,7.5800424,-1.002572
23260,1437154955643,-6.399701,7.474099,-1.0881647
23261,1437154955665,-6.0585275,7.5052238,-0.866701
23262,1437154955684,-6.18123,7.5507135,-0.99658644
23263,1437154955704,-5.9280434,7.560889,-0.9391256
23264,1437154955726,-5.7395,7.665635,-0.8822633
23265,1437154955743,-5.805939,7.7931266,-0.9780314
23266,1437154955765,-5.473145,7.6919713,-0.90979666
23267,1437154955783,-5.7281275,7.643489,-0.93254155
23268,1437154955802,-5.9483943,7.5082164,-0.98102415
23269,1437154955822,-6.4445925,7.4483614,-0.91219085
23270,1437154955909,-6.585252,7.503428,-0.91338795
23271,1437154955910,-6.5481415,7.3765354,-0.87089086
23272,1437154955911,-6.2763996,7.3310456,-0.8367735
23273,1437154955912,-6.220136,7.252037,-0.7769185
23274,1437154955921,-6.4427967,7.295731,-0.7302315
23275,1437154955946,-6.476914,7.256227,-0.7529764
23276,1437154955963,-6.393117,7.225701,-0.6877344
23277,1437154955982,-6.235698,7.2927384,-0.7272388
23278,1437154956002,-6.5684924,7.349601,-0.7386112
23279,1437154956024,-6.695385,7.5561004,-0.7182605
23280,1437154956043,-6.6893997,7.478289,-0.60932434
23281,1437154956066,-6.3087215,7.379528,-0.49799395
23282,1437154956083,-6.2752028,7.5351515,-0.4854244
23283,1437154956103,-6.2362967,7.3352356,-0.29149407
23284,1437154956125,-5.9489927,7.5225816,-0.40402153
23285,1437154956141,-6.193201,7.5267715,-0.5021838
23286,1437154956164,-6.3087215,7.453748,-0.39085343
23287,1437154956185,-5.8520274,7.3226657,-0.038905777
23288,1437154956205,-6.76781,7.395689,-0.19093758
23289,1437154956225,-6.8581905,7.410054,-0.15741876
23290,1437154956246,-6.5002575,8.032547,-0.5267244
23291,1437154956263,-5.6646814,6.963536,-0.32800564
23292,1437154956285,-5.632958,7.2388687,0.13108255
23293,1437154956303,-6.567295,7.7590094,-0.95588505
23294,1437154956323,-5.7347116,7.3777328,-0.688333
23295,1437154956346,-6.3739634,7.459734,-0.012569559
23296,1437154956362,-6.2219315,7.463924,-0.7787141
23297,1437154956383,-6.2422824,7.4723034,-0.39384618
23298,1437154956405,-6.493075,7.6548615,-0.5895722
23299,1437154956425,-6.6588736,7.675811,-0.7332243
23300,1437154956445,-6.223727,7.499837,-0.587178
23301,1437154956465,-6.165668,7.603985,-0.5883751
23302,1437154956485,-6.2404866,7.693767,-0.6302736
23303,1437154956506,-6.197391,7.5165963,-0.5506664
23304,1437154956522,-6.2674217,7.4711065,-0.4878186
23305,1437154956543,-6.0465565,7.393295,-0.6398504
23306,1437154956573,-6.0106435,7.5722613,-0.45370123
23307,1437154956636,-6.1405287,7.5590935,-0.516549
23308,1437154956637,-6.1207767,7.514202,-0.5351041
23309,1437154956638,-5.9741316,7.358579,-0.4429273
23310,1437154956649,-6.077681,7.386112,-0.5566519
23311,1437154956662,-6.0836663,7.4495587,-0.635062
23312,1437154956682,-6.3901243,7.711125,-0.61890113
23313,1437154956702,-6.0782795,7.541735,-0.84694886
23314,1437154956722,-5.907693,7.511808,-0.7068881
23315,1437154956745,-6.317101,7.6249337,-0.94451255
23316,1437154956762,-6.3302693,7.6255326,-0.94331545
23317,1437154956783,-6.344036,7.5453267,-0.8655039
23318,1437154956808,-6.173449,7.6321163,-0.9636662
23319,1437154956823,-6.2380924,7.651869,-0.9223662
23320,1437154956844,-6.2351,7.52737,-0.919972
23321,1437154956864,-6.311714,7.606379,-0.96665895
23322,1437154956886,-6.273407,7.4908586,-1.0103531
23323,1437154956906,-6.2351,7.419631,-0.97025025
23324,1437154956926,-6.1387334,7.378331,-0.985214
23325,1437154956946,-6.1040173,7.291541,-0.97384155
23326,1437154956963,-6.0285997,7.117962,-0.94570965
23327,1437154956983,-6.137536,6.999449,-0.91338795
23328,1437154957006,-6.5655,7.077859,-0.8331822
23329,1437154957026,-6.6247563,7.1706343,-0.81402856
23330,1437154957045,-6.521207,7.2544312,-0.7164649
23331,1437154957064,-6.4362125,7.415441,-0.7781156
23332,1437154957083,-6.451775,7.515399,-0.8798691
23333,1437154957104,-6.325481,7.5770497,-0.96546185
23334,1437154957126,-6.3350577,7.529764,-1.091756
23335,1437154957143,-6.2985463,7.5028296,-1.1408371
23336,1437154957167,-6.4960675,7.4968443,-1.1947067
23337,1437154957184,-6.571485,7.3507977,-1.1671734
23338,1437154957204,-6.555923,7.2209125,-1.0456676
23339,1437154957226,-6.728904,7.173627,-1.0193313
23340,1437154957246,-6.715137,7.1425023,-0.86849666
23341,1437154957264,-6.7348895,7.1580644,-0.8218097
23342,1437154957283,-6.513426,7.2203135,-0.79487497
23343,1437154957324,-6.3745623,7.259818,-0.7721301
23344,1437154957325,-6.2003837,7.2753806,-0.76434886
23345,1437154957355,-6.23091,7.351995,-0.7793127
23346,1437154957403,-6.2632318,7.330447,-0.81642276
23347,1437154957404,-6.245275,7.291541,-0.80804306
23348,1437154957405,-6.311714,7.2873516,-0.8972271
23349,1437154957423,-6.3087215,7.2526355,-0.94331545
23350,1437154957443,-6.5032506,7.207744,-0.9355343
23351,1437154957463,-6.5684924,7.217321,-0.9816227
23352,1437154957483,-6.543353,7.2113357,-1.002572
23353,1437154957518,-6.559514,7.2029557,-0.997185
23354,1437154957523,-6.5469446,7.256227,-1.0217255
23355,1437154957545,-6.545149,7.241862,-0.98341835
23356,1437154957564,-6.543952,7.281366,-0.93493575
23357,1437154957584,-6.5164185,7.327454,-0.95468795
23358,1437154957606,-6.487688,7.306505,-0.93852705
23359,1437154957626,-6.5206084,7.3178773,-0.9223662
23360,1437154957644,-6.537368,7.2819643,-0.89662856
23361,1437154957666,-6.579865,7.28376,-0.8643068
23362,1437154957684,-6.6325374,7.234679,-0.85891986
23363,1437154957704,-6.4643445,7.176021,-0.8487445
23364,1437154957727,-6.5379663,7.241263,-0.85413146
23365,1437154957744,-6.5110316,7.21373,-0.8678981
23366,1437154957767,-6.369175,7.169437,-0.825401
23367,1437154957784,-6.3985043,7.2047515,-0.85532856
23368,1437154957804,-6.3925185,7.241263,-0.8726865
23369,1437154957827,-6.4008985,7.2430587,-0.8714894
23370,1437154957845,-6.3446345,7.2304893,-0.9175778
23371,1437154957866,-6.3033347,7.2580223,-0.9379285
23372,1437154957884,-6.356007,7.2867527,-0.94092125
23373,1437154957907,-6.30932,7.311892,-1.0067618
23374,1437154957927,-6.3805475,7.3268557,-1.1013328
23375,1437154957947,-6.3661823,7.3442135,-1.1701661
23376,1437154957967,-6.3177,7.29214,-1.2114661
23377,1437154957985,-6.407482,7.32506,-1.3012487
23378,1437154958004,-6.457162,7.259818,-1.3341689
23379,1437154958025,-6.5259953,7.2508397,-1.3120226
23380,1437154958045,-6.5026517,7.1568675,-1.3162124
23381,1437154958117,-6.4978633,7.102998,-1.3078327
23382,1437154958121,-6.589442,7.053318,-1.2719196
23383,1437154958133,-6.694188,7.0251865,-1.2587515
23384,1437154958134,-6.712743,7.032369,-1.2862848
23385,1437154958145,-6.5762734,7.032369,-1.3102269
23386,1437154958164,-6.591237,7.08983,-1.3263878
23387,1437154958184,-6.6762314,7.1221514,-1.3455414
23388,1437154958204,-6.6852098,7.1646485,-1.3611037
23389,1437154958226,-6.6762314,7.171831,-1.371279
23390,1437154958244,-6.646304,7.216124,-1.3437457
23391,1437154958265,-6.6624646,7.2382703,-1.3509283
23392,1437154958286,-6.827665,7.3202715,-1.3210008
23393,1437154958305,-6.7785835,7.257424,-1.2802993
23394,1437154958324,-6.597821,7.183802,-1.1150994
23395,1437154958348,-6.519411,7.192182,-1.1085154
23396,1437154958366,-6.4966664,7.2382703,-1.0630256
23397,1437154958387,-6.452972,7.271789,-1.0097545
23398,1437154958406,-6.3392477,7.2203135,-0.9720459
23399,1437154958426,-6.2901664,7.2227077,-0.89423436
23400,1437154958448,-6.3685765,7.181408,-0.8858546
23401,1437154958466,-6.261436,7.1143703,-0.8415619
23402,1437154958487,-6.3099184,7.103596,-0.86849666
23403,1437154958507,-6.3589997,7.1155677,-0.8726865
23404,1437154958531,-6.4326215,7.1263413,-0.86251116
23405,1437154958548,-6.494272,7.16405,-0.88765025
23406,1437154958566,-6.55712,7.141305,-0.9247604
23407,1437154958585,-6.6427126,7.1395097,-0.9211691
23408,1437154958605,-6.637924,7.1425023,-0.9540894
23409,1437154958624,-6.575675,7.1353197,-0.9624691
23410,1437154958650,-6.537368,7.161656,-0.9959879
23411,1437154958664,-6.5505357,7.1646485,-1.0085574
23412,1437154958684,-6.6283474,7.2711906,-1.0301052
23413,1437154958706,-6.723517,7.313688,-1.0271125
23414,1437154958726,-6.634333,7.3603745,-1.0121487
23415,1437154958747,-6.5601125,7.337031,-1.0265139
23416,1437154958766,-6.501455,7.3537903,-1.0241197
23417,1437154958794,-6.519411,7.3226657,-1.0444705
23418,1437154958855,-6.3847375,7.2610154,-1.039682
23419,1437154958856,-6.3763576,7.2268977,-0.97862995
23420,1437154958857,-6.489484,7.241263,-1.0073603
23421,1437154958866,-6.3805475,7.1484876,-0.96426475
23422,1437154958884,-6.2392898,7.0754647,-0.92176765
23423,1437154958909,-6.2380924,7.0581064,-0.97982705
23424,1437154958925,-6.601413,7.2382703,-0.97503865
23425,1437154958944,-6.8282633,7.2490444,-1.0899603
23426,1437154958968,-6.667852,7.2831616,-1.1372458
23427,1437154958984,-6.6067996,7.2484455,-1.287482
23428,1437154959005,-6.479907,7.2783732,-1.3485341
23429,1437154959026,-6.505046,7.3166804,-1.3868413
23430,1437154959045,-6.4338183,7.323863,-1.4975731
23431,1437154959068,-6.202778,7.2765775,-1.501763
23432,1437154959085,-6.187814,7.28795,-1.46585
23433,1437154959108,-6.2967505,7.419631,-1.4550761
23434,1437154959127,-6.5152216,7.4627266,-1.4251486
23435,1437154959147,-6.4302273,7.4806833,-1.5185224
23436,1437154959168,-6.5385647,7.4669166,-1.4568717
23437,1437154959189,-6.5607114,7.3819222,-1.4580688
23438,1437154959208,-6.4541693,7.2364745,-1.3844471
23439,1437154959224,-6.5068417,7.095815,-1.3162124
23440,1437154959247,-6.600814,7.004237,-1.2378023
23441,1437154959267,-6.692991,6.8809357,-1.1713632
23442,1437154959289,-6.861782,6.839636,-1.0528502
23443,1437154959308,-7.031172,6.7546415,-0.9672575
23444,1437154959329,-7.0820484,6.711546,-0.87089086
23445,1437154959348,-6.962937,6.730101,-0.7781156
23446,1437154959368,-6.591237,6.7199254,-0.919972
23447,1437154959388,-5.7400985,7.0688806,-1.2384008
23448,1437154959407,-5.446809,7.7320743,-1.6226702
23449,1437154959427,-5.1583076,8.230667,-1.9440918
23450,1437154959449,-5.0302176,8.608353,-2.0763714
23451,1437154959478,-4.8464627,8.810063,-2.1990743
23452,1437154959489,-5.0212393,8.92319,-2.0931308
23453,1437154959506,-5.433641,8.642469,-2.03148
23454,1437154959554,-5.5641246,8.347982,-1.7890673
23455,1437154959555,-6.0681043,7.914034,-1.5376761
23456,1437154959590,-6.373365,7.553706,-1.3269863
23457,1437154959591,-6.6840124,7.129334,-1.0684125
23458,1437154959608,-7.0820484,6.743269,-0.82480246
23459,1437154959625,-7.318476,6.4505777,-0.6422446
23460,1437154959645,-7.3807254,6.2249246,-0.44472298
23461,1437154959666,-7.3849154,6.0483522,-0.35314476
23462,1437154959685,-7.3029137,5.97892,-0.24361002
23463,1437154959718,-7.3106947,6.010045,-0.19572599
23464,1437154959725,-7.1071877,6.1979895,-0.20829555
23465,1437154959746,-6.573281,6.543353,-0.3890578
23466,1437154959768,-5.9442043,7.176021,-0.6464345
23467,1437154959785,-5.9130797,7.7608047,-0.9367314
23468,1437154959805,-6.1243677,8.140884,-0.9672575
23469,1437154959825,-6.221333,8.073847,-0.9780314
23470,1437154959845,-6.145317,7.923012,-0.8026561
23471,1437154959865,-6.464943,7.7865424,-0.7404069
23472,1437154959885,-6.571485,7.5285673,-0.53330845
23473,1437154959905,-6.70556,7.1622543,-0.29688102
23474,1437154959925,-6.9383965,6.8282633,-0.1400608
23475,1437154959945,-6.8324533,6.576872,-0.14664486
23476,1437154959965,-6.7989345,6.6247563,-0.25617957
23477,1437154959986,-6.7205243,6.767211,-0.38307226
23478,1437154960005,-6.6983776,6.991069,-0.37948096
23479,1437154960026,-6.787562,7.0946183,-0.39863458
23480,1437154960046,-6.779781,7.055114,-0.31064767
23481,1437154960065,-6.7468605,6.9826894,-0.22266077
23482,1437154960086,-6.823475,6.987478,-0.13587095
23483,1437154960106,-6.931214,6.977901,-0.12689269
23484,1437154960129,-6.933608,7.0209966,-0.20709845
23485,1437154960149,-6.870162,7.005434,-0.22625206
23486,1437154960168,-6.655881,6.9264255,-0.17717093
23487,1437154960189,-6.503849,7.0012445,-0.24001873
23488,1437154960205,-6.558317,7.20954,-0.23463176
23489,1437154960226,-6.6726403,7.2370734,-0.2645593
23490,1437154960249,-6.6600704,7.1353197,-0.076015905
23491,1437154960282,-6.631939,7.0730705,-0.02932897
23492,1437154960284,-6.4900823,7.041347,-0.075417355
23493,1437154960305,-6.50744,7.114969,-0.038307227
23494,1437154960325,-6.6271505,7.1808095,-0.11552023
23495,1437154960344,-6.634333,7.2783732,-0.13467385
23496,1437154960368,-6.5960255,7.271789,-0.12749124
23497,1437154960388,-6.4122705,7.2460513,-0.130484
23498,1437154960405,-6.535572,7.183802,-0.047285482
23499,1437154960425,-6.823475,7.144298,0.095169514
23500,1437154960449,-6.965331,7.0593038,0.090979666
23501,1437154960469,-6.630143,6.9306154,0.05865794
23502,1437154960489,-6.459556,6.938995,-0.002992752
23503,1437154960510,-6.4667387,7.0090256,0.12808979
23504,1437154960529,-6.2225304,7.3047094,-0.12868834
23505,1437154960548,-6.2704144,7.502231,-0.34476504
23506,1437154960570,-6.23091,7.5124063,-0.22685061
23507,1437154960588,-6.244078,7.503428,-0.22445641
23508,1437154960606,-6.3021374,7.4016747,-0.22266077
23509,1437154960637,-6.3805475,7.2502413,-0.06284779
23510,1437154960654,-6.5164185,7.120356,0.002992752
23511,1437154960670,-6.4098763,7.0952168,-0.0676362
23512,1437154960689,-6.305729,7.264008,-0.27712885
23513,1437154960709,-6.5708866,7.397485,-0.4189853
23514,1437154960729,-6.357204,7.3819222,-0.5943606
23515,1437154960749,-6.1243677,7.445369,-0.5931635
23516,1437154960769,-6.3422403,7.527969,-0.64703304
23517,1437154960790,-6.361394,7.5944076,-0.6967127
23518,1437154960809,-6.3512187,7.633912,-0.6781576
23519,1437154960860,-6.3512187,7.608773,-0.7356185
23520,1437154960861,-6.2315083,7.4908586,-0.729633
23521,1437154960866,-6.377555,7.429806,-0.53211135
23522,1437154960890,-6.5565214,7.44896,-0.4866215
23523,1437154960917,-6.389526,7.4082584,-0.5105635
23524,1437154960994,-6.335656,7.2664022,-0.44771573
23525,1437154960995,-6.5499372,7.177218,-0.23343466
23526,1437154960996,-6.3889275,7.15567,-0.26874915
23527,1437154960997,-6.4505777,7.1071877,-0.24301147
23528,1437154961006,-6.6163764,7.1185603,-0.2148796
23529,1437154961026,-6.6612678,7.1514807,-0.23702596
23530,1437154961048,-6.8240733,7.0688806,-0.25079262
23531,1437154961067,-6.991069,7.0126166,-0.33399114
23532,1437154961087,-7.0329676,7.0227923,-0.34476504
23533,1437154961109,-6.8647747,7.0347633,-0.39624038
23534,1437154961131,-6.7869635,7.1263413,-0.3669114
23535,1437154961150,-6.809708,7.129334,-0.29149407
23536,1437154961168,-6.5858502,7.1939774,-0.2753332
23537,1437154961187,-6.425439,7.204153,-0.20590134
23538,1437154961210,-6.3033347,7.2406645,-0.22026655
23539,1437154961229,-6.3566055,7.2927384,-0.2801216
23540,1437154961250,-6.35062,7.3268557,-0.42317516
23541,1437154961270,-6.4631476,7.237672,-0.47285482
23542,1437154961289,-6.5523314,7.265804,-0.5847838
23543,1437154961309,-6.6786256,7.195773,-0.6147113
23544,1437154961330,-6.531981,7.1185603,-0.557849
23545,1437154961350,-6.6606693,7.125743,-0.4961983
23546,1437154961371,-6.76362,7.1305313,-0.4309563
23547,1437154961387,-6.643311,7.1006036,-0.45310268
23548,1437154961410,-6.7684083,7.1071877,-0.3549404
23549,1437154961430,-6.717531,7.1131735,-0.45070848
23550,1437154961450,-6.6720414,7.189189,-0.48243165
23551,1437154961470,-6.70556,7.177817,-0.45250413
23552,1437154961490,-6.4882865,7.181408,-0.46267948
23553,1437154961510,-6.5086374,7.2065473,-0.4914099
23554,1437154961530,-6.5906386,7.201759,-0.5033809
23555,1437154961549,-6.6385226,7.241263,-0.48482585
23556,1437154961570,-6.5631056,7.189788,-0.5363012
23557,1437154961603,-6.553529,7.152079,-0.4902128
23558,1437154961615,-6.652888,7.1167645,-0.4973954
23559,1437154961629,-6.669647,7.0605006,-0.4321534
23560,1437154961731,-6.7486563,7.045537,-0.36152446
23561,1437154961732,-6.8545995,7.0365586,-0.4141969
23562,1437154961733,-6.8210807,7.0622964,-0.40521863
23563,1437154961734,-6.4960675,7.0964136,-0.4321534
23564,1437154961735,-6.6840124,7.20116,-0.3633201
23565,1437154961748,-6.5427547,7.192182,-0.4405331
23566,1437154961767,-6.585252,7.191583,-0.36391866
23567,1437154961788,-6.555324,7.215525,-0.33399114
23568,1437154961807,-6.379949,7.1113777,-0.30645782
23569,1437154961830,-6.539762,7.138911,-0.25378537
23570,1437154961848,-6.6762314,7.138911,-0.38187516
23571,1437154961868,-6.682217,7.098808,-0.38486794
23572,1437154961889,-6.8785415,7.041347,-0.41599256
23573,1437154961912,-6.606201,6.987478,-0.44352585
23574,1437154961931,-6.505645,7.0168066,-0.31124622
23575,1437154961951,-6.5146227,7.037756,-0.2621651
23576,1437154961970,-6.7881603,7.0371575,-0.18255788
23577,1437154961990,-6.59423,7.111976,-0.21667525
23578,1437154962009,-6.3907228,7.2646065,-0.19393034
23579,1437154962031,-6.3631897,7.2789717,-0.35553896
23580,1437154962051,-6.7666125,7.29214,-0.2873042
23581,1437154962070,-6.7121444,7.1724296,-0.2789245
23582,1437154962091,-6.4481835,7.1341224,-0.20649989
23583,1437154962109,-6.646304,7.0994067,-0.28790274
23584,1437154962130,-6.8707604,7.141305,-0.36391866
23585,1437154962151,-6.803723,7.101801,-0.38187516
23586,1437154962171,-6.4421983,7.0886326,-0.3537433
23587,1437154962190,-6.4110737,7.16824,-0.3812766
23588,1437154962209,-6.6720414,7.1820064,-0.44113165
23589,1437154962230,-6.666056,7.161656,-0.48003745
23590,1437154962249,-6.529587,7.2849574,-0.43754035
23591,1437154962268,-6.097433,7.2382703,-0.5793968
23592,1437154962291,-6.3326635,7.303512,-0.5153519
23593,1437154962310,-6.600814,7.2430587,-0.6464345
23594,1437154962331,-6.573281,7.3711486,-0.59376204
23595,1437154962348,-6.1566896,7.2304893,-0.60214174
23596,1437154962375,-6.289568,7.302315,-0.57400984
23597,1437154962451,-6.9222355,7.302315,-0.7164649
23598,1437154962452,-6.685808,7.4645224,-0.85891986
23599,1437154962453,-6.3781533,7.405266,-0.8026561
23600,1437154962454,-6.1662664,7.3843164,-0.7146692
23601,1437154962469,-6.441001,7.3723454,-0.7751228
23602,1437154962499,-6.517616,7.3484035,-0.8242039
23603,1437154962509,-6.43741,7.354389,-0.6943185
23604,1437154962529,-6.2650275,7.2328835,-0.6464345
23605,1437154962554,-6.2662244,7.2508397,-0.44592008
23606,1437154962568,-6.0764837,7.138911,-0.38307226
23607,1437154962590,-6.1836243,7.2089415,-0.39863458
23608,1437154962618,-6.3272767,7.3549876,-0.5722142
23609,1437154962629,-6.125565,7.5321584,-0.7338228
23610,1437154962650,-5.751471,7.9661074,-1.0528502
23611,1437154962671,-5.0763063,8.507795,-1.4784195
23612,1437154962691,-4.3197384,8.996812,-1.6603789
23613,1437154962711,-3.891775,9.427768,-2.2140381
23614,1437154962731,-4.6279917,9.46009,-3.144784
23615,1437154962751,-5.6203885,8.986037,-3.2650926
23616,1437154962772,-5.5000796,8.374319,-3.2465374
23617,1437154962791,-5.6257753,7.651869,-3.3423057
23618,1437154962811,-6.31351,7.1808095,-3.110068
23619,1437154962832,-6.863578,6.599617,-2.8909986
23620,1437154962848,-7.479486,6.2752028,-2.7569232
23621,1437154962871,-7.811083,5.8203044,-2.3505075
23622,1437154962889,-7.7027454,5.382764,-1.6214731
23623,1437154962908,-7.715315,5.2756233,-1.0384849
23624,1437154962929,-8.308478,5.5000796,-1.1318588
23625,1437154962953,-9.084799,5.569512,-0.96665895
23626,1437154962973,-8.791509,5.531803,-0.7685388
23627,1437154962994,-8.168418,5.4857144,-0.62608373
23628,1437154963012,-7.766192,5.595249,-0.40282443
23629,1437154963029,-7.7997108,5.9388175,-0.5201403
23630,1437154963049,-7.841609,6.1249666,-0.6721721
23631,1437154963070,-7.7087307,6.250662,-0.7206547
23632,1437154963090,-7.387908,6.3751607,-0.8762778
23633,1437154963109,-7.103596,6.551733,-1.0648212
23634,1437154963181,-6.9407907,6.7145386,-1.0720038
23635,1437154963182,-6.9916677,6.897695,-1.0366893
23636,1437154963183,-6.681618,6.956353,-1.0456676
23637,1437154963192,-6.0998273,7.258621,-1.3335704
23638,1437154963210,-6.251859,7.583634,-1.7016789
23639,1437154963234,-6.746262,7.641693,-1.7471687
23640,1437154963249,-7.102998,7.252037,-1.3551182
23641,1437154963269,-7.0491285,6.941389,-1.0827777
23642,1437154963303,-7.0144124,6.745663,-1.0989386
23643,1437154963309,-7.1167645,6.6882024,-1.0857705
23644,1437154963331,-7.3059063,6.6415157,-0.9959879
23645,1437154963359,-6.4284315,6.9228344,-1.1593921
23646,1437154963369,-4.919486,7.7787614,-1.5951369
23647,1437154963389,-4.518457,8.656835,-2.4169466
23648,1437154963441,-5.895123,8.349778,-2.098518
23649,1437154963442,-6.227917,7.865551,-1.7100586
23650,1437154963450,-6.487688,7.361572,-1.4885949
23651,1437154963470,-6.703765,7.1131735,-1.1073183
23652,1437154963493,-7.03596,6.8240733,-1.0187328
23653,1437154963512,-7.599795,6.2823853,-0.66379243
23654,1437154963535,-7.9266033,5.879561,-0.24600422
23655,1437154963554,-7.9768815,5.6563015,0.077213004
23656,1437154963573,-7.8039002,5.499481,0.090381116
23657,1437154963591,-8.161235,5.3725886,0.3184288
23658,1437154963612,-7.9307933,5.5042696,0.44711718
23659,1437154963644,-7.5602903,5.872977,0.23523031
23660,1437154963653,-7.253833,6.117784,0.20590134
23661,1437154963677,-7.053318,6.4242415,0.39025488
23662,1437154963691,-7.0275807,6.803124,0.31184477
23663,1437154963823,-7.0832458,6.9467764,0.3226187
23664,1437154963824,-7.016208,6.940192,0.41838676
23665,1437154963825,-6.9246297,6.727707,0.587178
23666,1437154963826,-6.655282,6.563704,0.6871359
23667,1437154963827,-6.570288,6.3685765,0.74519527
23668,1437154963828,-6.4751186,6.3063273,0.7703344
23669,1437154963903,-6.5666966,6.88752,0.22685061
23670,1437154963907,-7.404069,7.2807674,-0.5327099
23671,1437154963911,-7.189788,7.350199,-0.89543146
23672,1437154963912,-6.7666125,7.079056,-0.6560113
23673,1437154963913,-6.8085113,6.845621,-0.40880993
23674,1437154963944,-6.963536,6.7887588,-0.25917232
23675,1437154963963,-7.0886326,6.7067575,-0.06464344
23676,1437154963990,-7.0634937,6.7564373,0.16101007
23677,1437154963991,-6.865972,6.729502,0.22445641
23678,1437154964034,-6.7785835,6.899491,0.08080431
23679,1437154964035,-7.067683,6.935404,-0.08678981
23680,1437154964059,-6.8809357,7.08145,-0.34117374
23681,1437154964069,-6.896498,7.1706343,-0.45010993
23682,1437154964092,-6.9485717,7.140108,-0.51355624
23683,1437154964110,-7.067085,7.016208,-0.587178
23684,1437154964129,-6.5361705,6.9826894,-0.57999533
23685,1437154964149,-6.6882024,7.125743,-0.59017074
23686,1437154964169,-6.9719152,7.056311,-0.56922144
23687,1437154964190,-6.7881603,6.9844847,-0.3417723
23688,1437154964213,-6.767211,7.04015,-0.35314476
23689,1437154964233,-6.8785415,7.1820064,-0.44651863
23690,1437154964252,-6.7690067,7.221511,-0.53570265
23691,1437154964270,-6.67683,7.0742674,-0.46746787
23692,1437154964289,-6.655881,7.0132155,-0.3489549
23693,1437154964310,-6.8438253,7.0832458,-0.24241292
23694,1437154964332,-6.899491,7.1664443,-0.41359833
23695,1437154964354,-6.88333,7.241263,-0.4333505
23696,1437154964373,-6.654085,7.3669586,-0.5530606
23697,1437154964391,-6.543353,7.3406224,-0.52133745
23698,1437154964408,-6.7372837,7.249643,-0.50996494
23699,1437154964429,-6.7708025,7.231686,-0.5530606
23700,1437154964450,-6.5696893,7.2107368,-0.557849
23701,1437154964468,-6.153697,6.891111,-0.6404489
23702,1437154964494,-6.0597243,6.75943,-0.60333884
23703,1437154964518,-6.827066,6.8222775,-0.7194576
23704,1437154964529,-7.2699933,6.7253127,-0.7433996
23705,1437154964549,-7.1861963,6.627749,-0.6266823
23706,1437154964570,-7.4190326,6.7522473,-0.7062895
23707,1437154964593,-7.7691846,6.640917,-0.57760113
23708,1437154964612,-7.135918,6.435614,-0.061650693
23709,1437154964631,-6.977901,6.5230026,0.026934769
23710,1437154964652,-7.5704656,6.6241574,-0.0017956513
23711,1437154964670,-7.6410947,6.4781113,0.04070143
23712,1437154964690,-7.049727,6.4326215,0.1316811
23713,1437154964712,-6.929418,6.657676,-0.03232172
23714,1437154964732,-6.8384385,7.0754647,-0.4782418
23715,1437154964752,-6.8246717,7.375937,-0.8798691
23716,1437154964772,-6.8809357,7.562086,-1.0223241
23717,1437154964792,-6.700772,7.575254,-1.3892355
23718,1437154964811,-6.551733,7.8068933,-1.2312182
23719,1437154964833,-6.7612257,7.8853035,-0.89423436
23720,1437154964853,-6.4667387,7.382521,-0.39264908
23721,1437154964873,-5.605425,7.141305,0.12509704
23722,1437154964892,-5.434838,7.101202,0.08559271
23723,1437154964912,-6.133945,7.0754647,0.3788824
23724,1437154964933,-6.591836,7.055712,0.6434417
23725,1437154964953,-6.330868,7.156269,0.47524905
23726,1437154964973,-5.7562594,7.1754227,0.36272156
23727,1437154964994,-5.798158,7.2298903,0.44771573
23728,1437154965011,-6.137536,7.2304893,0.4417302
23729,1437154965033,-6.4721255,7.1227503,0.59615624
23730,1437154965053,-6.5655,7.08983,0.62249243
23731,1437154965071,-6.634333,7.20535,0.60333884
23732,1437154965093,-6.5762734,7.351396,0.6733692
23733,1437154965112,-6.4242415,7.3711486,0.6991069
23734,1437154965133,-6.3177,7.3950906,0.7086837
23735,1437154965154,-6.369175,7.40347,0.6895301
23736,1437154965174,-6.355408,7.422025,0.60453594
23737,1437154965193,-6.4062853,7.3352356,0.7104794
23738,1437154965215,-6.521207,7.1945763,0.7188591
23739,1437154965234,-6.599617,6.9731126,0.8182184
23740,1437154965253,-6.704962,6.7767878,0.89902276
23741,1437154965378,-6.779781,6.6774287,0.9696517
23742,1437154965379,-6.8306575,6.7468605,0.8972271
23743,1437154965380,-6.896498,6.7839704,0.88286185
23744,1437154965381,-6.821679,6.7923503,0.9283517
23745,1437154965382,-6.741473,6.8719573,0.8655039
23746,1437154965383,-6.541558,6.9731126,0.86251116
23747,1437154965393,-6.6403184,6.999449,0.8367735
23748,1437154965413,-6.896498,7.04015,0.9403227
23749,1437154965431,-7.033566,7.0263834,0.9528923
23750,1437154965451,-6.7809777,6.9090676,1.0001777
23751,1437154966882,-6.599617,6.827665,1.0103531
23752,1437154966883,-6.5816603,6.861782,0.943914
23753,1437154966884,-6.625953,6.8581905,0.85891986
23754,1437154966885,-6.7881603,6.9126587,0.83617496
23755,1437154966886,-6.9491706,6.9557543,0.7858967
23756,1437154966887,-6.831256,6.907272,0.7823054
23757,1437154966888,-6.746262,6.9485717,0.6865373
23758,1437154966889,-6.6989765,6.96593,0.60453594
23759,1437154966890,-6.7522473,7.01142,0.5746084
23760,1437154966891,-6.8144965,7.029975,0.59376204
23761,1437154966892,-6.785766,6.9383965,0.59256494
23762,1437154966893,-6.7803793,6.8731546,0.6985083
23763,1437154966894,-6.854001,6.906075,0.6769605
23764,1437154966895,-6.827665,6.9198413,0.64823014
23765,1437154966896,-6.7480574,6.845621,0.7206547
23766,1437154966897,-6.7468605,6.7959414,0.6751649
23767,1437154966898,-6.811504,6.8360443,0.6793547
23768,1437154966899,-6.9144545,6.9168487,0.682946
23769,1437154966900,-6.979098,6.9407907,0.62608373
23770,1437154966901,-6.7564373,6.8665705,0.6254852
23771,1437154966902,-6.6804214,6.8647747,0.60693014
23772,1437154966903,-6.884527,6.830059,0.6374562
23773,1437154966904,-6.9850836,6.741473,0.7206547
23774,1437154966905,-7.1604586,6.651691,0.7954735
23775,1437154966906,-6.941389,6.615179,0.7990648
23776,1437154966907,-6.9371996,6.6469026,0.8194155
23777,1437154966908,-7.15986,6.7851677,0.74519527
23778,1437154966909,-7.00304,6.8109055,0.7930793
23779,1437154966910,-6.645107,6.67683,0.7703344
23780,1437154966911,-6.712743,6.691794,0.7942764
23781,1437154966912,-6.9108634,6.8366427,0.7445967
23782,1437154966913,-7.026982,6.8204823,0.79846627
23783,1437154966914,-7.0006456,6.8653736,0.79128367
23784,1437154966915,-6.9120603,6.8408327,0.7733272
23785,1437154966916,-6.7839704,6.8444242,0.78888947
23786,1437154966917,-6.543952,6.8863225,0.7529764
23787,1437154966918,-6.5487404,6.956353,0.6302736
23788,1437154966919,-6.637924,7.055114,0.50278234
23789,1437154966920,-6.7205243,7.035362,0.46567222
23790,1437154966921,-6.7306995,6.975507,0.45968673
23791,1437154966922,-6.7468605,6.967127,0.46986207
23792,1437154966923,-6.977901,7.0425444,0.45010993
23793,1437154966924,-6.96174,6.9784994,0.4417302
23794,1437154966925,-6.8318543,6.9186444,0.45789108
23795,1437154966926,-6.797737,6.8839283,0.4429273
23796,1437154966927,-6.7708025,6.8929067,0.51116204
23797,1437154966928,-6.7773867,6.979098,0.4914099
23798,1437154966929,-6.819285,7.061698,0.46986207
23799,1437154966930,-6.743868,7.0754647,0.43035775
23800,1437154966931,-6.4661403,7.0347633,0.47644615
23801,1437154966932,-6.2925606,7.07726,0.39264908
23802,1437154966933,-6.357204,7.1885905,0.30526072
23803,1437154966934,-6.513426,7.2298903,0.28670564
23804,1437154966935,-6.622362,7.225102,0.2837129
23805,1437154966936,-6.5870476,7.2203135,0.30705637
23806,1437154966937,-6.6361284,7.20116,0.30286652
23807,1437154966938,-6.542156,7.241862,0.3172317
23808,1437154966939,-6.5547256,7.2592196,0.28491
23809,1437154966940,-6.558317,7.2382703,0.29807812
23810,1437154966941,-6.542156,7.2430587,0.31244332
23811,1437154966942,-6.663662,7.261614,0.30705637
23812,1437154966943,-6.5607114,7.199963,0.35793316
23813,1437154966944,-6.5744777,7.2059484,0.41000703
23814,1437154966945,-6.5846534,7.162853,0.3693056
23815,1437154966946,-6.5098343,7.092224,0.45070848
23816,1437154966947,-6.4978633,7.052121,0.4405331
23817,1437154966948,-6.6349316,7.0832458,0.45729253
23818,1437154966949,-6.7654157,7.0832458,0.4417302
23819,1437154966950,-6.755839,7.057508,0.4854244
23820,1437154966951,-6.6893997,7.012018,0.5105635
23821,1437154966952,-6.543353,7.0132155,0.4866215
23822,1437154966953,-6.6044054,7.047931,0.51475334
23823,1437154966954,-6.628946,7.1101804,0.40402153
23824,1437154966955,-6.5379663,7.1221514,0.33997664
23825,1437154966956,-6.5367694,7.1083846,0.3429694
23826,1437154966971,-6.627749,7.1347213,0.26635495
23827,1437154966991,-6.6774287,7.1754227,0.26994625
23828,1437154967011,-6.7480574,7.2221093,0.25318682
23829,1437154967031,-6.6044054,7.249643,0.22924481
23830,1437154967051,-6.5655,7.173627,0.2885013
23831,1437154967071,-6.551733,7.2065473,0.26635495
23832,1437154967091,-6.579266,7.144298,0.31423897
23833,1437154967111,-6.663662,7.1425023,0.31004912
23834,1437154967131,-6.5607114,7.1131735,0.31004912
23835,1437154967153,-6.508039,7.1251445,0.35793316
23836,1437154967173,-6.5577183,7.1544733,0.3172317
23837,1437154967192,-6.5625067,7.2029557,0.28909984
23838,1437154967213,-6.5547256,7.16405,0.27593175
23839,1437154967235,-6.630143,7.1604586,0.2908955
23840,1437154967252,-6.6403184,7.1083846,0.2693477
23841,1437154967272,-6.587646,7.086837,0.3274071
23842,1437154967293,-6.606201,7.109582,0.34356794
23843,1437154967312,-6.657078,7.132327,0.35553896
23844,1437154967337,-6.619968,7.092224,0.37349546
23845,1437154967352,-6.6205664,7.062895,0.34835634
23846,1437154967375,-6.7348895,7.08983,0.31423897
23847,1437154967395,-6.7121444,7.1047935,0.31783026
23848,1437154967412,-6.597223,7.0946183,0.32142156
23849,1437154967434,-6.599617,7.07726,0.3645172
23850,1437154967453,-6.5744777,7.105392,0.3681085
23851,1437154967471,-6.6002154,7.101801,0.3393781
23852,1437154967494,-6.7079544,7.088034,0.3764882
23853,1437154967511,-6.729502,7.038953,0.3477578
23854,1437154967531,-6.68102,7.0251865,0.374094
23855,1437154967553,-6.669049,7.0341644,0.34237084
23856,1437154967573,-6.605004,7.028179,0.3453636
23857,1437154967594,-6.6804214,7.057508,0.29927522
23858,1437154967613,-6.6744356,7.074866,0.22804771
23859,1437154967636,-6.7342906,7.079056,0.23642741
23860,1437154967653,-6.697779,7.101801,0.22744916
23861,1437154967673,-6.7342906,7.079654,0.24121583
23862,1437154967696,-6.667253,7.0605006,0.24839842
23863,1437154967716,-6.6666546,7.029975,0.27473465
23864,1437154967736,-6.679224,7.0048356,0.24660277
23865,1437154967753,-6.633734,7.0090256,0.2813187
23866,1437154967774,-6.7324953,7.065289,0.31663316
23867,1437154967796,-6.7013707,7.055712,0.32621
23868,1437154967819,-6.5858502,7.0371575,0.33279404
23869,1437154967836,-6.5870476,7.03177,0.3250129
23870,1437154967853,-6.654085,7.043741,0.33638534
23871,1437154967874,-6.729502,7.0832458,0.3226187
23872,1437154967899,-6.7510505,7.0946183,0.3417723
23873,1437154967914,-6.7318964,7.109582,0.33877954
23874,1437154967934,-6.7211227,7.092224,0.3489549
23875,1437154967953,-6.675633,7.1502833,0.29807812
23876,1437154967973,-6.7253127,7.1766195,0.17717093
23877,1437154967994,-6.531382,7.109582,0.18495208
23878,1437154968028,-6.4948707,6.877943,0.2765303
23879,1437154968137,-6.6606693,6.8653736,0.3812766
23880,1437154968138,-7.08564,7.049727,0.2825158
23881,1437154968139,-6.9252286,7.1155677,0.29209262
23882,1437154968140,-6.546346,7.0090256,0.30047232
23883,1437154968141,-6.4362125,7.0263834,0.27952304
23884,1437154968142,-6.727707,7.0874357,0.26276365
23885,1437154968171,-6.783372,7.1622543,0.260968
23886,1437154968175,-6.7306995,7.1221514,0.24121583
23887,1437154968209,-6.616975,7.1580644,0.20949265
23888,1437154968220,-6.5367694,7.1885905,0.16759412
23889,1437154968238,-6.4858923,7.152079,0.14963761
23890,1437154968253,-6.4787097,7.1514807,0.20051439
23891,1437154968274,-6.575675,7.0844426,0.2160767
23892,1437154968294,-6.6732388,7.0251865,0.30406362
23893,1437154968314,-6.7654157,7.069479,0.3238158
23894,1437154968335,-6.739678,7.0940194,0.37828386
23895,1437154968354,-6.655282,7.165846,0.36272156
23896,1437154968373,-6.600814,7.1287355,0.37588966
23897,1437154968393,-6.553529,7.103596,0.38486794
23898,1437154968413,-6.6163764,7.065289,0.37828386
23899,1437154968433,-6.642114,7.0275807,0.38726214
23900,1437154968454,-6.7881603,6.9144545,0.38845924
23901,1437154968476,-6.8893156,6.7923503,0.45010993
23902,1437154968497,-6.9928646,6.7085533,0.4794389
23903,1437154968517,-6.981492,6.6492968,0.40761283
23904,1437154968537,-6.8468184,6.7372837,0.4141969
23905,1437154968559,-6.767211,6.8121023,0.3226187
23906,1437154968576,-6.6510925,6.685808,0.3609259
23907,1437154968596,-6.6427126,6.8402343,0.40162733
23908,1437154968620,-6.75524,7.355586,0.3184288
23909,1437154968633,-6.227319,7.662044,0.2693477
23910,1437154968653,-5.635352,7.855376,0.17118542
23911,1437154968676,-5.884948,7.949947,0.0676362
23912,1437154968696,-6.0525417,7.9385743,-0.005985504
23913,1437154968717,-6.051345,7.7823524,0.035913024
23914,1437154968737,-6.2351,7.631518,-0.11971009
23915,1437154968758,-6.3763576,7.518392,-0.16101007
23916,1437154968778,-6.4631476,7.3609734,-0.13946225
23917,1437154968809,-6.4601545,7.2664022,-0.260968
23918,1437154968815,-6.2243257,7.1550717,-0.3393781
23919,1437154968834,-6.251859,7.1808095,-0.3669114
23920,1437154968855,-6.319495,7.2203135,-0.4866215
23921,1437154968873,-6.299743,7.244256,-0.516549
23922,1437154968893,-6.375759,7.2831616,-0.4770447
23923,1437154968918,-6.208165,7.3298483,-0.5422867
23924,1437154968935,-5.9172697,7.4561424,-0.4914099
23925,1437154968955,-5.8083334,7.949947,-0.7290344
23926,1437154968976,-5.6227827,8.271967,-0.830788
23927,1437154968996,-5.412093,8.318055,-0.8367735
23928,1437154969020,-5.593454,8.34918,-0.94092125
23929,1437154969036,-5.525219,8.315661,-0.9648633
23930,1437154969058,-5.7041855,8.152257,-0.93852705
23931,1437154969077,-5.815516,8.090008,-0.86729956
23932,1437154969097,-5.957372,7.9463553,-0.87448215
23933,1437154969118,-5.9477954,7.7733746,-0.7858967
23934,1437154969138,-5.9561753,7.6590514,-0.7314286
23935,1437154969157,-6.1501055,7.6147585,-0.6955156
23936,1437154969175,-6.1926026,7.4992385,-0.58538234
23937,1437154969196,-6.1046157,7.3831196,-0.49919105
23938,1437154969217,-5.891532,7.277775,-0.46567222
23939,1437154969239,-5.6000376,7.451354,-0.4782418
23940,1437154969258,-5.5778913,7.7865424,-0.62368953
23941,1437154969275,-5.379771,8.0924015,-0.65421563
23942,1437154969296,-5.467758,8.33242,-0.6835446
23943,1437154969317,-5.7137623,8.2276745,-0.56443304
23944,1437154969338,-5.692813,7.9906483,-0.44352585
23945,1437154969357,-5.7945666,7.848193,-0.54288524
23946,1437154969376,-5.9489927,7.7344685,-0.62129533
23947,1437154969398,-6.2141504,7.677606,-0.6697779
23948,1437154969416,-6.3422403,7.507618,-0.6997054
23949,1437154969445,-6.1770406,7.375937,-0.7248446
23950,1437154969510,-6.039374,7.2873516,-0.85054016
23951,1437154969523,-6.0327897,7.315483,-0.95708215
23952,1437154969524,-5.9968767,7.33344,-0.94211835
23953,1437154969525,-5.7963624,7.4615297,-0.99179804
23954,1437154969535,-5.653309,7.721899,-1.2054806
23955,1437154969557,-5.273828,8.031948,-1.3018472
23956,1437154969575,-5.153519,8.605359,-1.4838065
23957,1437154969595,-5.705383,8.719683,-1.520318
23958,1437154969618,-5.953781,8.599374,-1.3443443
23959,1437154969645,-6.131551,8.303091,-1.192911
23960,1437154969659,-6.4469867,8.037335,-1.1360487
23961,1437154969675,-6.531981,7.6404963,-1.0342951
23962,1437154969695,-6.5152216,7.2143283,-0.83976626
23963,1437154969719,-6.616975,6.8905125,-0.66139823
23964,1437154969735,-6.5427547,6.6121864,-0.57400984
23965,1437154969755,-6.1117983,6.613982,-0.5805939
23966,1437154969775,-6.153697,6.83784,-0.6464345
23967,1437154969795,-6.3793507,7.1981673,-0.78170687
23968,1437154969815,-6.2871737,7.417237,-0.90021986
23969,1437154969835,-6.427833,7.4986396,-0.8619126
23970,1437154969855,-6.7348895,7.48188,-0.82001406
23971,1437154969875,-6.75943,7.477092,-0.6937199
23972,1437154969895,-6.8144965,7.380127,-0.7062895
23973,1437154969915,-6.75943,7.2687964,-0.7230489
23974,1437154969939,-6.747459,6.9425864,-0.63087213
23975,1437154969955,-6.879739,6.8210807,-0.5021838
23976,1437154969975,-6.930017,6.6762314,-0.43993455
23977,1437154969995,-6.7971387,6.67683,-0.33877954
23978,1437154970017,-6.7486563,6.7773867,-0.3752911
23979,1437154970035,-6.7809777,6.8492126,-0.38367084
23980,1437154970058,-6.7869635,7.0251865,-0.3866636
23981,1437154970076,-6.830059,7.050924,-0.3609259
23982,1437154970098,-6.6588736,6.9970546,-0.24779987
23983,1437154970118,-6.7187285,6.969521,-0.2160767
23984,1437154970138,-6.779182,6.9719152,-0.16579847
23985,1437154970156,-6.973711,6.83365,-0.12988544
23986,1437154970175,-7.1939774,6.600814,0.06344634
23987,1437154970200,-7.401076,6.2524576,0.25258827
23988,1437154970223,-7.341221,6.042965,0.4441244
23989,1437154970234,-7.167641,6.208165,0.14065935
23990,1437154970254,-6.986879,6.5146227,-0.29149407
23991,1437154970276,-6.8641763,6.927623,-0.5638345
23992,1437154970295,-6.6307416,7.313688,-0.985214
23993,1437154970316,-6.299743,7.6309195,-1.198298
23994,1437154970335,-5.993285,7.837419,-1.3054385
23995,1437154970359,-6.0387754,7.917625,-1.3856442
23996,1437154970376,-6.1261635,7.855376,-1.1761516
23997,1437154970396,-6.051345,7.701548,-1.003769
23998,1437154970418,-6.221333,7.5788455,-0.85054016
23999,1437154970434,-6.3177,7.422025,-0.8379706
24000,1437154970459,-6.397307,7.3567834,-0.7020996
24001,1437154970479,-6.6283474,7.2634096,-0.5823896
24002,1437154970495,-6.613982,7.2167225,-0.5470751
24003,1437154970518,-6.5816603,7.141305,-0.47524905
24004,1437154970539,-6.569091,7.119757,-0.41718966
24005,1437154970555,-6.518214,7.2029557,-0.45729253
24006,1437154970579,-6.508039,7.171831,-0.42317516
24007,1437154970609,-6.4583592,7.091027,-0.31483752
24008,1437154970619,-6.5870476,7.0587053,-0.24061728
24009,1437154970642,-6.579266,7.083844,-0.30166942
24010,1437154970658,-6.63134,7.1347213,-0.51714754
24011,1437154970679,-6.889914,7.1849995,-0.5979519
24012,1437154970700,-6.7893577,7.135918,-0.55006784
24013,1437154970719,-6.704962,7.1305313,-0.4213795
24014,1437154970738,-6.7330937,7.105392,-0.36152446
24015,1437154970759,-6.599617,7.113772,-0.4165911
24016,1437154970778,-6.775591,7.113772,-0.3345897
24017,1437154970798,-6.7318964,7.162853,-0.24660277
24018,1437154970819,-6.5960255,7.1071877,-0.12749124
24019,1437154970882,-6.4625487,7.0664864,-0.08439561
24020,1437154970883,-6.5241995,7.129933,-0.093972415
24021,1437154970884,-6.616975,7.1927805,-0.25558102
24022,1437154970903,-6.4960675,7.129933,-0.30585927
24023,1437154970916,-6.51582,7.097611,-0.30406362
24024,1437154970941,-6.563704,7.097611,-0.2825158
24025,1437154970959,-6.634333,7.08983,-0.2693477
24026,1437154970976,-6.7253127,7.113772,-0.31902736
24027,1437154970997,-6.683414,7.114969,-0.3609259
24028,1437154971030,-6.7001734,7.0928226,-0.3465607
24029,1437154971037,-6.743269,7.123947,-0.38845924
24030,1437154971056,-6.654085,7.083844,-0.320823
24031,1437154971076,-6.667253,7.1221514,-0.35913026
24032,1437154971096,-6.6684504,7.147889,-0.4405331
24033,1437154971116,-6.7229185,7.1586633,-0.492607
24034,1437154971139,-6.673837,7.1448965,-0.5434838
24035,1437154971159,-6.6349316,7.043143,-0.50637364
24036,1437154971183,-6.688801,6.969521,-0.43993455
24037,1437154971198,-6.7761893,6.956353,-0.40821138
24038,1437154971219,-6.7588315,6.988076,-0.3705027
24039,1437154971240,-6.7145386,6.9677253,-0.4333505
24040,1437154971260,-6.737882,6.925827,-0.4890157
24041,1437154971279,-6.8982935,6.908469,-0.4890157
24042,1437154971299,-6.9677253,6.8528037,-0.51355624
24043,1437154971318,-7.023989,6.8372416,-0.43993455
24044,1437154971338,-7.1023993,6.8127007,-0.42197806
24045,1437154971359,-7.08145,6.8647747,-0.38187516
24046,1437154971379,-7.0503254,6.911462,-0.35314476
24047,1437154971402,-6.863578,6.8809357,-0.32621
24048,1437154971420,-6.6870055,6.8761473,-0.2896984
24049,1437154971442,-6.721721,6.9449806,-0.32202014
24050,1437154971460,-6.704962,6.991069,-0.40043023
24051,1437154971476,-6.7690067,6.9850836,-0.38606504
24052,1437154971497,-6.8228765,6.974908,-0.45789108
24053,1437154971520,-6.8569937,6.895301,-0.39863458
24054,1437154971646,-6.9479733,6.8653736,-0.39863458
24055,1437154971668,-6.967127,6.8581905,-0.3878607
24056,1437154971669,-6.9784994,6.9491706,-0.439336
24057,1437154971670,-6.8947024,6.9449806,-0.38965634
24058,1437154971671,-6.8641763,6.95755,-0.3776853
24059,1437154971672,-6.877943,6.9743094,-0.3369839
24060,1437154971673,-6.8222775,6.9467764,-0.31004912
24061,1437154971701,-6.7648168,6.963536,-0.33279404
24062,1437154971702,-6.7869635,6.9383965,-0.320823
24063,1437154971726,-6.7522473,6.953959,-0.30705637
24064,1437154971738,-6.740875,6.9078703,-0.28790274
24065,1437154971770,-6.8240733,6.8665705,-0.16819267
24066,1437154971788,-7.0515227,6.782175,-0.034117375
24067,1437154971798,-7.012018,6.7468605,-0.11192893
24068,1437154971825,-7.0491285,6.745663,-0.18914193
24069,1437154971838,-7.1191587,6.7642183,-0.18674773
24070,1437154971862,-7.1101804,6.8013287,-0.21188685
24071,1437154971880,-7.064092,6.7564373,-0.16759412
24072,1437154971900,-6.940192,6.695385,-0.11312603
24073,1437154971920,-6.9407907,6.691794,-0.0724246
24074,1437154971940,-7.0994067,6.715137,-0.10055647
24075,1437154971960,-7.1155677,6.758233,-0.14065935
24076,1437154971980,-6.971317,6.766014,-0.1604115
24077,1437154972000,-6.9132576,6.7145386,-0.079008654
24078,1437154972020,-6.937798,6.7187285,-0.107739076
24079,1437154972041,-6.999449,6.7163343,-0.18195933
24080,1437154972057,-6.95336,6.7253127,-0.22864626
24081,1437154972080,-7.04434,6.75524,-0.1921347
24082,1437154972099,-7.101801,6.8366427,-0.26635495
24083,1437154972120,-7.0102224,6.7642183,-0.2777274
24084,1437154972139,-7.0850415,6.7318964,-0.24061728
24085,1437154972161,-7.091027,6.711546,-0.24061728
24086,1437154972180,-7.1047935,6.775591,-0.25198972
24087,1437154972201,-6.989872,6.7708025,-0.2669535
24088,1437154972220,-6.956353,6.7761893,-0.2100912
24089,1437154972241,-7.0371575,6.785766,-0.22445641
24090,1437154972261,-6.992266,6.7690067,-0.20949265
24091,1437154972281,-6.930017,6.7887588,-0.18794483
24092,1437154972298,-6.9198413,6.799533,-0.19273324
24093,1437154972318,-6.9012866,6.8468184,-0.16819267
24094,1437154972391,-6.9108634,6.8504095,-0.15442601
24095,1437154972392,-6.933608,6.8522053,-0.1352724
24096,1437154972393,-6.9677253,6.7863646,-0.09756372
24097,1437154972400,-6.913856,6.6882024,-0.11911154
24098,1437154972418,-7.0012445,6.6612678,-0.10534488
24099,1437154972440,-7.091625,6.655881,-0.18255788
24100,1437154972458,-7.123947,6.7013707,-0.23403321
24101,1437154972482,-7.1263413,6.661866,-0.24899697
24102,1437154972499,-7.1431007,6.647501,-0.20410569
24103,1437154972518,-7.1526775,6.657676,-0.21428105
24104,1437154972553,-7.1125746,6.6947865,-0.17058687
24105,1437154972561,-7.102998,6.7253127,-0.2172738
24106,1437154972582,-6.9970546,6.766014,-0.18375498
24107,1437154972598,-6.993463,6.8085113,-0.18854338
24108,1437154972619,-6.951565,6.728904,-0.17417817
24109,1437154972638,-7.026982,6.6852098,-0.13826515
24110,1437154972660,-7.0742674,6.729502,-0.18734628
24111,1437154972680,-7.0090256,6.7013707,-0.21667525
24112,1437154972701,-7.049727,6.715736,-0.25019407
24113,1437154972721,-7.053917,6.6750345,-0.26994625
24114,1437154972741,-7.101801,6.637924,-0.26515785
24115,1437154972759,-7.1502833,6.6325374,-0.25677812
24116,1437154972780,-7.2143283,6.534375,-0.19692309
24117,1437154972801,-7.221511,6.613384,-0.22505496
24118,1437154972821,-7.162853,6.619968,-0.22685061
24119,1437154972841,-7.117363,6.588843,-0.25019407
24120,1437154972859,-7.1706343,6.5750766,-0.2645593
24121,1437154972880,-7.221511,6.6427126,-0.30406362
24122,1437154972901,-7.203554,6.645107,-0.31364042
24123,1437154972922,-7.08564,6.6361284,-0.29448682
24124,1437154972942,-7.0832458,6.6522894,-0.25019407
24125,1437154972959,-7.1730285,6.682217,-0.25857377
24126,1437154972980,-7.100005,6.703765,-0.2813187
24127,1437154972998,-7.152079,6.7199254,-0.32202014
24128,1437154973021,-7.149685,6.6846113,-0.31543607
24129,1437154973039,-7.065289,6.623559,-0.29508537
24130,1437154973061,-7.1730285,6.564901,-0.21068975
24131,1437154973130,-7.1784153,6.573281,-0.21906945
24132,1437154973131,-7.1963716,6.5906386,-0.23223756
24133,1437154973132,-7.2125325,6.591836,-0.22744916
24134,1437154973140,-7.243657,6.570288,-0.21308395
24135,1437154973161,-7.189189,6.5325794,-0.15682021
24136,1437154973183,-7.167641,6.4900823,-0.14185645
24137,1437154973198,-7.1263413,6.467936,-0.08559271
24138,1437154973219,-7.2310877,6.487688,-0.09876082
24139,1437154973240,-7.259818,6.467936,-0.107140526
24140,1437154973262,-7.1945763,6.527791,-0.16759412
24141,1437154973279,-7.169437,6.523601,-0.21428105
24142,1437154973300,-7.2185183,6.5840545,-0.21667525
24143,1437154973322,-7.2592196,6.5684924,-0.2220622
24144,1437154973341,-7.177218,6.577471,-0.23762453
24145,1437154973362,-7.1353197,6.5924344,-0.23822308
24146,1437154973382,-7.2185183,6.55712,-0.2184709
24147,1437154973402,-7.162853,6.540959,-0.18255788
24148,1437154973422,-7.1448965,6.529587,-0.17776948
24149,1437154973442,-7.2023573,6.4721255,-0.10295067
24150,1437154973462,-7.3047094,6.531382,-0.19093758
24151,1437154973483,-7.268198,6.529587,-0.16819267
24152,1437154973502,-7.2286935,6.5403605,-0.18734628
24153,1437154973539,-7.221511,6.6109896,-0.20649989
24154,1437154973540,-7.1460934,6.6349316,-0.219668
24155,1437154973561,-7.08983,6.679224,-0.25558102
24156,1437154973579,-7.1059904,6.689998,-0.24181437
24157,1437154973604,-7.105392,6.7187285,-0.24959552
24158,1437154973620,-7.0688806,6.7013707,-0.24241292
24159,1437154973641,-7.0844426,6.6630635,-0.21308395
24160,1437154973659,-7.0622964,6.59004,-0.17836803
24161,1437154973701,-7.144298,6.578069,-0.15083471
24162,1437154973702,-7.1526775,6.5828576,-0.17896658
24163,1437154973864,-7.1550717,6.5750766,-0.19273324
24164,1437154973865,-7.15567,6.5744777,-0.20649989
24165,1437154973866,-7.08564,6.59004,-0.20051439
24166,1437154973867,-7.152079,6.6056023,-0.1945289
24167,1437154973868,-7.0784574,6.64391,-0.25378537
24168,1437154973869,-7.025785,6.6750345,-0.2789245
24169,1437154973870,-6.975507,6.7001734,-0.3298013
24170,1437154973871,-7.053318,6.76362,-0.34237084
24171,1437154973957,-7.1820064,6.7480574,-0.362123
24172,1437154973958,-7.0766616,6.805518,-0.38307226
24173,1437154973959,-6.9826894,6.7444663,-0.36391866
24174,1437154973960,-6.994062,6.70975,-0.31902736
24175,1437154973961,-7.0593038,6.7522473,-0.3561375
24176,1437154974021,-7.102998,6.7666125,-0.3489549
24177,1437154974022,-6.987478,6.7133417,-0.3441665
24178,1437154974023,-7.0245876,6.689998,-0.30765492
24179,1437154974043,-7.1143703,6.669049,-0.29508537
24180,1437154974059,-7.08983,6.6804214,-0.31603462
24181,1437154974078,-7.147889,6.7109475,-0.3321955
24182,1437154974098,-7.0227923,6.6684504,-0.31423897
24183,1437154974118,-7.1071877,6.68102,-0.30166942
24184,1437154974140,-7.100005,6.619968,-0.19033903
24185,1437154974160,-7.1143703,6.6271505,-0.24660277
24186,1437154974182,-7.0982094,6.695385,-0.23642741
24187,1437154974202,-7.091027,6.7283053,-0.30406362
24188,1437154974221,-7.0383544,6.7725983,-0.29388827
24189,1437154974239,-7.03596,6.737882,-0.29807812
24190,1437154974259,-7.0012445,6.7306995,-0.24959552
24191,1437154974280,-7.037756,6.700772,-0.24839842
24192,1437154974298,-7.07726,6.6666546,-0.20829555
24193,1437154974322,-7.0862384,6.670246,-0.24660277
24194,1437154974339,-7.077859,6.6588736,-0.24181437
24195,1437154974359,-7.065888,6.623559,-0.20350714
24196,1437154974380,-7.056311,6.6307416,-0.19273324
24197,1437154974403,-7.0545154,6.642114,-0.1933318
24198,1437154974423,-7.053318,6.699575,-0.21787235
24199,1437154974442,-7.043741,6.755839,-0.26635495
24200,1437154974460,-7.041946,6.8049197,-0.338181
24201,1437154974478,-7.009624,6.8198833,-0.39863458
24202,1437154974498,-6.9557543,6.761824,-0.3866636
24203,1437154974518,-7.0221934,6.7001734,-0.37110126
24204,1437154974540,-7.1287355,6.6624646,-0.3549404
24205,1437154974631,-7.092224,6.6828156,-0.3172317
24206,1437154974632,-7.062895,6.643311,-0.30107087
24207,1437154974633,-7.0515227,6.6469026,-0.2885013
24208,1437154974634,-7.1233487,6.675633,-0.33997664
24209,1437154974643,-7.123947,6.7223196,-0.38845924
24210,1437154974662,-7.067085,6.7211227,-0.4321534
24211,1437154974684,-7.0646906,6.7480574,-0.4417302
24212,1437154974700,-7.1484876,6.7606273,-0.45789108
24213,1437154974729,-7.08564,6.7684083,-0.49799395
24214,1437154974740,-7.1820064,6.658275,-0.47285482
24215,1437154974760,-7.109582,6.671443,-0.44472298
24216,1437154974786,-7.1448965,6.59004,-0.3573346
24217,1437154974800,-7.141904,6.613982,-0.2693477
24218,1437154974822,-7.0832458,6.6229606,-0.31184477
24219,1437154974843,-7.017405,6.6349316,-0.3184288
24220,1437154974863,-7.049727,6.682217,-0.3764882
24221,1437154974883,-7.0581064,6.7229185,-0.36990416
24222,1437154974904,-7.064092,6.7510505,-0.4189853
24223,1437154974922,-7.0132155,6.783372,-0.39264908
24224,1437154974943,-7.016208,6.749853,-0.45729253
24225,1437154974963,-7.0634937,6.7450647,-0.43394905
24226,1437154974983,-7.0569096,6.7612257,-0.40162733
24227,1437154975003,-7.0515227,6.769605,-0.39384618
24228,1437154975021,-6.9970546,6.7809777,-0.38067806
24229,1437154975043,-6.965331,6.807314,-0.39983168
24230,1437154975066,-6.964134,6.8049197,-0.3890578
24231,1437154975085,-6.971317,6.8067155,-0.34835634
24232,1437154975106,-6.9383965,6.8043213,-0.31603462
24233,1437154975120,-6.9126587,6.8121023,-0.30226797
24234,1437154975140,-6.8330517,6.7989345,-0.3274071
24235,1437154975160,-6.8827314,6.8043213,-0.3298013
24236,1437154975181,-6.9647326,6.799533,-0.32441434
24237,1437154975206,-7.033566,6.7905545,-0.31304187
24238,1437154975226,-6.9826894,6.797737,-0.33638534
24239,1437154975247,-6.930017,6.7887588,-0.31543607
24240,1437154975262,-6.95336,6.873753,-0.38726214
24241,1437154975289,-7.0144124,6.903681,-0.4297592
24242,1437154975347,-6.911462,6.944382,-0.48961425
24243,1437154975348,-6.873753,6.897695,-0.4854244
24244,1437154975349,-6.8887167,6.8623805,-0.45130703
24245,1437154975370,-6.9719152,6.8611836,-0.38845924
24246,1437154975380,-6.880337,6.8569937,-0.42676646
24247,1437154975406,-6.9677253,6.797737,-0.3716998
24248,1437154975421,-6.951565,6.8372416,-0.39624038
24249,1437154975440,-6.9569516,6.7522473,-0.35194764
24250,1437154975461,-6.951565,6.727707,-0.32441434
24251,1437154975481,-6.9850836,6.741473,-0.35314476
24252,1437154975503,-6.9767036,6.7013707,-0.33758244
24253,1437154975523,-7.028179,6.758233,-0.36272156
24254,1437154975542,-6.967127,6.8079123,-0.39085343
24255,1437154975563,-6.9383965,6.872556,-0.4782418
24256,1437154975584,-6.9264255,6.873753,-0.50517654
24257,1437154975604,-6.9647326,6.9102645,-0.48482585
24258,1437154975624,-6.938995,6.903082,-0.48362875
24259,1437154975642,-6.893505,6.8893156,-0.47165772
24260,1437154975661,-6.906075,6.881534,-0.44951138
24261,1437154975684,-6.9306154,6.8863225,-0.47105917
24262,1437154975704,-7.01142,6.853402,-0.46208093
24263,1437154975724,-6.9581485,6.817489,-0.46627077
24264,1437154975744,-7.0048356,6.7546415,-0.39145198
24265,1437154975762,-7.0066314,6.716933,-0.3357868
24266,1437154975784,-6.987478,6.7145386,-0.34476504
24267,1437154975802,-7.0371575,6.7612257,-0.3405752
24268,1437154975822,-6.96593,6.7666125,-0.32920274
24269,1437154975841,-6.9892735,6.7881603,-0.29747957
24270,1437154975865,-6.9078703,6.7983356,-0.32321724
24271,1437154975886,-6.8719573,6.739678,-0.29269117
24272,1437154975906,-6.884527,6.777985,-0.35913026
24273,1437154975924,-6.91625,6.8228765,-0.39863458
24274,1437154975942,-6.9383965,6.839636,-0.46567222
24275,1437154975961,-6.8426285,6.849811,-0.48003745
24276,1437154975981,-6.877943,6.867768,-0.50397944
24277,1437154976002,-6.950966,6.9240313,-0.53211135
24278,1437154976075,-6.9240313,6.9449806,-0.57879823
24279,1437154976076,-6.994062,6.9252286,-0.5907693
24280,1437154976077,-7.000047,6.9820905,-0.62488663
24281,1437154976095,-6.88333,6.96174,-0.56563014
24282,1437154976101,-6.9383965,6.968324,-0.4997896
24283,1437154976121,-6.9366007,6.941988,-0.47165772
24284,1437154976143,-6.877943,6.889914,-0.40342298
24285,1437154976161,-6.815095,6.8581905,-0.3196259
24286,1437154976185,-6.877943,6.8121023,-0.29987377
24287,1437154976202,-6.8863225,6.7971387,-0.23942018
24288,1437154976223,-6.951565,6.7851677,-0.25019407
24289,1437154976242,-6.989872,6.803723,-0.25677812
24290,1437154976263,-6.9090676,6.8043213,-0.27353755
24291,1437154976283,-6.915652,6.7989345,-0.26755205
24292,1437154976305,-6.9078703,6.8067155,-0.2789245
24293,1437154976325,-6.931214,6.8103065,-0.2657564
24294,1437154976345,-6.940192,6.835446,-0.30585927
24295,1437154976363,-6.9306154,6.8408327,-0.3537433
24296,1437154976384,-6.9425864,6.854001,-0.35254622
24297,1437154976405,-6.877943,6.813898,-0.35793316
24298,1437154976425,-6.8611836,6.904279,-0.37469256
24299,1437154976445,-6.8462195,6.9048777,-0.39624038
24300,1437154976462,-6.831256,6.9132576,-0.33039984
24301,1437154976482,-6.697779,7.050924,-0.40282443
24302,1437154976505,-6.4667387,7.270592,-0.4333505
24303,1437154976525,-5.7736173,7.739856,-0.7565677
24304,1437154976545,-4.791396,8.467094,-1.0971429
24305,1437154976561,-4.056975,9.327211,-1.8872294
24306,1437154976603,-5.0637364,9.027337,-2.7898436
24307,1437154976604,-6.3021374,7.879916,-2.396596
24308,1437154976621,-7.083844,7.3340383,-2.235586
24309,1437154976644,-7.801506,6.7504516,-2.2182279
24310,1437154976662,-8.126519,6.1644707,-1.4119805
24311,1437154976682,-8.075044,5.727529,-0.61890113
24312,1437154976704,-7.815273,5.8334723,-0.58657944
24313,1437154976722,-7.699154,5.9663506,-0.6404489
24314,1437154976744,-7.4950485,6.0543375,-0.22146365
24315,1437154976815,-7.3711486,6.417059,-0.2669535
24316,1437154976816,-7.305308,6.6846113,-0.54049104
24317,1437154976817,-6.8587894,6.743868,-0.521936
24318,1437154976832,-6.5762734,6.7971387,-0.52253455
24319,1437154976843,-6.700772,6.8947024,-0.56084174
24320,1437154976868,-6.6882024,7.0407486,-0.4878186
24321,1437154976883,-6.7612257,7.1065893,-0.46986207
24322,1437154976903,-6.679823,7.149685,-0.53570265
24323,1437154976923,-6.4846954,7.1107793,-0.5781997
24324,1437154976943,-6.4589577,7.100005,-0.57400984
24325,1437154976965,-6.5367694,7.1305313,-0.55246204
24326,1437154976984,-6.6852098,7.359776,-0.6099229
24327,1437154977005,-6.859388,7.4327993,-0.6835446
24328,1437154977025,-6.588843,7.2568254,-0.5734113
24329,1437154977045,-6.291962,7.20954,-0.40043023
24330,1437154977063,-6.18961,7.4112515,-0.55006784
24331,1437154977083,-6.007651,7.6069775,-0.80564886
24332,1437154977105,-6.2422824,7.436989,-0.4141969
24333,1437154977125,-6.308123,7.4070616,-0.21428105
24334,1437154977145,-6.2686186,7.3603745,-0.3513491
24335,1437154977165,-6.30513,7.2233067,-0.14963761
24336,1437154977182,-6.4505777,7.102998,-0.21068975
24337,1437154977210,-6.7342906,7.07726,-0.2801216
24338,1437154977226,-6.7809777,7.123947,-0.3842694
24339,1437154977249,-6.566098,7.149685,-0.5979519
24340,1437154977264,-6.603807,7.1047935,-0.41838676
24341,1437154977283,-6.6510925,7.1502833,-0.45789108
24342,1437154977303,-6.6175733,7.270592,-0.46986207
24343,1437154977323,-6.4661403,7.247847,-0.45429978
24344,1437154977343,-6.2500634,7.3549876,-0.50876784
24345,1437154977364,-6.4900823,7.3867106,-0.5231331
24346,1437154977383,-6.530185,7.381324,-0.4201824
24347,1437154977403,-6.2632318,7.356185,-0.45609543
24348,1437154977423,-6.259042,7.349002,-0.4818331
24349,1437154977444,-6.3182983,7.349601,-0.45609543
24350,1437154977468,-6.325481,7.3388267,-0.5141548
24351,1437154977529,-6.38773,7.382521,-0.52373165
24352,1437154977530,-6.4948707,7.368156,-0.52133745
24353,1437154977531,-6.467936,7.3472066,-0.4321534
24354,1437154977542,-6.5188127,7.307702,-0.46866497
24355,1437154977563,-6.42903,7.2364745,-0.43754035
24356,1437154977582,-6.326678,7.2526355,-0.4237737
24357,1437154977603,-6.465542,7.2747817,-0.4770447
24358,1437154977624,-6.555324,7.2268977,-0.41240123
24359,1437154977644,-6.56131,7.2508397,-0.49081135
24360,1437154977663,-6.5619082,7.270592,-0.599149
24361,1437154977684,-6.4248405,7.277176,-0.60214174
24362,1437154977704,-6.2368956,7.399879,-0.7870938
24363,1437154977723,-6.4218473,7.445967,-0.89184016
24364,1437154977743,-6.59423,7.3897038,-0.74639237
24365,1437154977766,-6.5008564,7.281366,-0.7026982
24366,1437154977786,-6.4308257,7.2472486,-0.80086046
24367,1437154977803,-6.605004,7.237672,-0.7553706
24368,1437154977823,-6.7348895,7.149685,-0.5638345
24369,1437154977846,-6.5265937,7.2406645,-0.6943185
24370,1437154977866,-6.4044895,7.3047094,-0.7026982
24371,1437154977886,-6.1596823,7.524976,-0.973243
24372,1437154977904,-6.256049,7.638102,-1.0773908
24373,1437154977925,-6.227917,7.6811976,-1.0097545
24374,1437154977946,-6.0836663,7.787141,-1.0133458
24375,1437154977966,-6.0285997,7.867945,-1.1216835
24376,1437154977986,-6.0082493,7.9146323,-1.1935096
24377,1437154978005,-6.0303955,7.9445596,-1.2162545
24378,1437154978024,-5.9783216,7.900267,-1.2779051
24379,1437154978046,-5.843049,7.833828,-1.2174516
24380,1437154978065,-5.9226565,7.739257,-1.1150994
24381,1437154978086,-6.0567317,7.642292,-0.8499416
24382,1437154978108,-5.9980736,7.61835,-0.8726865
24383,1437154978125,-6.0208187,7.451354,-0.6488287
24384,1437154978145,-5.920861,7.433996,-0.54288524
24385,1437154978165,-5.60722,7.6464815,-0.7565677
24386,1437154978184,-5.9184666,7.5985975,-0.7835025
24387,1437154978271,-6.707356,7.2005615,-0.25917232
24388,1437154978272,-6.95755,6.8360443,0.024540568
24389,1437154978273,-6.892308,6.5990186,0.19033903
24390,1437154978274,-7.03596,6.5218053,0.4309563
24391,1437154978284,-7.228095,6.3871317,0.6392518
24392,1437154978307,-7.1969705,6.4044895,0.6817489
24393,1437154978323,-7.1425023,6.585252,0.60214174
24394,1437154978343,-6.815095,6.857592,0.43873745
24395,1437154978369,-6.704962,7.043143,0.20829555
24396,1437154978383,-6.733692,7.1251445,0.18195933
24397,1437154978405,-6.551733,7.2664022,0.0005985504
24398,1437154978424,-6.345233,7.3418193,-0.059855044
24399,1437154978444,-6.278794,7.3388267,-0.039504327
24400,1437154978463,-6.4697313,7.304111,-0.04249708
24401,1437154978487,-6.564901,7.2490444,0.10354923
24402,1437154978504,-6.5385647,7.233482,0.10115502
24403,1437154978524,-6.585252,7.295731,0.110731825
24404,1437154978544,-6.7384806,7.2646065,0.17417817
24405,1437154978564,-6.6002154,7.258621,0.11671733
24406,1437154978587,-6.2865753,7.3124905,0.0676362
24407,1437154978604,-6.293758,7.3645644,0.038307227
24408,1437154978626,-6.51163,7.301118,0.05805939
24409,1437154978645,-6.4386067,7.3232646,0.010175358
24410,1437154978690,-6.43741,7.285556,-0.09696517
24411,1437154978691,-6.4763155,7.3406224,-0.1316811
24412,1437154978703,-6.449381,7.3591776,-0.2220622
24413,1437154978726,-6.421249,7.3507977,-0.18794483
24414,1437154978744,-6.3524156,7.293337,-0.19871874
24415,1437154978766,-6.4110737,7.2634096,-0.16519992
24416,1437154978786,-6.459556,7.2867527,-0.23044191
24417,1437154978805,-6.4344172,7.321469,-0.26515785
24418,1437154978828,-6.351817,7.422025,-0.31304187
24419,1437154978846,-6.3482256,7.4016747,-0.3465607
24420,1437154978866,-6.384139,7.345411,-0.29807812
24421,1437154978888,-6.4864907,7.2628107,-0.29209262
24422,1437154978906,-6.457162,7.225701,-0.25857377
24423,1437154978927,-6.3685765,7.304111,-0.27712885
24424,1437154978948,-6.467337,7.4256167,-0.43873745
24425,1437154979024,-6.540959,7.431602,-0.36152446
24426,1437154979025,-6.558317,7.431602,-0.3693056
24427,1437154979026,-6.4044895,7.343615,-0.37588966
24428,1437154979027,-6.282984,7.369353,-0.32680854
24429,1437154979046,-6.483498,7.3849154,-0.3309984
24430,1437154979069,-6.5146227,7.2753806,-0.20649989
24431,1437154979084,-6.413468,7.1820064,-0.14963761
24432,1437154979104,-6.582259,7.183802,-0.090381116
24433,1437154979128,-6.634333,7.1993647,-0.02873042
24434,1437154979145,-6.555324,7.1909847,0.013766659
24435,1437154979169,-6.5427547,7.141904,0.08259996
24436,1437154979189,-6.6026096,7.0982094,0.16819267
24437,1437154979206,-6.6391215,7.0940194,0.19512744
24438,1437154979228,-6.5283895,7.1071877,0.2136825
24439,1437154979246,-6.4966664,7.1185603,0.18195933
24440,1437154979266,-6.4781113,7.1790137,0.18674773
24441,1437154979288,-6.459556,7.281366,0.108936176
24442,1437154979308,-6.567295,7.2628107,0.12449849
24443,1437154979326,-6.703166,7.183802,0.2184709
24444,1437154979347,-6.601413,7.080253,0.23642741
24445,1437154979366,-6.5511346,7.091027,0.2136825
24446,1437154979387,-6.819285,7.1251445,0.207697
24447,1437154979409,-6.965331,7.095815,0.2136825
24448,1437154979425,-7.080253,6.962937,0.29328972
24449,1437154979448,-7.265205,6.8947024,0.42916065
24450,1437154979467,-7.2951326,6.7785835,0.44232875
24451,1437154979487,-7.0970125,6.647501,0.5315128
24452,1437154979508,-7.1395097,6.575675,0.56682724
24453,1437154979527,-7.1371155,6.5164185,0.51355624
24454,1437154979549,-6.8893156,6.6265516,0.40282443
24455,1437154979567,-6.4721255,6.758233,0.16101007
24456,1437154979588,-6.399701,6.730101,0.1921347
24457,1437154979607,-6.5577183,6.905476,0.27234045
24458,1437154979628,-6.494272,7.0275807,0.0676362
24459,1437154979648,-5.8119245,7.4693108,-0.3609259
24460,1437154979667,-5.898116,7.7470384,-0.57400984
24461,1437154979688,-6.259042,7.8009076,-0.47884035
24462,1437154979759,-6.2662244,7.7147164,-0.5434838
24463,1437154979760,-6.2249246,7.776367,-0.65242
24464,1437154979761,-6.0998273,7.7440453,-0.7679402
24465,1437154979766,-6.045359,7.675811,-0.7200562
24466,1437154979787,-6.269816,7.6051817,-0.6123171
24467,1437154979805,-6.2865753,7.49445,-0.62728083
24468,1437154979825,-6.3206925,7.342418,-0.48961425
24469,1437154979845,-6.411672,7.2963295,-0.51714754
24470,1437154979869,-6.483498,7.3059063,-0.56563014
24471,1437154979886,-6.505046,7.33763,-0.54408234
24472,1437154979907,-6.493075,7.345411,-0.54168814
24473,1437154979926,-6.42903,7.2664022,-0.5835867
24474,1437154979945,-6.4499793,7.150882,-0.4794389
24475,1437154979968,-6.1501055,7.0449386,-0.41718966
24476,1437154979989,-5.975329,7.0664864,-0.43275195
24477,1437154980006,-5.910087,7.2245035,-0.6218939
24478,1437154980029,-5.6604915,7.541735,-0.96785605
24479,1437154980048,-5.4043117,8.037933,-1.4862007
24480,1437154980067,-5.342661,8.508993,-2.023699
24481,1437154980087,-5.4378304,8.544308,-2.0811598
24482,1437154980109,-5.5760956,8.316259,-1.7842789
24483,1437154980129,-5.81372,7.9702973,-1.5580268
24484,1437154980145,-5.855619,7.7129207,-1.448492
24485,1437154980165,-5.9304376,7.639898,-1.4544775
24486,1437154980187,-6.1764417,7.5584946,-1.4161704
24487,1437154980212,-6.227319,7.536947,-1.3455414
24488,1437154980269,-6.2482677,7.557896,-1.4263457
24489,1437154980270,-6.0531406,7.551312,-1.4478935
24490,1437154980271,-5.931036,7.6027875,-1.5047557
24491,1437154980285,-5.9597664,7.6321163,-1.5328877
24492,1437154980305,-5.909488,7.644686,-1.4317327
24493,1437154980325,-5.852626,7.515399,-1.3850456
24494,1437154980345,-6.137536,7.4004774,-1.3329718
24495,1437154980366,-6.250662,7.280169,-1.270124
24496,1437154980385,-6.0303955,7.245453,-1.2497733
24497,1437154980405,-5.989694,7.328053,-1.5005659
24498,1437154980425,-6.053739,7.521983,-1.6944963
24499,1437154980470,-6.0357823,7.6967597,-1.8866309
24500,1437154980471,-6.06571,7.7637978,-2.019509
24501,1437154980485,-6.079477,7.7368627,-2.0655975
24502,1437154980505,-6.194997,7.7213006,-2.0775685
24503,1437154980526,-6.2009826,7.6135616,-2.0254946
24504,1437154980545,-6.2303114,7.5890207,-1.9063832
24505,1437154980565,-6.2009826,7.518392,-1.8728642
24506,1437154980586,-6.027403,7.4884644,-1.8243817
24507,1437154980605,-6.0363812,7.5088153,-1.8201919
24508,1437154980627,-6.0226145,7.5644803,-1.8070238
24509,1437154980644,-6.075287,7.563882,-1.7501614
24510,1437154980664,-5.9867015,7.49445,-1.7184383
24511,1437154980684,-5.952584,7.398083,-1.6579847
24512,1437154980705,-6.090849,7.3466077,-1.6753427
24513,1437154980727,-6.2650275,7.2849574,-1.6286557
24514,1437154980748,-6.4386067,7.2227077,-1.6035166
24515,1437154980768,-6.521207,7.161656,-1.5628152
24516,1437154980788,-6.449381,7.149685,-1.5173253
24517,1437154980808,-6.3284736,7.2490444,-1.6190789
24518,1437154980826,-6.1728506,7.379528,-1.650802
24519,1437154980870,-6.0728927,7.5507135,-1.7058687
24520,1437154980871,-6.045958,7.690176,-1.7621324
24521,1437154980888,-6.0567317,7.7853456,-1.7274165
24522,1437154980908,-5.9956794,7.795521,-1.7381904
24523,1437154980926,-5.8622026,7.74225,-1.6693572
24524,1437154980946,-5.8693852,7.7488337,-1.6531962
24525,1437154980965,-5.977723,7.7506294,-1.6011224
24526,1437154980989,-5.99149,7.6608467,-1.5310919
24527,1437154981009,-5.9890957,7.5812397,-1.4706384
24528,1437154981028,-6.0944405,7.513005,-1.4191631
24529,1437154981048,-6.117784,7.462128,-1.3964181
24530,1437154981066,-6.190807,7.417237,-1.3365631
24531,1437154981087,-6.2243257,7.3645644,-1.2808979
24532,1437154981107,-6.269816,7.3472066,-1.2916719
24533,1437154981127,-6.3033347,7.355586,-1.2324153
24534,1437154981200,-6.289568,7.368156,-1.2108675
24535,1437154981201,-6.2769985,7.4471645,-1.2395979
24536,1437154981202,-6.223129,7.478289,-1.2916719
24537,1437154981210,-6.090849,7.4806833,-1.34195
24538,1437154981226,-6.05733,7.4974427,-1.3557167
24539,1437154981248,-6.1165867,7.436989,-1.3694834
24540,1437154981266,-6.137536,7.3645644,-1.3186066
24541,1437154981307,-6.2003837,7.325659,-1.3449428
24542,1437154981308,-6.278794,7.2951326,-1.3946224
24543,1437154981329,-6.265626,7.2568254,-1.3533225
24544,1437154981353,-6.2482677,7.2646065,-1.3275849
24545,1437154981367,-6.3368535,7.3005195,-1.3730747
24546,1437154981391,-6.4188547,7.394492,-1.3305776
24547,1437154981408,-6.4062853,7.467515,-1.353921
24548,1437154981429,-6.349423,7.5429325,-1.3311762
24549,1437154981450,-6.2339025,7.5800424,-1.3533225
24550,1437154981470,-6.025607,7.583634,-1.3341689
24551,1437154981491,-6.0244102,7.575853,-1.335366
24552,1437154981509,-6.0142345,7.5626845,-1.3060371
24553,1437154981530,-6.0280013,7.483676,-1.2551602
24554,1437154981550,-6.0477533,7.40766,-1.1755531
24555,1437154981588,-6.157288,7.422025,-1.1575965
24556,1437154981589,-6.181829,7.4106526,-1.1480197
24557,1437154981608,-6.14831,7.4070616,-1.1498153
24558,1437154981631,-6.2009826,7.460931,-1.1815386
24559,1437154981651,-6.227319,7.5243773,-1.2354081
24560,1437154981667,-6.167464,7.566276,-1.2677298
24561,1437154981689,-6.069301,7.553706,-1.2264298
24562,1437154981710,-5.9531827,7.5962033,-1.2886791
24563,1437154981729,-5.9639564,7.6524673,-1.3012487
24564,1437154981749,-6.005855,7.693767,-1.2856863
24565,1437154981774,-5.989694,7.726089,-1.2940661
24566,1437154981929,-5.9621606,7.736264,-1.2946646
24567,1437154981930,-5.8813562,7.724293,-1.3215994
24568,1437154981931,-5.765238,7.641693,-1.3221979
24569,1437154981932,-5.8304796,7.647679,-1.299453
24570,1437154981933,-5.9621606,7.5944076,-1.3042414
24571,1437154981934,-6.0238113,7.5411367,-1.2144588
24572,1437154981935,-6.078878,7.5171947,-1.2318168
24573,1437154981936,-6.149507,7.518392,-1.2575544
24574,1437154981976,-6.0884547,7.4992385,-1.2892777
24575,1437154981977,-6.0399723,7.529764,-1.2970588
24576,1437154981987,-6.0423665,7.5405383,-1.3317747
24577,1437154982018,-6.030994,7.5531077,-1.287482
24578,1437154982027,-6.0082493,7.548918,-1.2761095
24579,1437154982048,-6.007651,7.5572977,-1.2922704
24580,1437154982067,-5.9783216,7.607576,-1.2838906
24581,1437154982087,-5.959168,7.639898,-1.3156139
24582,1437154982107,-5.923255,7.6985555,-1.359308
24583,1437154982130,-5.8903346,7.762002,-1.3688848
24584,1437154982148,-5.827487,7.7248917,-1.4203602
24585,1437154982170,-5.81791,7.7691846,-1.4101849
24586,1437154982190,-5.875371,7.7745714,-1.417966
24587,1437154982210,-5.9262476,7.8248496,-1.4137762
24588,1437154982230,-5.8358665,7.7667904,-1.3359646
24589,1437154982250,-5.7802014,7.7584105,-1.3275849
24590,1437154982270,-5.8280854,7.7548194,-1.3335704
24591,1437154982288,-5.791574,7.7368627,-1.3132197
24592,1437154982311,-5.7502737,7.7129207,-1.3491327
24593,1437154982330,-5.7736173,7.6973586,-1.3192052
24594,1437154982350,-5.820903,7.7081323,-1.3102269
24595,1437154982371,-5.7784057,7.656657,-1.3108255
24596,1437154982390,-5.8095303,7.669825,-1.3359646
24597,1437154982410,-5.919664,7.6943655,-1.3982137
24598,1437154982430,-5.9501896,7.6704235,-1.3856442
24599,1437154982450,-5.9561753,7.6985555,-1.395221
24600,1437154982471,-5.9424086,7.685986,-1.4012065
24601,1437154982490,-5.8987145,7.715315,-1.395221
24602,1437154982510,-5.9364233,7.7290816,-1.3946224
24603,1437154982528,-5.8903346,7.6967597,-1.3910311
24604,1437154982548,-5.873575,7.6728177,-1.3736732
24605,1437154982601,-5.9747305,7.6590514,-1.3605051
24606,1437154982602,-5.9956794,7.635708,-1.3455414
24607,1437154982609,-6.0202203,7.5985975,-1.3443443
24608,1437154982629,-5.9962783,7.5650787,-1.3694834
24609,1437154982648,-5.973533,7.5213847,-1.3275849
24610,1437154982669,-5.993285,7.5363483,-1.3275849
24611,1437154982688,-6.007052,7.536947,-1.3221979
24612,1437154982708,-5.9998693,7.5309615,-1.316811
24613,1437154982731,-6.096236,7.5710645,-1.3515269
24614,1437154982750,-6.131551,7.597999,-1.3802572
24615,1437154982769,-6.1369376,7.6267295,-1.4059949
24616,1437154982791,-6.0387754,7.615956,-1.3874398
24617,1437154982811,-5.9597664,7.6285253,-1.3892355
24618,1437154982829,-5.887342,7.666234,-1.4526819
24619,1437154982850,-5.866991,7.675811,-1.4407109
24620,1437154982871,-5.8484364,7.6452847,-1.4466964
24621,1437154982890,-5.8681884,7.639898,-1.46585
24622,1437154982911,-5.8963203,7.6602483,-1.4395138
24623,1437154982932,-5.884948,7.6309195,-1.4544775
24624,1437154982951,-5.8466406,7.6494746,-1.4425066
24625,1437154982971,-5.975329,7.7350674,-1.5131354
24626,1437154982992,-5.9519854,7.7572136,-1.4891934
24627,1437154983008,-5.8215013,7.751228,-1.4586674
24628,1437154983032,-5.78918,7.77517,-1.489792
24629,1437154983051,-5.7664347,7.7997108,-1.4718355
24630,1437154983072,-5.7664347,7.8224554,-1.4550761
24631,1437154983092,-5.8005524,7.8086886,-1.4730326
24632,1437154983111,-5.7736173,7.7931266,-1.4700398
24633,1437154983131,-5.777807,7.7907324,-1.4443022
24634,1437154983149,-5.783194,7.776367,-1.4371196
24635,1437154983170,-5.78499,7.7207017,-1.435324
24636,1437154983192,-5.7586536,7.691373,-1.4209588
24637,1437154983212,-5.7628436,7.6321163,-1.3820529
24638,1437154983232,-5.892729,7.6464815,-1.3431472
24639,1437154983249,-5.9609637,7.632715,-1.3569138
24640,1437154983270,-5.8634,7.6009917,-1.3413515
24641,1437154983349,-5.922058,7.650073,-1.3461399
24642,1437154983350,-5.9364233,7.6943655,-1.371279
24643,1437154983351,-5.898116,7.715315,-1.4053963
24644,1437154983352,-5.825691,7.7183075,-1.371279
24645,1437154983372,-5.6784477,7.759608,-1.3820529
24646,1437154983392,-5.673061,7.8170686,-1.4209588
24647,1437154983409,-5.6946087,7.8876977,-1.4371196
24648,1437154983429,-5.6910176,7.904457,-1.4646529
24649,1437154983451,-5.659893,7.8906903,-1.4981717
24650,1437154983470,-5.613206,7.869741,-1.4969746
24651,1437154983489,-5.639542,7.8703394,-1.4867992
24652,1437154983510,-5.6401405,7.8715367,-1.4921862
24653,1437154983532,-5.734113,7.885902,-1.5292963
24654,1437154983550,-5.7400985,7.877522,-1.5251064
24655,1437154983569,-5.7442884,7.796119,-1.4987702
24656,1437154983591,-5.744887,7.7733746,-1.4945804
24657,1437154983609,-5.795165,7.732673,-1.4389153
24658,1437154983631,-5.834071,7.72968,-1.4814123
24659,1437154983649,-5.8813562,7.7320743,-1.4544775
24660,1437154983673,-5.9250507,7.7147164,-1.4502877
24661,1437154983692,-5.922058,7.675811,-1.4323312
24662,1437154983712,-5.915474,7.6608467,-1.4281414
24663,1437154983730,-5.925649,7.6147585,-1.4239515
24664,1437154983750,-5.9603653,7.6147585,-1.4149733
24665,1437154983769,-6.041768,7.575853,-1.3910311
24666,1437154983789,-6.0645127,7.504027,-1.3257892
24667,1437154983809,-6.1369376,7.447763,-1.292869
24668,1437154983829,-6.1596823,7.425018,-1.2755109
24669,1437154983850,-6.177639,7.40347,-1.2521675
24670,1437154983872,-6.2752028,7.3950906,-1.2467805
24671,1437154983891,-6.3153057,7.4112515,-1.2587515
24672,1437154983911,-6.356007,7.386112,-1.2671312
24673,1437154983932,-6.2991447,7.337031,-1.240795
24674,1437154983953,-6.2859764,7.3322425,-1.2395979
24675,1437154983970,-6.2943563,7.3537903,-1.271321
24676,1437154984000,-6.307524,7.382521,-1.3024458
24677,1437154984071,-6.27221,7.395689,-1.2773066
24678,1437154984072,-6.241085,7.390302,-1.3078327
24679,1437154984073,-6.260239,7.3909006,-1.3042414
24680,1437154984074,-6.3392477,7.369353,-1.299453
24681,1437154984091,-6.363788,7.392098,-1.2797008
24682,1437154984114,-6.4284315,7.3909006,-1.276708
24683,1437154984129,-6.3643866,7.3484035,-1.2360066
24684,1437154984150,-6.25964,7.313688,-1.2641385
24685,1437154984171,-6.239888,7.2322845,-1.2240356
24686,1437154984190,-6.3464303,7.225701,-1.2072762
24687,1437154984211,-6.449381,7.2664022,-1.2060791
24688,1437154984230,-6.5164185,7.2699933,-1.1893197
24689,1437154984252,-6.5086374,7.2580223,-1.2132617
24690,1437154984273,-6.432023,7.258621,-1.1725603
24691,1437154984291,-6.5511346,7.3268557,-1.2138603
24692,1437154984312,-6.5607114,7.337031,-1.2138603
24693,1437154984332,-6.461352,7.306505,-1.1905168
24694,1437154984352,-6.3260794,7.2394676,-1.1833342
24695,1437154984373,-6.3925185,7.2610154,-1.1647792
24696,1437154984392,-6.317101,7.2209125,-1.1725603
24697,1437154984412,-6.3697734,7.2065473,-1.1174936
24698,1437154984432,-6.549339,7.301118,-1.1336545
24699,1437154984450,-6.5325794,7.2993226,-1.1378443
24700,1437154984472,-6.5068417,7.304111,-1.1031284
24701,1437154984492,-6.5164185,7.3298483,-1.1360487
24702,1437154984511,-6.4577603,7.2687964,-1.1438298
24703,1437154984530,-6.395511,7.2322845,-1.1180922
24704,1437154984551,-6.3470287,7.2221093,-1.1486182
24705,1437154984575,-6.4416,7.2430587,-1.1510124
24706,1437154984601,-6.459556,7.267599,-1.1378443
24707,1437154984616,-6.415862,7.2125325,-1.1474211
24708,1437154984630,-6.453571,7.207744,-1.1390414
24709,1437154984649,-6.505046,7.207744,-1.1390414
24710,1437154984696,-6.55293,7.221511,-1.1192893
24711,1437154984697,-6.47033,7.228095,-1.1432313
24712,1437154984834,-6.525397,7.234679,-1.1653777
24713,1437154984835,-6.555923,7.2221093,-1.1139023
24714,1437154984836,-6.5391636,7.241263,-1.0905589
24715,1437154984837,-6.529587,7.225701,-1.0594343
24716,1437154984838,-6.4721255,7.2298903,-1.062427
24717,1437154984839,-6.4380083,7.207744,-1.0534488
24718,1437154984840,-6.3859344,7.181408,-1.0540473
24719,1437154984850,-6.4457893,7.1873937,-1.0486604
24720,1437154984873,-6.4667387,7.219715,-1.0648212
24721,1437154985033,-6.5110316,7.2741833,-1.0839748
24722,1437154985034,-6.483498,7.301717,-1.0995371
24723,1437154985035,-6.4272346,7.3567834,-1.1150994
24724,1437154985036,-6.4338183,7.3579803,-1.1312603
24725,1437154985037,-6.4122705,7.359776,-1.1001357
24726,1437154985038,-6.4547677,7.349002,-1.0708067
24727,1437154985039,-6.3787518,7.3083005,-1.050456
24728,1437154985040,-6.419453,7.2628107,-0.9888053
24729,1437154985078,-6.4697313,7.2430587,-0.9451111
24730,1437154985079,-6.4302273,7.2125325,-0.9451111
24731,1437154985091,-6.4607534,7.1634517,-0.94690675
24732,1437154985113,-6.455965,7.114969,-0.9708488
24733,1437154985133,-6.5828576,7.097611,-0.9923966
24734,1437154985151,-6.600814,7.074866,-0.96905315
24735,1437154985170,-6.659472,7.113772,-0.97623575
24736,1437154985190,-6.7253127,7.1431007,-1.0151415
24737,1437154985211,-6.6361284,7.1131735,-1.0408791
24738,1437154985230,-6.591237,7.171831,-1.0474633
24739,1437154985253,-6.523601,7.20116,-1.0971429
24740,1437154985273,-6.4751186,7.2268977,-1.1246762
24741,1437154985292,-6.494272,7.2670007,-1.1498153
24742,1437154985311,-6.4104753,7.234679,-1.1258733
24743,1437154985331,-6.508039,7.2610154,-1.1629834
24744,1437154985350,-6.570288,7.234679,-1.1336545
24745,1437154985370,-6.5086374,7.2089415,-1.1174936
24746,1437154985392,-6.555923,7.173627,-1.1617863
24747,1437154985412,-6.529587,7.1395097,-1.1228806
24748,1437154985430,-6.5726824,7.1431007,-1.1540052
24749,1437154985453,-6.5804634,7.0844426,-1.146224
24750,1437154985484,-6.6056023,7.069479,-1.1683705
24751,1437154985489,-6.6486983,7.0886326,-1.1923125
24752,1437154985511,-6.70556,7.114969,-1.1994951
24753,1437154985531,-6.6983776,7.162853,-1.2246342
24754,1437154985550,-6.6893997,7.2191167,-1.2354081
24755,1437154985570,-6.609792,7.241263,-1.2216414
24756,1437154985591,-6.497265,7.249643,-1.1773487
24757,1437154985610,-6.441001,7.291541,-1.1510124
24758,1437154985633,-6.4583592,7.2969284,-1.0881647
24759,1437154985653,-6.384139,7.309498,-1.0803835
24760,1437154985673,-6.409278,7.295731,-1.0079589
24761,1437154985693,-6.250662,7.256227,-1.0055647
24762,1437154985716,-6.3045316,7.311892,-1.01574
24763,1437154985733,-6.327875,7.339425,-1.043872
24764,1437154985754,-6.3781533,7.343615,-1.0582372
24765,1437154985774,-6.457162,7.3926964,-1.003769
24766,1437154985794,-6.459556,7.4375877,-1.0013748
24767,1437154985812,-6.353014,7.529764,-0.99778354
24768,1437154985833,-6.308123,7.566276,-0.9684546
24769,1437154985854,-6.136339,7.5950065,-0.90021986
24770,1437154985874,-5.9980736,7.5890207,-0.84814596
24771,1437154985894,-5.9184666,7.5812397,-0.83617496
24772,1437154985913,-5.8663926,7.5932107,-0.80564886
24773,1437154985934,-5.816713,7.506421,-0.7882909
24774,1437154985954,-6.0268044,7.527969,-0.8074445
24775,1437154985974,-6.1249666,7.523779,-0.8798691
24776,1437154985995,-6.1985884,7.48188,-0.86251116
24777,1437154986012,-6.2129536,7.40347,-0.94690675
24778,1437154986034,-6.2315083,7.3178773,-0.9343372
24779,1437154986051,-6.3446345,7.29214,-0.9528923
24780,1437154986072,-6.4661403,7.277775,-0.97025025
24781,1437154986092,-6.5002575,7.3083005,-0.9498995
24782,1437154986114,-6.483498,7.337031,-0.94331545
24783,1437154986180,-6.479907,7.4190326,-0.91817635
24784,1437154986181,-6.4427967,7.467515,-0.8996213
24785,1437154986182,-6.305729,7.5088153,-0.86490536
24786,1437154986192,-6.217143,7.465121,-0.85532856
24787,1437154986211,-6.160281,7.469909,-0.8355764
24788,1437154986231,-6.1848216,7.425018,-0.82599956
24789,1437154986251,-6.1704564,7.315483,-0.8062474
24790,1437154986271,-6.1566896,7.277176,-0.7505822
24791,1437154986293,-6.453571,7.2951326,-0.78050977
24792,1437154986314,-6.481104,7.253833,-0.75956047
24793,1437154986333,-6.5445504,7.2687964,-0.7870938
24794,1437154986353,-6.51163,7.325659,-0.86011696
24795,1437154986372,-6.508039,7.4046674,-0.79367787
24796,1437154986394,-6.4601545,7.439383,-0.81283146
24797,1437154986415,-6.217742,7.429806,-0.801459
24798,1437154986434,-6.2219315,7.436989,-0.7685388
24799,1437154986454,-6.165668,7.451354,-0.777517
24800,1437154986475,-6.160281,7.454347,-0.7990648
24801,1437154986494,-6.166865,7.413047,-0.81283146
24802,1437154986514,-6.343437,7.3699512,-0.7930793
24803,1437154986533,-6.5619082,7.431602,-0.8367735
24804,1437154986555,-6.5152216,7.342418,-0.8595184
24805,1437154986574,-6.578069,7.3633676,-0.84455466
24806,1437154986592,-6.5840545,7.319673,-0.9528923
24807,1437154986614,-6.4924765,7.2699933,-0.88286185
24808,1437154986632,-6.5307837,7.2484455,-0.9355343
24809,1437154986653,-6.542156,7.2149267,-0.9187749
24810,1437154986672,-6.47033,7.117363,-0.866701
24811,1437154986695,-6.4188547,7.0964136,-0.90740246
24812,1437154986716,-6.679224,7.265804,-1.0079589
24813,1437154986735,-6.353014,7.1849995,-1.0821792
24814,1437154986754,-6.399701,7.2628107,-0.9636662
24815,1437154986773,-6.682217,7.2382703,-1.0229226
24816,1437154986791,-6.6325374,7.2191167,-0.9115923
24817,1437154986813,-6.6361284,7.1820064,-0.9343372
24818,1437154986833,-6.435614,7.2939353,-0.88944596
24819,1437154986904,-6.3033347,7.335834,-0.8702923
24820,1437154986908,-6.273407,7.356185,-0.82599956
24821,1437154986909,-6.377555,7.414244,-0.7870938
24822,1437154986921,-6.3548098,7.4310036,-0.7374141
24823,1437154986933,-6.203975,7.48607,-0.7930793
24824,1437154986956,-6.0244102,7.515399,-0.8702923
24825,1437154986972,-6.3284736,7.5968018,-0.80684596
24826,1437154986991,-6.259042,7.555502,-0.82779527
24827,1437154987014,-6.0866594,7.37055,-0.6907272
24828,1437154987032,-6.192004,7.295731,-0.7062895
24829,1437154987053,-6.43322,7.21373,-0.6344634
24830,1437154987077,-6.509236,7.2245035,-0.61112
24831,1437154987092,-6.317101,7.0515227,-0.62368953
24832,1437154987114,-6.5337763,7.023989,-0.5979519
24833,1437154987134,-6.5619082,7.0784574,-0.6943185
24834,1437154987153,-6.4457893,7.083844,-0.7410054
24835,1437154987173,-6.325481,7.225701,-0.7763199
24836,1437154987195,-6.427833,7.393295,-0.88166475
24837,1437154987215,-6.432023,7.477092,-0.8391677
24838,1437154987235,-6.3488245,7.5644803,-0.8678981
24839,1437154987252,-6.3224883,7.6231384,-0.89902276
24840,1437154987274,-6.172252,7.6249337,-0.8714894
24841,1437154987295,-6.105214,7.6027875,-0.85652566
24842,1437154987314,-6.1387334,7.615357,-0.85532856
24843,1437154987335,-6.1519012,7.5441294,-0.80684596
24844,1437154987354,-6.284181,7.4746976,-0.7661445
24845,1437154987374,-6.342839,7.3777328,-0.7380127
24846,1437154987395,-6.3661823,7.2729864,-0.7368156
24847,1437154987415,-6.5152216,7.2245035,-0.7457938
24848,1437154987435,-6.525397,7.1466923,-0.7404069
24849,1437154987457,-6.5738792,7.1526775,-0.7721301
24850,1437154987473,-6.5786676,7.1251445,-0.84096336
24851,1437154987495,-6.5008564,7.0982094,-0.88765025
24852,1437154987516,-6.5325794,7.0700774,-0.94092125
24853,1437154987533,-6.501455,7.0485296,-0.93972415
24854,1437154987553,-6.513426,7.012018,-0.9768343
24855,1437154987673,-6.6480994,7.067085,-0.9283517
24856,1437154987674,-6.870162,7.1383123,-0.92775315
24857,1437154987675,-6.8324533,7.1287355,-0.8690952
24858,1437154987676,-6.700772,7.143699,-0.7978677
24859,1437154987677,-6.657676,7.2107368,-0.83856916
24860,1437154987678,-6.567295,7.267599,-0.79248077
24861,1437154987698,-6.525397,7.303512,-0.82599956
24862,1437154987715,-6.4469867,7.311892,-0.78410107
24863,1437154987733,-6.345233,7.2873516,-0.7428011
24864,1437154987752,-6.533178,7.3208704,-0.712275
24865,1437154987780,-6.439804,7.314286,-0.7009025
24866,1437154987792,-6.5265937,7.3352356,-0.7116765
24867,1437154987812,-6.621763,7.3352356,-0.7032967
24868,1437154987832,-6.5870476,7.2670007,-0.7110779
24869,1437154987853,-6.55712,7.1927805,-0.7386112
24870,1437154987874,-6.654085,7.1395097,-0.7224504
24871,1437154987894,-6.613982,7.092224,-0.75237787
24872,1437154987916,-6.6546836,7.0048356,-0.7625532
24873,1437154987936,-6.63972,7.005434,-0.8038532
24874,1437154987956,-6.673837,6.9826894,-0.8110358
24875,1437154987973,-6.733692,6.9425864,-0.8343793
24876,1437154987994,-6.8522053,6.9569516,-0.80205756
24877,1437154988016,-6.977302,7.031172,-0.7625532
24878,1437154988036,-7.04434,7.031172,-0.7368156
24879,1437154988055,-6.965331,7.015011,-0.7098808
24880,1437154988073,-6.9449806,7.041347,-0.7062895
24881,1437154988094,-6.8881183,7.029975,-0.717662
24882,1437154988115,-6.8091097,7.041347,-0.7146692
24883,1437154988135,-6.7318964,7.000047,-0.7260417
24884,1437154988154,-6.6283474,6.9467764,-0.7200562
24885,1437154988174,-6.739079,6.944382,-0.7044938
24886,1437154988194,-6.847417,6.9719152,-0.6751649
24887,1437154988216,-6.983288,6.939594,-0.6679823
24888,1437154988236,-6.9342065,6.907272,-0.66738373
24889,1437154988255,-6.96174,6.880337,-0.6691794
24890,1437154988278,-6.913856,6.907272,-0.7128736
24891,1437154988294,-6.897695,6.9132576,-0.6943185
24892,1437154988316,-6.8342485,6.932411,-0.7032967
24893,1437154988336,-6.7731967,6.959346,-0.6727707
24894,1437154988414,-6.779182,6.977302,-0.6739678
24895,1437154988415,-6.766014,6.949769,-0.59615624
24896,1437154988416,-6.6762314,6.993463,-0.5614403
24897,1437154988417,-6.7989345,7.0730705,-0.55126494
24898,1437154988433,-6.841431,7.0964136,-0.50517654
24899,1437154988457,-6.7067575,7.041347,-0.47524905
24900,1437154988473,-6.71394,7.0485296,-0.45190558
24901,1437154988493,-6.735488,7.08564,-0.41479546
24902,1437154988528,-6.7079544,7.093421,-0.40821138
24903,1437154988534,-6.625953,7.132327,-0.44532153
24904,1437154988554,-6.533178,7.12694,-0.47884035
24905,1437154988575,-6.518214,7.129334,-0.5009867
24906,1437154988594,-6.489484,7.1371155,-0.50757074
24907,1437154988616,-6.506243,7.1407065,-0.48362875
24908,1437154988637,-6.5607114,7.1227503,-0.46986207
24909,1437154988654,-6.661866,7.1347213,-0.439336
24910,1437154988677,-6.7318964,7.117962,-0.43275195
24911,1437154988695,-6.6415157,7.0766616,-0.38965634
24912,1437154988714,-6.7079544,7.0587053,-0.32202014
24913,1437154988733,-6.658275,7.03177,-0.34117374
24914,1437154988753,-6.655881,7.0587053,-0.31364042
24915,1437154988773,-6.7079544,7.0712748,-0.3250129
24916,1437154988793,-6.652888,7.1395097,-0.33877954
24917,1437154988816,-6.605004,7.1245456,-0.362123
24918,1437154988833,-6.407482,7.0952168,-0.39205053
24919,1437154988854,-6.342839,7.173627,-0.51714754
24920,1437154988875,-6.4463882,7.2987237,-0.60693014
24921,1437154988896,-6.591237,7.2819643,-0.6242881
24922,1437154988914,-6.4362125,7.259818,-0.6679823
24923,1437154988937,-6.467337,7.2909427,-0.682946
24924,1437154988957,-6.6882024,7.373543,-0.7326257
24925,1437154988973,-6.623559,7.2646065,-0.7266402
24926,1437154988998,-6.579266,7.181408,-0.6374562
24927,1437154989015,-6.613982,7.04015,-0.6123171
24928,1437154989037,-6.853402,6.9557543,-0.3561375
24929,1437154989061,-6.8486137,6.803723,-0.3196259
24930,1437154989134,-6.8103065,6.7648168,-0.24660277
24931,1437154989135,-6.9132576,6.7971387,-0.2681506
24932,1437154989136,-6.8665705,6.895301,-0.41599256
24933,1437154989137,-6.91625,6.969521,-0.47345337
24934,1437154989157,-6.76781,7.0036387,-0.59256494
24935,1437154989179,-6.685808,6.993463,-0.57999533
24936,1437154989194,-6.767211,7.0227923,-0.65242
24937,1437154989215,-6.7109475,7.0102224,-0.66020113
24938,1437154989251,-6.779182,6.95336,-0.64583594
24939,1437154989254,-6.9246297,6.943185,-0.64583594
24940,1437154989276,-6.983288,6.8587894,-0.58298814
24941,1437154989295,-6.9485717,6.8103065,-0.5315128
24942,1437154989321,-6.9850836,6.7330937,-0.4985925
24943,1437154989337,-6.9491706,6.693589,-0.44472298
24944,1437154989357,-7.012018,6.706159,-0.45669398
24945,1437154989378,-7.0622964,6.7241154,-0.48003745
24946,1437154989396,-7.069479,6.7283053,-0.45908818
24947,1437154989418,-6.9946604,6.721721,-0.50278234
24948,1437154989438,-6.9126587,6.7725983,-0.5530606
24949,1437154989456,-6.919243,6.870162,-0.581791
24950,1437154989478,-6.9078703,6.9264255,-0.7009025
24951,1437154989498,-6.82946,6.8581905,-0.6667852
24952,1437154989517,-6.843227,6.8773446,-0.65182143
24953,1437154989537,-6.9988503,6.9222355,-0.6895301
24954,1437154989558,-6.9425864,6.8641763,-0.7182605
24955,1437154989575,-6.8887167,6.885724,-0.7398083
24956,1437154989595,-6.96593,6.9012866,-0.81522566
24957,1437154989614,-6.9904704,6.9012866,-0.79487497
24958,1437154989638,-6.9647326,6.8887167,-0.74878657
24959,1437154989659,-6.881534,6.827665,-0.7266402
24960,1437154989679,-6.935404,6.8887167,-0.6703765
24961,1437154989698,-6.9557543,6.872556,-0.7092823
24962,1437154989716,-6.9078703,6.8641763,-0.7092823
24963,1437154989735,-6.797737,6.861782,-0.729633
24964,1437154989754,-6.839636,6.9120603,-0.748188
24965,1437154989777,-6.867768,6.991069,-0.7248446
24966,1437154989797,-6.872556,6.9988503,-0.75477207
24967,1437154989876,-6.8132997,6.985682,-0.75836337
24968,1437154989877,-6.739079,6.943185,-0.75956047
24969,1437154989878,-6.8001313,7.0102224,-0.7930793
24970,1437154989879,-6.855198,7.029376,-0.7685388
24971,1437154989896,-6.8827314,7.080253,-0.7266402
24972,1437154989916,-6.8132997,7.043741,-0.7284359
24973,1437154989935,-6.7965403,7.1101804,-0.7266402
24974,1437154989955,-6.7839704,7.105392,-0.7577648
24975,1437154989980,-6.6026096,7.153276,-0.7661445
24976,1437154989995,-6.476914,7.165247,-0.7733272
24977,1437154990016,-6.537368,7.1909847,-0.84814596
24978,1437154990035,-6.5643024,7.1712327,-0.81343
24979,1437154990060,-6.513426,7.2484455,-0.8451532
24980,1437154990079,-6.393716,7.144298,-0.89782566
24981,1437154990097,-6.521207,7.2580223,-0.8026561
24982,1437154990118,-6.6882024,7.0832458,-0.78529817
24983,1437154990138,-6.6247563,7.047931,-0.5931635
24984,1437154990158,-6.839636,6.809708,-0.57161564
24985,1437154990179,-6.618172,6.8324533,-0.49320555
24986,1437154990198,-7.029376,6.8749504,-0.46267948
24987,1437154990218,-6.969521,6.8186865,-0.42556936
24988,1437154990239,-6.76781,6.697779,-0.38486794
24989,1437154990255,-7.147889,6.811504,-0.33758244
24990,1437154990279,-7.2227077,6.657676,-0.39564183
24991,1437154990296,-6.534375,6.6486983,-0.23403321
24992,1437154990315,-6.923433,6.6732388,-0.47644615
24993,1437154990336,-7.1125746,6.6642604,-0.46148238
24994,1437154990361,-7.025785,6.5505357,-0.40102878
24995,1437154990380,-7.2203135,6.5523314,-0.49081135
24996,1437154990395,-7.436989,6.576872,-0.4973954
24997,1437154990418,-7.3968863,6.591237,-0.58418524
24998,1437154990435,-7.189189,6.510433,-0.7074866
24999,1437154990455,-7.169437,6.3129115,-0.5919664
25000,1437154990590,-7.29214,6.699575,-0.6817489
25001,1437154990591,-7.1185603,6.578069,-0.8463503
25002,1437154990608,-7.043741,6.6002154,-0.7667431
25003,1437154990609,-7.1125746,6.7253127,-0.98940384
25004,1437154990610,-7.305308,6.76781,-1.0546459
25005,1437154990611,-7.3711486,6.691195,-0.92296475
25006,1437154990612,-7.2909427,6.669647,-0.95827925
25007,1437154990625,-7.1909847,6.6546836,-0.95947635
25008,1437154990642,-7.129334,6.669647,-0.8451532
25009,1437154990658,-7.15567,6.7845693,-0.97384155
25010,1437154990676,-6.8025255,6.67683,-0.86131406
25011,1437154990708,-6.897695,6.736685,-0.85413146
25012,1437154990727,-6.8587894,6.747459,-0.94211835
25013,1437154990735,-6.908469,6.7067575,-0.83976626
25014,1437154990755,-6.9844847,6.7492547,-0.91697925
25015,1437154990775,-7.0700774,6.7067575,-0.90500826
25016,1437154990795,-7.009624,6.7360864,-0.94451255
25017,1437154990815,-7.1311297,6.8480153,-1.0336965
25018,1437154990835,-7.15986,6.8504095,-1.0163386
25019,1437154990877,-7.0688806,6.847417,-1.0259154
25020,1437154990878,-7.0012445,6.7929487,-0.9816227
25021,1437154990896,-6.9437833,6.7588315,-0.9259575
25022,1437154990915,-6.909666,6.691195,-0.8714894
25023,1437154990936,-6.9916677,6.7283053,-0.842759
25024,1437154990956,-6.8264675,6.645107,-0.8535329
25025,1437154990981,-6.901885,6.6905966,-0.866701
25026,1437154990996,-7.0168066,6.6870055,-0.8678981
25027,1437154991016,-7.0545154,6.6486983,-0.8798691
25028,1437154991036,-6.9820905,6.6504936,-0.90500826
25029,1437154991056,-7.0102224,6.643311,-0.90500826
25030,1437154991079,-7.0126166,6.6905966,-0.90740246
25031,1437154991096,-7.1568675,6.747459,-0.95229375
25032,1437154991115,-7.2005615,6.7708025,-0.9588778
25033,1437154991136,-7.1023993,6.793547,-0.9498995
25034,1437154991157,-7.052121,6.8324533,-0.91338795
25035,1437154991177,-7.0108213,6.965331,-0.943914
25036,1437154991196,-6.8426285,6.9006877,-0.9056068
25037,1437154991216,-6.7013707,6.8132997,-0.8523358
25038,1437154991248,-6.7342906,6.8947024,-0.8900445
25039,1437154991299,-6.7749925,6.873753,-0.85891986
25040,1437154991300,-6.7905545,6.879739,-0.8391677
25041,1437154991301,-6.697779,6.8504095,-0.87089086
25042,1437154991325,-6.7103486,6.754043,-0.89064306
25043,1437154991336,-6.9360023,6.821679,-0.87448215
25044,1437154991359,-7.1023993,6.8366427,-0.94092125
25045,1437154991377,-7.0156097,6.904279,-0.91937345
25046,1437154991416,-6.9916677,6.8450227,-1.0049661
25047,1437154991417,-7.0730705,6.821679,-0.8738836
25048,1437154991436,-7.0449386,6.794146,-1.003769
25049,1437154991461,-6.9066734,6.6774287,-0.9391256
25050,1437154991477,-7.0605006,6.8545995,-0.9600749
25051,1437154991499,-6.83365,6.8091097,-1.1294646
25052,1437154991516,-6.7133417,6.6852098,-0.9600749
25053,1437154991539,-6.953959,6.76781,-1.1186907
25054,1437154991559,-6.9240313,6.815095,-1.0534488
25055,1437154991586,-7.0168066,6.9425864,-0.99778354
25056,1437154993063,-6.943185,6.919243,-1.1420342
25057,1437154993064,-6.7145386,6.9503675,-0.99658644
25058,1437154993065,-6.703765,7.0024414,-1.0767922
25059,1437154993066,-6.689998,7.0622964,-1.055843
25060,1437154993067,-6.751649,7.037756,-1.0546459
25061,1437154993068,-6.8719573,7.086837,-1.0570401
25062,1437154993069,-6.818088,6.9928646,-1.0193313
25063,1437154993070,-6.6121864,7.00304,-1.0324994
25064,1437154993071,-6.7121444,7.068282,-1.0462662
25065,1437154993072,-6.643311,7.102998,-1.0319009
25066,1437154993073,-6.6989765,7.080253,-0.9911995
25067,1437154993074,-6.6307416,7.0108213,-0.9983821
25068,1437154993075,-6.585252,6.9970546,-0.9864111
25069,1437154993076,-6.5469446,7.016208,-0.9552865
25070,1437154993077,-6.6510925,7.1820064,-1.0672154
25071,1437154993078,-6.5816603,7.114969,-1.0295067
25072,1437154993079,-6.613384,7.025785,-0.98700964
25073,1437154993080,-6.6762314,7.00304,-1.027711
25074,1437154993081,-6.645107,7.00304,-1.0522517
25075,1437154993082,-6.7013707,7.0108213,-1.1198878
25076,1437154993083,-6.657676,7.045537,-1.1575965
25077,1437154993084,-6.7306995,6.9862804,-1.2150574
25078,1437154993085,-6.8103065,6.9838862,-1.1707647
25079,1437154993086,-6.8522053,6.9246297,-1.1575965
25080,1437154993087,-6.8929067,6.955156,-1.0899603
25081,1437154993088,-6.8653736,7.00723,-1.0965444
25082,1437154993089,-6.7492547,7.0461354,-1.0720038
25083,1437154993090,-6.5589156,7.067683,-1.110311
25084,1437154993091,-6.475717,7.1006036,-1.0899603
25085,1437154993092,-6.645107,7.1712327,-1.1055226
25086,1437154993093,-6.517017,7.119757,-1.1001357
25087,1437154993094,-6.5385647,7.0784574,-1.0755951
25088,1437154993095,-6.6175733,7.119757,-1.1378443
25089,1437154993096,-6.6864066,7.140108,-1.1665748
25090,1437154993097,-6.7612257,7.1706343,-1.1875241
25091,1437154993098,-6.667253,7.107786,-1.1563994
25092,1437154993099,-6.627749,7.0964136,-1.1390414
25093,1437154993100,-6.633136,7.117962,-1.1791444
25094,1437154993101,-6.619369,7.1245456,-1.1917139
25095,1437154993102,-6.555923,7.065289,-1.2401965
25096,1437154993103,-6.535572,7.067085,-1.2270284
25097,1437154993104,-6.5870476,7.013814,-1.2671312
25098,1437154993105,-6.611588,6.989872,-1.1869255
25099,1437154993106,-6.8025255,7.012018,-1.2276269
25100,1437154993107,-6.8264675,7.047333,-1.2300211
25101,1437154993108,-6.805518,7.0844426,-1.2234371
25102,1437154993109,-6.7121444,7.117962,-1.2378023
25103,1437154993110,-6.6666546,7.1125746,-1.1905168
25104,1437154993111,-6.563704,7.150882,-1.1833342
25105,1437154993112,-6.3566055,7.0461354,-1.1629834
25106,1437154993113,-6.2752028,7.080253,-1.1384429
25107,1437154993114,-6.603208,7.1849995,-1.2294226
25108,1437154993115,-6.695385,7.2059484,-1.2150574
25109,1437154993116,-6.5744777,7.1311297,-1.2078748
25110,1437154993117,-6.4817023,7.21373,-1.1839328
25111,1437154993118,-6.461352,7.1287355,-1.2964603
25112,1437154993119,-6.3907228,7.04015,-1.1761516
25113,1437154993120,-6.652888,6.9970546,-1.2120646
25114,1437154993121,-6.8127007,7.15567,-1.2473791
25115,1437154993122,-6.7989345,7.0610995,-1.2491747
25116,1437154993123,-6.835446,7.150882,-1.2000936
25117,1437154993124,-6.6367273,7.067683,-1.2707225
25118,1437154993125,-6.533178,7.021595,-1.271321
25119,1437154993126,-6.630143,7.0341644,-1.3335704
25120,1437154993127,-6.740875,7.08983,-1.3192052
25121,1437154993128,-6.761824,7.04434,-1.3210008
25122,1437154993129,-6.5481415,7.1766195,-1.4215573
25123,1437154993130,-6.343437,7.069479,-1.4838065
25124,1437154993131,-6.3985043,6.9461775,-1.3024458
25125,1437154993132,-6.8707604,7.117363,-1.3748703
25126,1437154993133,-6.7384806,7.037756,-1.3365631
25127,1437154993134,-6.6624646,7.089231,-1.2838906
25128,1437154993135,-6.625355,7.135918,-1.3862427
25129,1437154993136,-6.5026517,7.1466923,-1.3700819
25130,1437154993137,-6.3661823,7.216124,-1.3760674
25131,1437154993138,-6.5858502,7.2723875,-1.3802572
25132,1437154993139,-6.603208,7.3112936,-1.352724
25133,1437154993140,-6.469133,7.1263413,-1.2785037
25134,1437154993156,-6.3907228,7.161656,-1.2449849
25135,1437154993176,-6.395511,7.280169,-1.4053963
25136,1437154993196,-6.367978,7.2460513,-1.2665327
25137,1437154993216,-6.5696893,7.379528,-1.412579
25138,1437154993236,-6.2380924,7.2340803,-1.3227965
25139,1437154993256,-6.4745197,7.15986,-1.2318168
25140,1437154993276,-6.4661403,7.180211,-1.3227965
25141,1437154993296,-6.6385226,7.083844,-1.2180501
25142,1437154993316,-6.6367273,7.043143,-1.2587515
25143,1437154993336,-6.6606693,7.1131735,-1.2264298
25144,1437154993359,-6.6612678,7.179612,-1.2850877
25145,1437154993377,-6.540959,7.153875,-1.2749124
25146,1437154993398,-6.4697313,7.114969,-1.2372037
25147,1437154993422,-6.4098763,7.1006036,-1.234211
25148,1437154993442,-6.467337,7.195773,-1.2497733
25149,1437154993461,-6.4936733,7.241263,-1.3162124
25150,1437154993481,-6.554127,7.28376,-1.2982559
25151,1437154993501,-6.4661403,7.2382703,-1.3359646
25152,1437154993522,-6.4421983,7.1951747,-1.3162124
25153,1437154993542,-6.541558,7.2328835,-1.2892777
25154,1437154993561,-6.459556,7.1526775,-1.2641385
25155,1437154993832,-6.531981,7.225701,-1.2695254
25156,1437154993833,-6.553529,7.2310877,-1.3305776
25157,1437154993834,-6.4248405,7.157466,-1.2617443
25158,1437154993835,-6.431424,7.161656,-1.3281834
25159,1437154993836,-6.5241995,7.162853,-1.3192052
25160,1437154993837,-6.5762734,7.1610575,-1.3335704
25161,1437154993838,-6.576872,7.1526775,-1.3335704
25162,1437154993883,-6.5870476,7.128137,-1.3257892
25163,1437154993884,-6.521207,7.120356,-1.3198037
25164,1437154993885,-6.542156,7.103596,-1.3144168
25165,1437154993886,-6.553529,7.098808,-1.2922704
25166,1437154993887,-6.657078,7.08145,-1.2826935
25167,1437154993888,-6.645107,7.104195,-1.3192052
25168,1437154993889,-6.5960255,7.089231,-1.2988545
25169,1437154993890,-6.6085954,7.098808,-1.2988545
25170,1437154993891,-6.531382,7.047333,-1.2982559
25171,1437154994025,-6.4846954,7.074866,-1.3150153
25172,1437154994026,-6.5960255,7.097611,-1.352724
25173,1437154994027,-6.6415157,7.1275387,-1.3413515
25174,1437154994028,-6.6666546,7.111976,-1.3557167
25175,1437154994029,-6.5631056,7.1023993,-1.3329718
25176,1437154994030,-6.551733,7.2221093,-1.3754689
25177,1437154994031,-6.559514,7.2687964,-1.3820529
25178,1437154994080,-6.4260373,7.258621,-1.4036007
25179,1437154994081,-6.317101,7.1969705,-1.4041992
25180,1437154994083,-6.3230867,7.2083426,-1.3940239
25181,1437154994103,-6.4619503,7.2448545,-1.4083891
25182,1437154994117,-6.4392056,7.153875,-1.4089876
25183,1437154994139,-6.5307837,7.192182,-1.407192
25184,1437154994158,-6.5840545,7.1580644,-1.4454993
25185,1437154994177,-6.487688,7.141305,-1.3994108
25186,1437154994199,-6.5403605,7.2191167,-1.4526819
25187,1437154994217,-6.539762,7.2352777,-1.3946224
25188,1437154994237,-6.4936733,7.20954,-1.4012065
25189,1437154994257,-6.4284315,7.1963716,-1.4173675
25190,1437154994277,-6.3829417,7.2107368,-1.3994108
25191,1437154994298,-6.3865333,7.1951747,-1.4257472
25192,1437154994318,-6.4625487,7.1981673,-1.3820529
25193,1437154994337,-6.505645,7.1885905,-1.4024036
25194,1437154994357,-6.563704,7.1969705,-1.3730747
25195,1437154994377,-6.5505357,7.2179193,-1.3760674
25196,1437154994397,-6.4781113,7.219715,-1.3551182
25197,1437154994417,-6.457162,7.219715,-1.38325
25198,1437154994438,-6.4577603,7.2262993,-1.3718776
25199,1437154994458,-6.4140663,7.2071457,-1.4077905
25200,1437154994478,-6.5008564,7.231686,-1.377863
25201,1437154994498,-6.5828576,7.2490444,-1.3347675
25202,1437154994518,-6.5361705,7.192182,-1.3251907
25203,1437154994537,-6.51582,7.1514807,-1.2725182
25204,1437154994558,-6.4840965,7.1730285,-1.3227965
25205,1437154994578,-6.5445504,7.2484455,-1.3533225
25206,1437154994598,-6.52001,7.2604165,-1.3850456
25207,1437154994618,-6.461352,7.2149267,-1.3820529
25208,1437154994638,-6.3889275,7.1484876,-1.3664906
25209,1437154994658,-6.539762,7.1586633,-1.3245921
25210,1437154994678,-6.5218053,7.1209545,-1.3096284
25211,1437154994698,-6.453571,7.137714,-1.2743138
25212,1437154994719,-6.581062,7.2047515,-1.3443443
25213,1437154994743,-6.517616,7.1885905,-1.3108255
25214,1437154994759,-6.4745197,7.2370734,-1.3503298
25215,1437154994783,-6.4631476,7.2310877,-1.3611037
25216,1437154994802,-6.431424,7.2382703,-1.2970588
25217,1437154994823,-6.4481835,7.2628107,-1.3311762
25218,1437154994843,-6.491878,7.277775,-1.3132197
25219,1437154994863,-6.4577603,7.28376,-1.2922704
25220,1437154994882,-6.4583592,7.2502413,-1.2605472
25221,1437154994902,-6.4727244,7.257424,-1.2246342
25222,1437154994922,-6.491279,7.219715,-1.2000936
25223,1437154994943,-6.4457893,7.2514386,-1.1911154
25224,1437154994963,-6.43322,7.1963716,-1.1815386
25225,1437154994980,-6.4146647,7.1622543,-1.1653777
25226,1437154995000,-6.488885,7.1670427,-1.1707647
25227,1437154995019,-6.4697313,7.1209545,-1.1749545
25228,1437154995089,-6.5367694,7.1861963,-1.2012907
25229,1437154995090,-6.5367694,7.1490865,-1.1911154
25230,1437154995091,-6.5577183,7.2005615,-1.1857284
25231,1437154995099,-6.567295,7.2179193,-1.1629834
25232,1437154995126,-6.535572,7.229292,-1.1282675
25233,1437154995140,-6.531981,7.2322845,-1.0965444
25234,1437154995161,-6.5349736,7.241263,-1.0570401
25235,1437154995181,-6.4601545,7.2191167,-1.043872
25236,1437154995202,-6.4272346,7.227496,-1.0594343
25237,1437154995223,-6.349423,7.271789,-1.1288661
25238,1437154995241,-6.3703723,7.257424,-1.1797429
25239,1437154995261,-6.277597,7.2107368,-1.1827357
25240,1437154995281,-6.509236,7.2939353,-1.2808979
25241,1437154995301,-6.615179,7.233482,-1.287482
25242,1437154995323,-6.5002575,7.1395097,-1.2575544
25243,1437154995340,-6.566098,7.1371155,-1.2838906
25244,1437154995364,-6.615179,7.141305,-1.2731167
25245,1437154995383,-6.6546836,7.1101804,-1.2952632
25246,1437154995403,-6.655282,7.105392,-1.2737153
25247,1437154995423,-6.6163764,7.053917,-1.2623428
25248,1437154995444,-6.5625067,7.0156097,-1.2306197
25249,1437154995462,-6.577471,7.0287776,-1.2503718
25250,1437154995483,-6.615179,7.0491285,-1.2473791
25251,1437154995503,-6.5804634,7.0341644,-1.2731167
25252,1437154995523,-6.616975,7.03177,-1.2892777
25253,1437154995547,-6.6325374,7.021595,-1.3000516
25254,1437154995563,-6.6774287,7.0395517,-1.3192052
25255,1437154995581,-6.6492968,6.992266,-1.3227965
25256,1437154995602,-6.589442,6.983288,-1.3443443
25257,1437154995622,-6.694188,7.020398,-1.3880384
25258,1437154995643,-6.691794,7.041946,-1.3826514
25259,1437154995663,-6.717531,6.996456,-1.4173675
25260,1437154995684,-6.6361284,6.9784994,-1.3916297
25261,1437154995701,-6.6744356,7.055114,-1.4263457
25262,1437154995810,-6.728904,7.137714,-1.4760253
25263,1437154995811,-6.5828576,7.150882,-1.5251064
25264,1437154995812,-6.4248405,7.1466923,-1.5747862
25265,1437154995813,-6.443994,7.2005615,-1.6065093
25266,1437154995814,-6.533178,7.2304893,-1.6053122
25267,1437154995829,-6.4882865,7.1586633,-1.5562311
25268,1437154995841,-6.4499793,7.165846,-1.5095441
25269,1437154995865,-6.5547256,7.195773,-1.5310919
25270,1437154995880,-6.483498,7.129933,-1.4862007
25271,1437154995900,-6.4709287,7.1341224,-1.5095441
25272,1437154995926,-6.4948707,7.1089835,-1.508347
25273,1437154995941,-6.523601,7.149685,-1.5502456
25274,1437154995962,-6.5427547,7.1113777,-1.5544355
25275,1437154995982,-6.5762734,7.065289,-1.54845
25276,1437154996003,-6.597223,7.057508,-1.5586253
25277,1437154996024,-6.6415157,7.041347,-1.5586253
25278,1437154996043,-6.6510925,7.0622964,-1.5795746
25279,1437154996061,-6.601413,7.0688806,-1.6154876
25280,1437154996083,-6.5643024,7.0940194,-1.6454151
25281,1437154996104,-6.615179,7.131728,-1.6711528
25282,1437154996124,-6.597223,7.08145,-1.632247
25283,1437154996144,-6.6546836,7.0515227,-1.602918
25284,1437154996163,-6.671443,7.008427,-1.5729905
25285,1437154996183,-6.7564373,6.9743094,-1.5119383
25286,1437154996203,-6.767211,7.03177,-1.5316905
25287,1437154996224,-6.741473,7.0144124,-1.5292963
25288,1437154996244,-6.5666966,7.001843,-1.4850036
25289,1437154996264,-6.4900823,7.029975,-1.5388732
25290,1437154996284,-6.5098343,7.107786,-1.513734
25291,1437154996304,-6.5098343,7.149685,-1.555034
25292,1437154996322,-6.399701,7.1275387,-1.5658079
25293,1437154996342,-6.5152216,7.2059484,-1.5765818
25294,1437154996362,-6.6103907,7.2388687,-1.6184803
25295,1437154996384,-6.5828576,7.204153,-1.5879543
25296,1437154996404,-6.439804,7.1861963,-1.6035166
25297,1437154996423,-6.533178,7.216124,-1.6771383
25298,1437154996442,-6.4745197,7.225102,-1.6382325
25299,1437154996470,-6.441001,7.235876,-1.6537948
25300,1437154996530,-6.425439,7.2382703,-1.6585833
25301,1437154996531,-6.431424,7.261614,-1.6436194
25302,1437154996532,-6.4062853,7.2687964,-1.6561891
25303,1437154996552,-6.273407,7.2310877,-1.6376339
25304,1437154996561,-6.339846,7.253833,-1.6406267
25305,1437154996589,-6.5044475,7.2807674,-1.5897499
25306,1437154996602,-6.5655,7.265205,-1.4760253
25307,1437154996621,-6.6391215,7.2508397,-1.3994108
25308,1437154996643,-6.4960675,7.199963,-1.3156139
25309,1437154996662,-6.409278,7.2125325,-1.2635399
25310,1437154996684,-6.323685,7.2723875,-1.2455834
25311,1437154996702,-6.251859,7.265804,-1.2389994
25312,1437154996724,-6.2488666,7.2622123,-1.2204443
25313,1437154996743,-6.3242836,7.2592196,-1.1965023
25314,1437154996764,-6.431424,7.2592196,-1.2066777
25315,1437154996783,-6.5086374,7.2634096,-1.2012907
25316,1437154996803,-6.6385226,7.309498,-1.2300211
25317,1437154996824,-6.5858502,7.2909427,-1.2449849
25318,1437154996845,-6.4960675,7.2687964,-1.1534066
25319,1437154996865,-6.547543,7.3190746,-1.1510124
25320,1437154996882,-6.5619082,7.3549876,-1.0851719
25321,1437154996903,-6.4481835,7.357382,-1.0247183
25322,1437154996923,-6.3123126,7.316082,-1.0019734
25323,1437154996943,-6.2482677,7.315483,-0.9995792
25324,1437154996965,-6.344036,7.3591776,-0.9816227
25325,1437154996982,-6.4463882,7.3286514,-0.985214
25326,1437154997003,-6.475717,7.289147,-0.96306765
25327,1437154997025,-6.533178,7.237672,-0.9403227
25328,1437154997043,-6.6056023,7.1724296,-0.87448215
25329,1437154997063,-6.609194,7.1113777,-0.89902276
25330,1437154997085,-6.625953,7.045537,-0.8319851
25331,1437154997103,-6.7013707,7.019201,-0.8074445
25332,1437154997125,-6.724714,6.968324,-0.78170687
25333,1437154997143,-6.7564373,6.9437833,-0.75357497
25334,1437154997162,-6.733692,6.8958993,-0.7553706
25335,1437154997191,-6.7887588,6.892308,-0.712275
25336,1437154997251,-6.87914,6.927024,-0.7236475
25337,1437154997252,-6.91625,6.9503675,-0.7074866
25338,1437154997255,-6.8127007,6.895301,-0.7224504
25339,1437154997270,-6.740875,6.8743515,-0.7074866
25340,1437154997282,-6.823475,6.899491,-0.7152678
25341,1437154997311,-6.8809357,6.9306154,-0.7260417
25342,1437154997322,-6.8689647,6.88752,-0.7104794
25343,1437154997343,-6.830059,6.8468184,-0.7086837
25344,1437154997363,-6.841431,6.845621,-0.694917
25345,1437154997384,-6.884527,6.8545995,-0.7092823
25346,1437154997403,-6.937798,6.87914,-0.7009025
25347,1437154997423,-6.913856,6.845621,-0.705691
25348,1437154997445,-6.8641763,6.83365,-0.6362591
25349,1437154997463,-6.845621,6.8731546,-0.6584055
25350,1437154997485,-6.854001,6.9348054,-0.6751649
25351,1437154997502,-6.8043213,6.9701195,-0.6895301
25352,1437154997524,-6.7402763,7.023391,-0.7182605
25353,1437154997545,-6.728904,7.107786,-0.80445176
25354,1437154997565,-6.6846113,7.1766195,-0.83976626
25355,1437154997585,-6.5948286,7.2424603,-0.89603
25356,1437154997602,-6.421249,7.2071457,-0.90381116
25357,1437154997623,-6.4577603,7.2514386,-0.93972415
25358,1437154997644,-6.5086374,7.2262993,-0.92895025
25359,1437154997663,-6.6175733,7.2029557,-0.88944596
25360,1437154997687,-6.622362,7.193379,-0.9091981
25361,1437154997730,-6.6361284,7.117962,-0.8391677
25362,1437154997731,-6.602011,7.0383544,-0.8571242
25363,1437154997742,-6.606201,6.9449806,-0.8098387
25364,1437154997764,-6.739678,6.89171,-0.76075757
25365,1437154997785,-6.7839704,6.8264675,-0.7248446
25366,1437154997807,-6.8851256,6.7989345,-0.7170634
25367,1437154997824,-6.986879,6.8444242,-0.7068881
25368,1437154997842,-7.0365586,6.8988924,-0.7422025
25369,1437154997863,-7.0036387,6.947375,-0.74998367
25370,1437154997883,-6.9599442,6.9407907,-0.7811083
25371,1437154997902,-6.8761473,6.915652,-0.76195467
25372,1437154997922,-6.84203,6.915652,-0.74519527
25373,1437154997977,-6.8127007,6.8851256,-0.75716627
25374,1437154997978,-6.854001,6.854001,-0.7517793
25375,1437154997983,-6.8342485,6.8079123,-0.76075757
25376,1437154998003,-6.870162,6.7229185,-0.75596917
25377,1437154998027,-7.0245876,6.725911,-0.7182605
25378,1437154998043,-7.2071457,6.7384806,-0.6997054
25379,1437154998077,-7.2167225,6.7588315,-0.6386533
25380,1437154998083,-7.2029557,6.803124,-0.62728083
25381,1437154998103,-7.192182,6.8438253,-0.66498953
25382,1437154998124,-7.141305,6.854001,-0.64703304
25383,1437154998144,-7.0108213,6.779781,-0.6428431
25384,1437154998166,-6.9108634,6.729502,-0.62009823
25385,1437154998186,-6.981492,6.7426705,-0.61890113
25386,1437154998206,-7.0395517,6.700772,-0.59136784
25387,1437154998223,-6.9066734,6.569091,-0.54887074
25388,1437154998243,-6.940192,6.5601125,-0.58657944
25389,1437154998266,-6.9210386,6.4577603,-0.5781997
25390,1437154998283,-7.0012445,6.4445925,-0.5566519
25391,1437154998304,-7.047931,6.4487824,-0.5823896
25392,1437154998323,-7.147889,6.5122285,-0.599149
25393,1437154998344,-7.3166804,6.6726403,-0.65301853
25394,1437154998362,-7.3220673,6.770204,-0.7128736
25395,1437154998386,-7.131728,6.794146,-0.7188591
25396,1437154998406,-6.9479733,6.8210807,-0.78410107
25397,1437154998424,-6.884527,6.9366007,-0.8206126
25398,1437154998443,-6.882133,7.04015,-0.87927055
25399,1437154998466,-6.8246717,7.088034,-0.91697925
25400,1437154998486,-6.8318543,7.1233487,-0.9115923
25401,1437154998506,-6.809708,7.109582,-0.91817635
25402,1437154998522,-6.6846113,7.026982,-0.88645315
25403,1437154998544,-6.621165,6.9701195,-0.88166475
25404,1437154998565,-6.695385,6.991069,-0.8912416
25405,1437154998584,-6.6732388,6.979098,-0.8822633
25406,1437154998603,-6.6522894,6.9623384,-0.9127894
25407,1437154998630,-6.591836,7.0329676,-0.9235633
25408,1437154998690,-6.637924,7.0952168,-0.9864111
25409,1437154998691,-6.509236,7.1155677,-0.9391256
25410,1437154998692,-6.4709287,7.247847,-0.9768343
25411,1437154998712,-6.479907,7.3633676,-1.0139444
25412,1437154998723,-6.545149,7.4345946,-0.9768343
25413,1437154998765,-6.403891,7.414244,-1.0151415
25414,1437154998766,-6.39192,7.3992805,-0.9175778
25415,1437154998783,-6.4457893,7.3466077,-0.8810662
25416,1437154998805,-6.4146647,7.277775,-0.80924016
25417,1437154998874,-6.3901243,7.16824,-0.7338228
25418,1437154998903,-6.549339,7.100005,-0.664391
25419,1437154998904,-6.582259,6.993463,-0.6087258
25420,1437154998905,-6.7121444,6.931214,-0.49559975
25421,1437154998906,-6.7803793,6.869563,-0.5482722
25422,1437154998940,-6.9066734,6.8348475,-0.48602295
25423,1437154998943,-7.1287355,6.994062,-0.54049104
25424,1437154998964,-6.980295,7.047333,-0.6476316
25425,1437154998983,-6.736685,7.095815,-0.6218939
25426,1437154999003,-6.7492547,7.2065473,-0.6428431
25427,1437154999025,-6.661866,7.228095,-0.57281274
25428,1437154999044,-6.551733,7.2460513,-0.54527944
25429,1437154999064,-6.5385647,7.237672,-0.49679685
25430,1437154999087,-6.643311,7.234679,-0.45010993
25431,1437154999107,-6.7510505,7.32925,-0.46028528
25432,1437154999123,-6.5349736,7.2969284,-0.57640404
25433,1437154999143,-6.2728086,7.2849574,-0.52492875
25434,1437154999164,-6.4266357,7.282563,-0.516549
25435,1437154999184,-6.5361705,7.2753806,-0.39923313
25436,1437154999207,-6.6247563,7.203554,-0.29149407
25437,1437154999225,-6.6744356,7.201759,-0.18076223
25438,1437154999246,-6.853402,7.2364745,-0.108337626
25439,1437154999264,-6.669647,7.129334,-0.04309563
25440,1437154999286,-6.4421983,6.9168487,0.14544775
25441,1437154999306,-6.38773,6.8863225,0.2873042
25442,1437154999325,-6.63553,6.935404,0.40701428
25443,1437154999347,-6.8563952,7.0754647,0.35194764
25444,1437154999366,-6.865972,7.1688385,0.24181437
25445,1437154999386,-6.6067996,7.221511,0.11312603
25446,1437154999407,-6.385336,7.289147,-0.005985504
25447,1437154999426,-6.338649,7.367557,-0.05865794
25448,1437154999455,-6.38773,7.3789296,-0.04129998
25449,1437154999472,-6.4721255,7.293337,0.017357962
25450,1437154999491,-6.4817023,7.0832458,0.20410569
25451,1437154999503,-6.5008564,6.950966,0.38845924
25452,1437154999526,-6.71394,6.9743094,0.4818331
25453,1437154999548,-6.8408327,6.9383965,0.4758476
25454,1437154999565,-6.7265096,6.892308,0.52732295
25455,1437154999584,-6.773795,6.917447,0.4297592
25456,1437154999607,-6.7839704,6.941389,0.3465607
25457,1437154999628,-6.851008,6.9222355,0.32680854
25458,1437154999649,-6.885724,6.9383965,0.29269117
25459,1437154999664,-6.9611416,6.872556,0.25438392
25460,1437154999688,-6.95336,6.8132997,0.31364042
25461,1437154999706,-6.851008,6.7480574,0.3429694
25462,1437154999727,-6.7654157,6.76781,0.3429694
25463,1437154999748,-6.716933,6.8611836,0.38367084
25464,1437154999766,-6.8043213,6.9246297,0.374094
25465,1437154999788,-6.6684504,7.0221934,0.33758244
25466,1437154999806,-6.5247984,7.123947,0.33518824
25467,1437154999824,-6.395511,7.2741833,0.25139117
25468,1437154999848,-6.4864907,7.354389,0.22924481
25469,1437154999866,-6.655282,7.4232225,0.25558102
25470,1437154999888,-6.6283474,7.4190326,0.22625206
25471,1437154999906,-6.4936733,7.3723454,0.22325931
25472,1437154999926,-6.4709287,7.2927384,0.1436521
25473,1437154999948,-6.435614,7.1742253,0.15861586
25474,1437154999968,-6.3847375,7.120356,0.094570965
25475,1437154999988,-6.5206084,7.1089835,-0.038307227
25476,1437155000008,-6.577471,7.0144124,-0.0796072
25477,1437155000027,-6.63553,6.9437833,-0.11851298
25478,1437155000047,-6.649895,6.9132576,-0.18136078
25479,1437155000067,-6.651691,6.9467764,-0.23044191
25480,1437155000085,-6.6307416,7.0186024,-0.30825347
25481,1437155000165,-6.619968,7.074866,-0.320823
25482,1437155000166,-6.6882024,7.140108,-0.3657143
25483,1437155000167,-6.6708446,7.1580644,-0.439336
25484,1437155000168,-6.699575,7.177817,-0.46746787
25485,1437155000186,-6.703765,7.1909847,-0.55725044
25486,1437155000209,-6.647501,7.2113357,-0.64942724
25487,1437155000224,-6.6588736,7.2071457,-0.688333
25488,1437155000245,-6.7959414,7.2227077,-0.7637503
25489,1437155000277,-6.7253127,7.15567,-0.8074445
25490,1437155000286,-6.6480994,7.062895,-0.789488
25491,1437155000309,-6.6175733,7.0515227,-0.7715315
25492,1437155000326,-6.6600704,7.0706763,-0.75118077
25493,1437155000350,-6.7324953,7.101202,-0.7020996
25494,1437155000366,-6.701969,7.067683,-0.7212533
25495,1437155000388,-6.777985,7.0946183,-0.6799533
25496,1437155000408,-6.740875,7.1275387,-0.6931214
25497,1437155000429,-6.6385226,7.08564,-0.6835446
25498,1437155000448,-6.59423,7.0485296,-0.7038953
25499,1437155000468,-6.469133,7.043741,-0.7954735
25500,1437155000487,-6.519411,7.053917,-0.8595184
25501,1437155000508,-6.6283474,7.0383544,-0.88944596
25502,1437155000525,-6.6367273,6.976105,-0.8936358
25503,1437155000545,-6.63553,6.9611416,-0.9816227
25504,1437155000568,-6.6864066,6.996456,-1.0540473
25505,1437155000592,-6.7648168,7.0712748,-1.1378443
25506,1437155000648,-6.7306995,7.091027,-1.1605892
25507,1437155000649,-6.742072,7.1185603,-1.2419921
25508,1437155000650,-6.7360864,7.076063,-1.2401965
25509,1437155000665,-6.6630635,7.029376,-1.2539631
25510,1437155000685,-6.70556,7.102998,-1.2270284
25511,1437155000705,-6.9407907,7.156269,-1.1426327
25512,1437155000725,-6.8091097,6.9904704,-1.0372878
25513,1437155000745,-6.5816603,6.933608,-1.0013748
25514,1437155000765,-6.518214,7.001843,-1.0947487
25515,1437155000785,-6.567295,7.08145,-1.122282
25516,1437155000805,-6.673837,7.1287355,-1.1366472
25517,1437155000825,-6.725911,7.1233487,-1.1378443
25518,1437155000857,-6.7241154,7.071873,-1.1091139
25519,1437155000894,-6.5499372,6.9371996,-1.086369
25520,1437155000895,-6.5122285,6.869563,-1.1324574
25521,1437155000905,-6.783372,6.950966,-1.1641805
25522,1437155000925,-6.9407907,6.928221,-1.192911
25523,1437155000945,-6.9000893,6.8785415,-1.1941081
25524,1437155000965,-7.0700774,6.8719573,-1.1917139
25525,1437155000985,-7.03177,6.8348475,-1.2366052
25526,1437155001005,-6.980295,6.795343,-1.2090719
25527,1437155001025,-6.7983356,6.821679,-1.1336545
25528,1437155001046,-6.731298,6.8970966,-1.0959458
25529,1437155001065,-6.847417,6.9569516,-1.049259
25530,1437155001085,-6.8504095,6.927024,-1.0229226
25531,1437155001105,-6.7887588,6.9330096,-0.96546185
25532,1437155001125,-6.787562,7.00723,-1.0271125
25533,1437155001144,-6.724714,7.1592617,-1.0666169
25534,1437155001166,-6.603208,7.271789,-1.0941502
25535,1437155001187,-6.407482,7.4136457,-1.1438298
25536,1437155001207,-6.317101,7.60997,-1.252766
25537,1437155001229,-6.099229,7.7320743,-1.328782
25538,1437155001248,-6.0244102,7.757812,-1.2599486
25539,1437155001266,-5.9705405,7.728483,-1.2539631
25540,1437155001286,-5.993884,7.626131,-1.163582
25541,1437155001307,-6.0226145,7.52737,-1.0881647
25542,1437155001328,-6.117784,7.4244194,-1.0109516
25543,1437155001349,-6.284181,7.3627687,-0.9768343
25544,1437155001368,-6.3739634,7.3106947,-0.9588778
25545,1437155001385,-6.505645,7.3525934,-0.91578215
25546,1437155001405,-6.5523314,7.397485,-0.94690675
25547,1437155001427,-6.4781113,7.354389,-0.9235633
25548,1437155001448,-6.4032927,7.270592,-0.9139865
25549,1437155001469,-6.4032927,7.207744,-0.89184016
25550,1437155001486,-6.505046,7.1305313,-0.85173726
25551,1437155001509,-6.6480994,7.019799,-0.789488
25552,1437155001528,-6.727108,6.963536,-0.7577648
25553,1437155001547,-6.8599863,6.9288197,-0.7368156
25554,1437155001568,-6.9587474,6.9168487,-0.7577648
25555,1437155001584,-7.0461354,6.861782,-0.6919243
25556,1437155001605,-7.15986,6.8198833,-0.6362591
25557,1437155001624,-7.229292,6.7318964,-0.6398504
25558,1437155001646,-7.045537,6.6564794,-0.64703304
25559,1437155001667,-6.9348054,6.602011,-0.6985083
25560,1437155001686,-6.8545995,6.5218053,-0.7068881
25561,1437155001706,-6.89171,6.5457473,-0.61770403
25562,1437155001730,-7.023989,6.82946,-0.61112
25563,1437155001750,-6.877943,7.0904284,-0.6931214
25564,1437155001769,-6.3326635,7.2089415,-0.7320272
25565,1437155001786,-6.1219735,7.3753386,-0.7110779
25566,1437155001810,-6.1423244,7.6470804,-0.6733692
25567,1437155001830,-6.1584854,7.903858,-0.64703304
25568,1437155001849,-5.9346275,7.9996266,-0.6314707
25569,1437155001869,-5.613206,8.023568,-0.5554548
25570,1437155001888,-5.3683987,8.109161,-0.49919105
25571,1437155001909,-5.3288946,8.198345,-0.45789108
25572,1437155001927,-5.2863975,8.259995,-0.47884035
25573,1437155001948,-5.2289367,8.237849,-0.45310268
25574,1437155001969,-5.149329,8.169615,-0.44831428
25575,1437155001989,-5.0822916,8.223484,-0.5009867
25576,1437155002008,-5.239112,8.2354555,-0.60333884
25577,1437155002028,-5.3103395,8.179192,-0.6428431
25578,1437155002050,-5.455787,8.139688,-0.63087213
25579,1437155002071,-5.6138043,8.065467,-0.6985083
25580,1437155002091,-5.6658783,7.941567,-0.7206547
25581,1437155002109,-5.6790466,7.865551,-0.7188591
25582,1437155002129,-5.985504,7.7494326,-0.75357497
25583,1437155002148,-6.2327056,7.529764,-0.6991069
25584,1437155002169,-6.299743,7.302315,-0.55246204
25585,1437155002189,-6.4062853,7.171831,-0.48961425
25586,1437155002263,-6.6654577,7.029975,-0.4417302
25587,1437155002276,-6.8492126,6.8785415,-0.3890578
25588,1437155002277,-6.8049197,6.7749925,-0.4297592
25589,1437155002278,-6.7253127,6.667852,-0.43993455
25590,1437155002289,-6.889914,6.5625067,-0.43394905
25591,1437155002309,-7.16824,6.4224463,-0.41718966
25592,1437155002327,-7.3609734,6.2626333,-0.37110126
25593,1437155002347,-7.451354,6.208165,-0.3298013
25594,1437155002367,-7.7248917,6.1117983,-0.28431144
25595,1437155002401,-7.827842,5.961562,-0.20290859
25596,1437155002408,-7.8236527,5.819107,-0.15981296
25597,1437155002428,-7.984064,5.783793,-0.075417355
25598,1437155002448,-8.116942,5.7454853,-0.02813187
25599,1437155002467,-7.993641,5.587468,0.07182605
25600,1437155002490,-7.8452005,5.544971,0.18555063
25601,1437155002509,-7.864354,5.4593782,0.25198972
25602,1437155002530,-7.911041,5.3713913,0.30945057
25603,1437155002547,-7.9756846,5.3019595,0.33518824
25604,1437155002570,-8.076839,5.2169657,0.38367084
25605,1437155002587,-8.277354,5.2223525,0.36391866
25606,1437155002614,-8.39048,5.1882353,0.22505496
25607,1437155002629,-8.399458,5.221155,0.19991584
25608,1437155002650,-8.4664955,5.1601033,0.17238252
25609,1437155002668,-8.279149,5.0643353,0.16460137
25610,1437155002689,-8.327033,5.024831,0.23223756
25611,1437155002708,-8.397662,4.976947,0.23822308
25612,1437155002727,-8.313866,4.9482164,0.23942018
25613,1437155002747,-8.272566,4.7949877,0.2789245
25614,1437155002768,-8.23366,4.817134,0.30166942
25615,1437155002792,-8.459313,4.875193,0.23582886
25616,1437155002812,-8.503007,4.7925935,0.20829555
25617,1437155002833,-8.397662,4.7279496,0.2208651
25618,1437155002850,-8.483255,4.697424,0.23523031
25619,1437155002868,-8.626907,4.7022123,0.20530279
25620,1437155002887,-8.68796,4.626795,0.16280572
25621,1437155002909,-8.710705,4.5801077,0.17717093
25622,1437155002930,-8.664616,4.5483847,0.18555063
25623,1437155003020,-8.68796,4.571728,0.22625206
25624,1437155003021,-8.747216,4.581305,0.17597382
25625,1437155003022,-8.689755,4.634576,0.18016368
25626,1437155003023,-8.734048,4.748899,0.093373865
25627,1437155003031,-8.685565,4.8733974,0.01436521
25628,1437155003050,-8.456321,4.8656163,-0.077213004
25629,1437155003072,-8.250419,4.853047,-0.0700304
25630,1437155003087,-8.259995,4.905121,-0.10354923
25631,1437155003115,-8.437765,4.9536033,-0.045489833
25632,1437155003130,-8.571242,4.969166,0.0047884034
25633,1437155003150,-8.732252,4.9637785,0.08499416
25634,1437155003170,-8.8567505,4.981137,0.1592144
25635,1437155003189,-8.783728,4.9458222,0.16639702
25636,1437155003211,-8.488642,4.7746367,0.2148796
25637,1437155003230,-8.193557,4.658518,0.23523031
25638,1437155003251,-8.22947,4.687248,0.22565351
25639,1437155003271,-8.181585,4.709395,0.19692309
25640,1437155003290,-8.210915,4.734534,0.1592144
25641,1437155003311,-8.207323,4.711789,0.12210429
25642,1437155003330,-8.237251,4.7788267,0.051475335
25643,1437155003350,-8.419808,4.7949877,-0.010773907
25644,1437155003371,-8.48146,4.783615,-0.0035913025
25645,1437155003390,-8.567052,4.759074,0.036511578
25646,1437155003410,-8.622718,4.7788267,0.026934769
25647,1437155003431,-8.476072,4.691438,0.053869538
25648,1437155003450,-8.385093,4.6980224,0.009576807
25649,1437155003469,-8.47727,4.766257,0.0047884034
25650,1437155003489,-8.6095495,4.8027687,0.046088383
25651,1437155003511,-8.613141,4.779425,0.079008654
25652,1437155003532,-8.561067,4.753089,0.094570965
25653,1437155003551,-8.526351,4.734534,0.08379706
25654,1437155003575,-8.496424,4.687847,0.18495208
25655,1437155003590,-8.458116,4.674679,0.2621651
25656,1437155003616,-8.471883,4.7141833,0.23762453
25657,1437155003631,-8.196549,4.593276,0.27353755
25658,1437155003651,-8.300098,4.7177744,0.3441665
25659,1437155003677,-8.670003,4.8141413,0.3705027
25660,1437155003735,-8.743625,4.8698063,0.45190558
25661,1437155003736,-8.678981,4.7560816,0.56982
25662,1437155003737,-8.5700445,4.701015,0.65301853
25663,1437155003752,-8.244433,4.642357,0.760159
25664,1437155003768,-8.892664,4.8560395,0.90500826
25665,1437155003788,-8.744224,4.7399206,0.9103952
25666,1437155003809,-7.7703815,4.72376,0.9331401
25667,1437155003833,-7.9954367,4.8883615,0.87208796
25668,1437155003849,-8.139089,5.197812,0.8415619
25669,1437155003868,-7.7769656,5.3037553,0.81881696
25670,1437155003892,-7.657854,5.4462104,0.8062474
25671,1437155003911,-8.071452,5.704784,0.7745243
25672,1437155003929,-7.8691425,5.7454853,0.75118077
25673,1437155003948,-7.3352356,5.66947,0.56323594
25674,1437155003979,-7.4405804,5.872977,0.45429978
25675,1437155003999,-7.7039423,6.177639,0.24001873
25676,1437155004012,-7.5148005,6.265626,0.08619126
25677,1437155004029,-7.4812818,6.2925606,0.14544775
25678,1437155004051,-7.4351935,6.409278,-0.038307227
25679,1437155004071,-7.3088994,6.4523735,-0.019752163
25680,1437155004091,-7.5267715,6.4421983,0.15263036
25681,1437155004109,-7.515998,6.289568,0.14604631
25682,1437155004133,-7.4387846,6.1285577,0.27593175
25683,1437155004150,-7.647679,5.943007,0.6853402
25684,1437155004171,-7.730279,5.9543796,0.9163807
25685,1437155004188,-7.925406,5.9483943,0.8218097
25686,1437155004209,-7.675212,5.8693852,0.973243
25687,1437155004229,-7.678205,5.7323174,0.8810662
25688,1437155004249,-7.1951747,5.919065,0.87807345
25689,1437155004274,-7.358579,5.899313,0.6560113
25690,1437155004294,-7.5686703,6.035184,0.7422025
25691,1437155004312,-7.5016327,6.041768,0.59495914
25692,1437155004329,-7.541735,6.1010246,0.55964464
25693,1437155004349,-7.563882,5.9902925,0.60812724
25694,1437155004369,-7.5483193,6.0387754,0.5770026
25695,1437155004391,-7.5932107,6.0956373,0.53450555
25696,1437155004409,-7.789535,6.1100025,0.5129577
25697,1437155004496,-7.3938932,6.139332,0.44232875
25698,1437155004497,-7.247847,6.215348,0.4297592
25699,1437155004498,-7.5429325,6.2392898,0.4997896
25700,1437155004499,-7.6051817,6.4044895,0.5081693
25701,1437155004515,-7.493851,6.3949127,0.4429273
25702,1437155004532,-7.0808516,6.2674217,0.45250413
25703,1437155004558,-7.185598,6.1955953,0.50158525
25704,1437155004569,-7.3328414,6.3284736,0.5470751
25705,1437155004657,-7.4429746,6.4338183,0.48362875
25706,1437155004658,-7.2382703,6.457162,0.4429273
25707,1437155004659,-7.16405,6.319495,0.5674258
25708,1437155004660,-7.15986,6.337452,0.4878186
25709,1437155004702,-7.281366,6.3422403,0.4830302
25710,1437155004703,-7.349601,6.365584,0.5177461
25711,1437155004709,-7.465719,6.363788,0.4961983
25712,1437155004730,-7.463325,6.2889695,0.5943606
25713,1437155004749,-7.402273,6.306926,0.5386954
25714,1437155004886,-7.3950906,6.2608376,0.6003461
25715,1437155004887,-7.465719,6.2542534,0.65541273
25716,1437155004888,-7.4226236,6.161478,0.7278373
25717,1437155004889,-7.429208,6.1740475,0.8242039
25718,1437155004890,-7.4968443,6.1728506,0.7697359
25719,1437155004891,-7.5028296,6.1716533,0.78410107
25720,1437155004892,-7.3687544,6.084265,0.74399817
25721,1437155004940,-7.3789296,6.117784,0.7308301
25722,1437155004941,-7.4345946,6.135142,0.74399817
25723,1437155004951,-7.5016327,6.125565,0.6697779
25724,1437155004970,-7.5602903,6.184223,0.6452374
25725,1437155004992,-7.4375877,6.192004,0.6548142
25726,1437155005010,-7.2993226,6.2889695,0.6123171
25727,1437155005030,-7.2107368,6.3362546,0.5895722
25728,1437155005049,-7.1939774,6.367978,0.50637364
25729,1437155005071,-7.1670427,6.491279,0.4201824
25730,1437155005092,-7.207744,6.645107,0.31783026
25731,1437155005111,-7.1748238,6.715736,0.2705448
25732,1437155005130,-7.0964136,6.7905545,0.2657564
25733,1437155005149,-7.074866,6.903681,0.1448492
25734,1437155005171,-7.049727,6.9078703,0.19033903
25735,1437155005199,-6.8947024,6.9048777,0.219668
25736,1437155005213,-6.875549,6.871359,0.22146365
25737,1437155005230,-6.8426285,6.839037,0.23882163
25738,1437155005249,-6.8025255,6.7570357,0.23702596
25739,1437155005269,-6.827665,6.737882,0.21787235
25740,1437155005290,-6.904279,6.703765,0.17896658
25741,1437155005311,-7.0209966,6.679823,0.20829555
25742,1437155005329,-7.1167645,6.6840124,0.18794483
25743,1437155005350,-7.253833,6.729502,0.20350714
25744,1437155005373,-7.231686,6.704962,0.23822308
25745,1437155005393,-7.141904,6.6361284,0.28311434
25746,1437155005410,-7.08564,6.6271505,0.30945057
25747,1437155005430,-7.0964136,6.587646,0.3537433
25748,1437155005453,-7.055712,6.567894,0.3854665
25749,1437155005473,-7.1472907,6.591836,0.3705027
25750,1437155005493,-7.211934,6.5816603,0.40043023
25751,1437155005513,-7.189788,6.5804634,0.39923313
25752,1437155005533,-7.1006036,6.5379663,0.38606504
25753,1437155005553,-7.0850415,6.6295447,0.34117374
25754,1437155005570,-7.079056,6.688801,0.28311434
25755,1437155005593,-7.0844426,6.724714,0.29029694
25756,1437155005614,-7.053917,6.6864066,0.25019407
25757,1437155005634,-7.041347,6.655282,0.32441434
25758,1437155005654,-7.041347,6.615179,0.3573346
25759,1437155005671,-7.0395517,6.5966244,0.3585317
25760,1437155005699,-7.0784574,6.5816603,0.34476504
25761,1437155005710,-7.1873937,6.622362,0.30107087
25762,1437155005731,-7.192182,6.606201,0.29688102
25763,1437155005755,-7.125743,6.5708866,0.29927522
25764,1437155005776,-7.079654,6.529587,0.30885202
25765,1437155005796,-7.076063,6.5122285,0.35314476
25766,1437155005811,-7.1724296,6.539762,0.32920274
25767,1437155005830,-7.21373,6.5337763,0.34356794
25768,1437155005914,-7.165247,6.528988,0.33638534
25769,1437155005915,-7.143699,6.5283895,0.272939
25770,1437155005916,-7.1466923,6.543952,0.24241292
25771,1437155005917,-7.1604586,6.5577183,0.2172738
25772,1437155005931,-7.2179193,6.583456,0.17956513
25773,1437155005955,-7.1754227,6.5696893,0.17118542
25774,1437155005970,-7.1861963,6.603208,0.16280572
25775,1437155005990,-7.1873937,6.655282,0.14185645
25776,1437155006024,-7.143699,6.6786256,0.12629414
25777,1437155006031,-7.067085,6.7043633,0.1316811
25778,1437155006051,-7.1347213,6.7318964,0.14544775
25779,1437155006073,-7.073669,6.7067575,0.15143326
25780,1437155006094,-7.0209966,6.6870055,0.20590134
25781,1437155006113,-7.004237,6.6774287,0.22804771
25782,1437155006134,-7.00304,6.715137,0.22744916
25783,1437155006153,-7.0826473,6.7342906,0.22146365
25784,1437155006173,-6.96174,6.700772,0.19692309
25785,1437155006194,-6.8887167,6.7211227,0.1933318
25786,1437155006213,-6.7965403,6.7725983,0.17657238
25787,1437155006234,-6.740875,6.8121023,0.20231004
25788,1437155006254,-6.691794,6.821679,0.19033903
25789,1437155006273,-6.8929067,6.82946,0.17537527
25790,1437155006292,-6.992266,6.7845693,0.23762453
25791,1437155006313,-7.1107793,6.7624226,0.18375498
25792,1437155006332,-7.141305,6.7923503,0.19931729
25793,1437155006353,-7.2448545,6.7761893,0.16220717
25794,1437155006373,-7.1466923,6.746262,0.12569559
25795,1437155006392,-7.064092,6.727707,0.078410104
25796,1437155006414,-7.0275807,6.7486563,0.032920275
25797,1437155006433,-6.943185,6.7588315,-0.002992752
25798,1437155006454,-6.9892735,6.739079,-0.012569559
25799,1437155006474,-7.0515227,6.7229185,0.03232172
25800,1437155006495,-7.074866,6.682217,0.12749124
25801,1437155006512,-7.181408,6.6522894,0.16400282
25802,1437155006533,-7.1395097,6.6187706,0.2124854
25803,1437155006551,-7.1263413,6.6534867,0.2172738
25804,1437155006571,-7.03177,6.666056,0.16400282
25805,1437155006639,-6.940192,6.6642604,0.13587095
25806,1437155006648,-7.0862384,6.6852098,0.065242
25807,1437155006650,-7.1155677,6.667253,0.06584055
25808,1437155006651,-7.1885905,6.615778,0.12150574
25809,1437155006671,-7.089231,6.5511346,0.15981296
25810,1437155006692,-7.088034,6.56131,0.1376666
25811,1437155006711,-7.12694,6.613384,0.090979666
25812,1437155006731,-7.12694,6.618172,0.035314474
25813,1437155006757,-7.062895,6.6247563,-0.03172317
25814,1437155006771,-7.125743,6.63553,-0.076614454
25815,1437155006793,-7.1808095,6.628946,-0.0688333
25816,1437155006814,-7.1748238,6.5936313,-0.034715924
25817,1437155006832,-7.2526355,6.628946,-0.05925649
25818,1437155006854,-7.3088994,6.6349316,-0.027533319
25819,1437155006874,-7.2107368,6.603208,0.013766659
25820,1437155006894,-7.1047935,6.6349316,-0.017357962
25821,1437155006914,-7.140108,6.6163764,0.013766659
25822,1437155006933,-7.129334,6.581062,0.065242
25823,1437155006954,-7.1329255,6.547543,0.06344634
25824,1437155006974,-7.1125746,6.542156,0.10474633
25825,1437155006994,-7.104195,6.5385647,0.06823475
25826,1437155007015,-7.173627,6.571485,0.018555064
25827,1437155007035,-7.1185603,6.5906386,-0.01616086
25828,1437155007055,-7.097611,6.593033,-0.0664391
25829,1437155007075,-7.1185603,6.575675,-0.095169514
25830,1437155007094,-7.1700354,6.567295,-0.090381116
25831,1437155007116,-7.247847,6.55712,-0.059855044
25832,1437155007132,-7.201759,6.5002575,-0.034715924
25833,1437155007154,-7.1670427,6.517616,-0.018555064
25834,1437155007174,-7.355586,6.558317,-0.05327099
25835,1437155007195,-7.3208704,6.577471,-0.04129998
25836,1437155007215,-7.297527,6.56131,-0.04249708
25837,1437155007232,-7.138911,6.5283895,0.011372458
25838,1437155007252,-7.116166,6.5738792,-0.0035913025
25839,1437155007273,-7.132327,6.63553,-0.046088383
25840,1437155007292,-7.1233487,6.6415157,-0.074818805
25841,1437155007369,-7.1113777,6.5816603,-0.048482586
25842,1437155007381,-7.071873,6.6175733,-0.074818805
25843,1437155007382,-7.1568675,6.63134,-0.05805939
25844,1437155007383,-7.04434,6.6229606,-0.0700304
25845,1437155007393,-7.0593038,6.657676,-0.1364695
25846,1437155007412,-7.1347213,6.6510925,-0.14544775
25847,1437155007432,-7.117962,6.640917,-0.11851298
25848,1437155007452,-7.179612,6.6588736,-0.15382746
25849,1437155007472,-7.2071457,6.6492968,-0.1592144
25850,1437155007493,-7.1820064,6.628946,-0.1364695
25851,1437155007513,-7.1867948,6.642114,-0.15741876
25852,1437155007533,-7.0581064,6.631939,-0.19033903
25853,1437155007554,-7.0664864,6.630143,-0.18914193
25854,1437155007573,-7.1227503,6.67683,-0.22565351
25855,1437155007595,-7.132327,6.6971807,-0.22625206
25856,1437155007615,-7.092224,6.7001734,-0.21428105
25857,1437155007635,-7.0742674,6.743868,-0.22385786
25858,1437155007654,-7.0850415,6.7510505,-0.23403321
25859,1437155007675,-7.0491285,6.7570357,-0.18974048
25860,1437155007695,-7.041946,6.739678,-0.16998832
25861,1437155007712,-6.993463,6.7426705,-0.14724341
25862,1437155007735,-7.029376,6.733692,-0.12509704
25863,1437155007754,-7.03177,6.71394,-0.13587095
25864,1437155007774,-7.0012445,6.657078,-0.050876785
25865,1437155007795,-6.8869214,6.570288,0.05686229
25866,1437155007815,-6.9132576,6.5655,0.10354923
25867,1437155007837,-7.068282,6.7223196,0.077811554
25868,1437155007853,-6.96593,6.8043213,0.021547815
25869,1437155007875,-6.6720414,6.699575,-0.0724246
25870,1437155007895,-6.585252,6.8121023,-0.13467385
25871,1437155007915,-6.739079,6.9342065,-0.3609259
25872,1437155007935,-6.6187706,6.952163,-0.51235914
25873,1437155007953,-6.6307416,7.0449386,-0.5781997
25874,1437155007976,-6.859388,7.133524,-0.75956047
25875,1437155007992,-6.8402343,7.123947,-0.7230489
25876,1437155008013,-6.855198,7.0946183,-0.75956047
25877,1437155008034,-6.5870476,7.0102224,-0.8086416
25878,1437155008103,-6.6247563,7.0365586,-0.7745243
25879,1437155008107,-6.8881183,7.102998,-0.85293436
25880,1437155008108,-6.8246717,7.0700774,-0.9068039
25881,1437155008122,-6.891111,7.0395517,-0.89902276
25882,1437155008132,-6.8863225,6.9288197,-0.9648633
25883,1437155008161,-6.9348054,6.859388,-0.9528923
25884,1437155008174,-6.9982514,6.736685,-0.9888053
25885,1437155008192,-7.0886326,6.703166,-1.0289081
25886,1437155008212,-7.3190746,6.7947445,-1.0779893
25887,1437155008233,-7.0305734,6.667253,-1.168969
25888,1437155008252,-7.1586633,6.766014,-1.1755531
25889,1437155008273,-7.1472907,6.7869635,-1.2856863
25890,1437155008296,-7.1065893,6.8240733,-1.2078748
25891,1437155008313,-7.1544733,6.8210807,-1.1893197
25892,1437155008334,-7.074866,6.8228765,-1.1133038
25893,1437155008354,-7.0461354,6.7624226,-1.0061632
25894,1437155008373,-6.67683,6.6546836,-0.98102415
25895,1437155008396,-6.611588,6.659472,-0.9139865
25896,1437155008416,-6.91625,6.7719994,-0.8858546
25897,1437155008436,-7.116166,6.92044,-0.8822633
25898,1437155008454,-6.96593,6.859388,-0.89543146
25899,1437155008474,-6.8785415,6.7989345,-0.825401
25900,1437155008494,-7.020398,6.884527,-0.87089086
25901,1437155008513,-6.9904704,6.8504095,-0.8206126
25902,1437155008536,-6.84203,6.893505,-0.801459
25903,1437155008556,-6.7187285,6.9102645,-0.7954735
25904,1437155008573,-6.9503675,7.0904284,-0.78050977
25905,1437155008594,-6.7085533,7.0467343,-0.8086416
25906,1437155008616,-6.6947865,6.9838862,-0.7278373
25907,1437155008636,-6.6732388,6.915053,-0.676362
25908,1437155008658,-6.791153,6.8839283,-0.6428431
25909,1437155008674,-6.7959414,6.861782,-0.6374562
25910,1437155008696,-6.8970966,6.895301,-0.6512229
25911,1437155008714,-6.917447,6.907272,-0.6889315
25912,1437155008735,-6.8444242,6.9611416,-0.7685388
25913,1437155008755,-6.831256,6.95755,-0.8002619
25914,1437155008823,-6.8384385,6.9581485,-0.88166475
25915,1437155008824,-6.7887588,6.9623384,-0.87927055
25916,1437155008825,-6.6959834,6.996456,-0.93732995
25917,1437155008847,-6.7342906,7.0700774,-0.9391256
25918,1437155008853,-6.607398,7.0245876,-1.0223241
25919,1437155008873,-6.513426,7.008427,-1.0067618
25920,1437155008893,-6.6247563,7.07726,-1.0636241
25921,1437155008913,-6.7468605,7.1610575,-1.1079168
25922,1437155008942,-6.7306995,7.185598,-0.9911995
25923,1437155008969,-6.6469026,7.20535,-0.97982705
25924,1437155008972,-6.6486983,7.2203135,-0.94570965
25925,1437155009013,-6.607398,7.1820064,-0.8846575
25926,1437155009014,-6.2781954,7.105392,-0.86969376
25927,1437155009040,-6.0447607,7.16824,-0.8888474
25928,1437155009054,-6.4840965,7.265205,-0.8984242
25929,1437155009078,-6.8767457,7.4507556,-0.9744401
25930,1437155009093,-6.6864066,7.4884644,-1.0845734
25931,1437155009116,-6.331466,7.240066,-1.0223241
25932,1437155009136,-6.0519433,7.031172,-0.9271546
25933,1437155009154,-6.06152,7.08145,-1.079785
25934,1437155009177,-6.664859,7.3525934,-1.0690111
25935,1437155009193,-6.87914,7.1125746,-1.1073183
25936,1437155009214,-6.413468,7.0826473,-1.0456676
25937,1437155009237,-6.603807,7.1131735,-1.1318588
25938,1437155009254,-6.4781113,7.2634096,-1.168969
25939,1437155009282,-6.642114,7.454347,-1.2156559
25940,1437155009321,-6.39611,7.4723034,-1.3545196
25941,1437155009322,-6.0489507,7.430405,-1.2384008
25942,1437155009333,-6.3182983,7.4351935,-1.2605472
25943,1437155009354,-6.2243257,7.430405,-1.1803415
25944,1437155009376,-6.257845,7.3627687,-1.1162965
25945,1437155009395,-6.1770406,7.423821,-1.1162965
25946,1437155009414,-6.2219315,7.477092,-1.1067197
25947,1437155009436,-6.2434793,7.5549035,-1.1336545
25948,1437155009456,-6.2362967,7.5387425,-1.0869676
25949,1437155009476,-6.1938,7.5572977,-1.0708067
25950,1437155009496,-6.223129,7.441179,-0.9696517
25951,1437155009517,-6.1770406,7.422025,-1.0187328
25952,1437155009536,-6.217143,7.435792,-0.95109665
25953,1437155009556,-6.3404446,7.441179,-0.93014735
25954,1437155009578,-6.3584013,7.3765354,-0.87927055
25955,1437155009655,-6.3907228,7.392098,-0.8499416
25956,1437155009656,-6.341043,7.4028716,-0.85054016
25957,1437155009657,-6.175245,7.386112,-0.8655039
25958,1437155009658,-6.171055,7.404069,-0.85772276
25959,1437155009676,-6.2434793,7.3992805,-0.90500826
25960,1437155009700,-6.2740054,7.3088994,-0.85652566
25961,1437155009714,-6.1979895,7.245453,-0.88645315
25962,1437155009743,-6.3769565,7.2484455,-0.85293436
25963,1437155009754,-6.6271505,7.2502413,-0.8511387
25964,1437155009776,-6.5726824,7.1861963,-0.789488
25965,1437155009803,-6.5086374,7.203554,-0.8295909
25966,1437155009815,-6.4817023,7.3388267,-0.8858546
25967,1437155009840,-6.443994,7.4046674,-0.9068039
25968,1437155009858,-6.3284736,7.4327993,-0.94810385
25969,1437155009888,-6.343437,7.404069,-0.9139865
25970,1437155009894,-6.3111157,7.398083,-0.9636662
25971,1437155009914,-6.269816,7.350199,-0.95588505
25972,1437155009934,-6.2554507,7.327454,-0.985214
25973,1437155009954,-6.421249,7.371747,-1.0187328
25974,1437155009978,-6.4523735,7.319673,-1.0354922
25975,1437155009997,-6.473323,7.327454,-1.0594343
25976,1437155010016,-6.4631476,7.3047094,-1.0785879
25977,1437155010041,-6.4122705,7.3609734,-1.06123
25978,1437155010058,-6.4104753,7.3609734,-1.0642227
25979,1437155010076,-6.385336,7.356185,-1.0229226
25980,1437155010100,-6.395511,7.367557,-0.997185
25981,1437155010119,-6.379949,7.386112,-0.9995792
25982,1437155010136,-6.338649,7.3950906,-0.99179804
25983,1437155010155,-6.135142,7.349601,-1.0456676
25984,1437155010174,-6.1608796,7.3286514,-0.9888053
25985,1437155010194,-6.3182983,7.3765354,-1.003769
25986,1437155010214,-6.333262,7.3208704,-1.0259154
25987,1437155010240,-6.3643866,7.355586,-1.043872
25988,1437155010256,-6.4697313,7.397485,-1.1252748
25989,1437155010275,-6.501455,7.4028716,-1.0881647
25990,1437155010352,-6.429629,7.395689,-1.1558008
25991,1437155010353,-6.435614,7.3268557,-1.1336545
25992,1437155010354,-6.4248405,7.317279,-1.0887632
25993,1437155010355,-6.4457893,7.2484455,-1.0366893
25994,1437155010386,-6.38354,7.2101383,-0.9864111
25995,1437155010403,-6.2512608,7.2753806,-0.97144735
25996,1437155010414,-6.1806316,7.4070616,-0.9744401
25997,1437155010435,-6.1770406,7.4968443,-0.97982705
25998,1437155010456,-6.136339,7.579444,-0.9935937
25999,1437155010474,-6.0824695,7.6249337,-1.0001777
26000,1437155010495,-6.1644707,7.632715,-1.003769
26001,1437155010515,-6.191406,7.5602903,-0.97743285
26002,1437155010535,-6.311714,7.466318,-0.97384155
26003,1437155010557,-6.417059,7.3807254,-0.9708488
26004,1437155010578,-6.4751186,7.253833,-0.9792285
26005,1437155010610,-6.59004,7.1371155,-0.961272
26006,1437155010639,-6.6654577,7.083844,-0.9504981
26007,1437155010640,-6.733692,6.9862804,-0.9235633
26008,1437155010655,-6.701969,6.9024835,-0.87208796
26009,1437155010675,-6.6504936,6.932411,-0.8726865
26010,1437155010695,-6.655282,7.0383544,-0.90021986
26011,1437155010715,-6.4487824,7.2023573,-0.89662856
26012,1437155010735,-6.1967926,7.4166384,-0.9840169
26013,1437155010754,-5.8909335,7.7009497,-1.0953473
26014,1437155010774,-5.8705826,7.860164,-1.1504139
26015,1437155010794,-5.910087,7.864354,-1.1378443
26016,1437155010814,-6.0567317,7.8493905,-1.1288661
26017,1437155010834,-6.18961,7.7171106,-1.1115081
26018,1437155010858,-6.2608376,7.5243773,-0.9792285
26019,1437155010891,-6.401497,7.351995,-1.0067618
26020,1437155010894,-6.464943,7.2352777,-0.97384155
26021,1437155010914,-6.539762,7.119757,-0.9648633
26022,1437155010934,-6.510433,6.9886746,-0.96187055
26023,1437155010954,-6.4362125,6.9731126,-0.93373865
26024,1437155010982,-6.487688,7.0329676,-0.9427169
26025,1437155010999,-6.443395,7.1634517,-0.94451255
26026,1437155011014,-6.3392477,7.2939353,-0.9648633
26027,1437155011034,-6.2746043,7.381324,-1.0247183
26028,1437155011054,-6.3177,7.419631,-1.0103531
26029,1437155011074,-6.399701,7.44896,-1.0145429
26030,1437155011094,-6.407482,7.4387846,-1.033098
26031,1437155011114,-6.4404025,7.3831196,-1.0163386
26032,1437155011134,-6.353014,7.313089,-1.0570401
26033,1437155011154,-6.3482256,7.2909427,-1.0690111
26034,1437155011174,-6.4260373,7.294534,-1.049259
26035,1437155011194,-6.455366,7.328053,-1.0875661
26036,1437155011214,-6.4380083,7.2987237,-1.0534488
26037,1437155011235,-6.384139,7.289147,-1.0133458
26038,1437155011254,-6.359598,7.291541,-1.0755951
26039,1437155011279,-6.39192,7.3148847,-1.0348936
26040,1437155011299,-6.357204,7.275979,-1.1192893
26041,1437155011319,-6.3380504,7.313089,-1.1390414
26042,1437155011336,-6.39192,7.3059063,-1.1923125
26043,1437155011358,-6.5499372,7.33763,-1.2096704
26044,1437155011379,-6.467337,7.2592196,-1.216853
26045,1437155011395,-6.4882865,7.2472486,-1.2210429
26046,1437155011419,-6.5547256,7.280169,-1.2629414
26047,1437155011438,-6.5924344,7.2628107,-1.2150574
26048,1437155011458,-6.612785,7.2831616,-1.2006922
26049,1437155011479,-6.564901,7.2849574,-1.1623849
26050,1437155011499,-6.546346,7.290344,-1.1079168
26051,1437155011519,-6.459556,7.301717,-1.1121067
26052,1437155011539,-6.3368535,7.2849574,-1.0301052
26053,1437155011555,-6.330868,7.2969284,-1.0378864
26054,1437155011576,-6.3781533,7.3567834,-1.0007763
26055,1437155011595,-6.3751607,7.3926964,-1.003769
26056,1437155011619,-6.3350577,7.409456,-0.99419224
26057,1437155011636,-6.2763996,7.438186,-0.9696517
26058,1437155011670,-6.3182983,7.409456,-0.9343372
26059,1437155011676,-6.3470287,7.354389,-0.87089086
26060,1437155011696,-6.3907228,7.326257,-0.8283938
26061,1437155011714,-6.3368535,7.3005195,-0.8475474
26062,1437155011734,-6.3697734,7.301118,-0.7990648
26063,1437155011760,-6.43322,7.297527,-0.84814596
26064,1437155011779,-6.401497,7.3286514,-0.8762778
26065,1437155011796,-6.409278,7.341221,-0.84934306
26066,1437155011819,-6.325481,7.339425,-0.9127894
26067,1437155011840,-6.311714,7.357382,-0.9792285
26068,1437155011859,-6.3823433,7.3430166,-1.003769
26069,1437155011876,-6.4128695,7.301717,-1.039682
26070,1437155011899,-6.5547256,7.2622123,-1.0247183
26071,1437155011919,-6.633136,7.2185183,-1.0043676
26072,1437155011939,-6.663662,7.1586633,-0.9911995
26073,1437155011959,-6.582259,7.098808,-0.9498995
26074,1437155011979,-6.6893997,7.1903863,-0.9792285
26075,1437155011999,-6.716933,7.152079,-0.92296475
26076,1437155012017,-6.7785835,7.149685,-0.8038532
26077,1437155012039,-6.7845693,7.1251445,-0.7978677
26078,1437155012059,-6.7187285,7.0844426,-0.7673417
26079,1437155012080,-6.754043,7.031172,-0.6757634
26080,1437155012099,-6.7690067,6.944382,-0.6464345
26081,1437155012118,-6.8366427,6.925827,-0.58897364
26082,1437155012139,-7.0209966,6.83784,-0.53211135
26083,1437155012160,-7.1071877,6.797737,-0.40521863
26084,1437155012179,-7.00304,6.7570357,-0.50397944
26085,1437155012199,-6.8222775,6.815095,-0.623091
26086,1437155012218,-6.661866,6.986879,-0.7422025
26087,1437155012239,-6.3925185,7.207744,-1.0043676
26088,1437155012259,-6.273407,7.401076,-1.0031705
26089,1437155012286,-6.099229,7.607576,-1.0366893
26090,1437155012344,-5.887342,7.7248917,-1.1001357
26091,1437155012345,-5.73531,7.823054,-1.0307038
26092,1437155012346,-5.657499,7.875128,-0.9259575
26093,1437155012366,-5.7017913,7.9086466,-0.81163436
26094,1437155012376,-5.7921724,7.9062524,-0.6913257
26095,1437155012396,-5.7736173,7.8224554,-0.64703304
26096,1437155012417,-5.746084,7.727286,-0.5746084
26097,1437155012436,-5.977723,7.6345105,-0.4997896
26098,1437155012458,-6.109404,7.5806413,-0.6194997
26099,1437155012477,-6.3512187,7.441777,-0.4878186
26100,1437155012499,-6.5325794,7.2107368,-0.44592008
26101,1437155012518,-6.827066,7.1826053,-0.3465607
26102,1437155012543,-6.755839,7.1083846,-0.37229836
26103,1437155012559,-6.7402763,7.080253,-0.39264908
26104,1437155012577,-6.663662,7.123947,-0.40043023
26105,1437155012605,-6.625953,7.162853,-0.3842694
26106,1437155012617,-6.523601,7.2544312,-0.41958386
26107,1437155012640,-6.4380083,7.3472066,-0.4225766
26108,1437155012659,-6.269816,7.345411,-0.4866215
26109,1437155012679,-6.220136,7.3472066,-0.43993455
26110,1437155012700,-6.299743,7.3867106,-0.50517654
26111,1437155012719,-6.3865333,7.3364325,-0.44592008
26112,1437155012739,-6.5110316,7.1634517,-0.23283611
26113,1437155012758,-6.640917,7.0527196,-0.091578215
26114,1437155012780,-6.8168907,7.001843,-0.094570965
26115,1437155012798,-7.0515227,6.8522053,-0.12090719
26116,1437155012819,-7.083844,6.7085533,-0.08798691
26117,1437155012837,-6.9342065,6.7905545,-0.2184709
26118,1437155012865,-6.8653736,6.9240313,-0.46507367
26119,1437155012880,-6.707356,7.064092,-0.46926352
26120,1437155012900,-6.6612678,7.2029557,-0.599149
26121,1437155012920,-6.6480994,7.2885485,-0.641646
26122,1437155012939,-6.523601,7.3166804,-0.6667852
26123,1437155012959,-6.451775,7.321469,-0.55964464
26124,1437155012980,-6.4188547,7.3466077,-0.4770447
26125,1437155013000,-6.344036,7.359776,-0.41958386
26126,1437155013022,-6.3889275,7.3190746,-0.41299978
26127,1437155013074,-6.3805475,7.2634096,-0.3298013
26128,1437155013075,-6.317101,7.315483,-0.3453636
26129,1437155013076,-6.409278,7.375937,-0.32561144
26130,1437155013097,-6.4104753,7.375937,-0.3878607
26131,1437155013118,-6.3739634,7.3124905,-0.32920274
26132,1437155013140,-6.501455,7.21373,-0.22744916
26133,1437155013157,-6.6564794,7.313688,-0.29807812
26134,1437155013177,-6.4697313,7.2664022,-0.29867667
26135,1437155013199,-6.5068417,7.257424,-0.18794483
26136,1437155013218,-6.5230026,7.259818,-0.2645593
26137,1437155013239,-6.453571,7.281366,-0.23642741
26138,1437155013260,-6.508039,7.3244615,-0.24121583
26139,1437155013282,-6.3823433,7.3346367,-0.29149407
26140,1437155013301,-6.361394,7.307702,-0.21547815
26141,1437155013321,-6.3991027,7.2867527,-0.17776948
26142,1437155013340,-6.4840965,7.309498,-0.22325931
26143,1437155013360,-6.4589577,7.3633676,-0.27832595
26144,1437155013379,-6.4805055,7.326257,-0.30346507
26145,1437155013401,-6.4781113,7.3460093,-0.32800564
26146,1437155013421,-6.521207,7.3627687,-0.27114335
26147,1437155013441,-6.4936733,7.37055,-0.2148796
26148,1437155013460,-6.497265,7.353192,-0.20949265
26149,1437155013478,-6.4745197,7.3448124,-0.18794483
26150,1437155013501,-6.479907,7.285556,-0.15143326
26151,1437155013521,-6.5307837,7.234679,-0.034715924
26152,1437155013547,-6.445191,7.2388687,0.020949265
26153,1437155013558,-6.4284315,7.1706343,0.12928689
26154,1437155013581,-6.3380504,7.153276,0.17597382
26155,1437155013609,-6.397307,7.2023573,0.108337626
26156,1437155013622,-6.497265,7.2113357,0.047884032
26157,1437155013646,-6.4721255,7.221511,-0.02873042
26158,1437155013660,-6.475717,7.225102,-0.05566519
26159,1437155013681,-6.4864907,7.237672,-0.09876082
26160,1437155013700,-6.4523735,7.2544312,-0.062249243
26161,1437155013718,-6.541558,7.2071457,-0.02873042
26162,1437155013750,-6.4008985,7.2939353,-0.04249708
26163,1437155013804,-6.35062,7.351396,-0.12449849
26164,1437155013805,-6.2805896,7.3831196,-0.19093758
26165,1437155013806,-6.3667808,7.3669586,-0.20590134
26166,1437155013824,-6.4152637,7.391499,-0.2693477
26167,1437155013838,-6.570288,7.399879,-0.30406362
26168,1437155013864,-6.469133,7.371747,-0.2825158
26169,1437155013880,-6.4248405,7.3310456,-0.29269117
26170,1437155013898,-6.4122705,7.273585,-0.25139117
26171,1437155013918,-6.4840965,7.2711906,-0.17298107
26172,1437155013940,-6.52001,7.280169,-0.19931729
26173,1437155013963,-6.4805055,7.24665,-0.16699557
26174,1437155013983,-6.465542,7.2107368,-0.19991584
26175,1437155013999,-6.5002575,7.2089415,-0.18495208
26176,1437155014018,-6.5241995,7.2568254,-0.17118542
26177,1437155014038,-6.467936,7.258621,-0.1933318
26178,1437155014059,-6.441001,7.289746,-0.17896658
26179,1437155014092,-6.5032506,7.3106947,-0.23582886
26180,1437155014109,-6.493075,7.350199,-0.22266077
26181,1437155014118,-6.445191,7.368156,-0.22266077
26182,1437155014141,-6.4260373,7.313089,-0.14963761
26183,1437155014161,-6.3979053,7.3047094,-0.10175357
26184,1437155014190,-6.4164605,7.2993226,-0.1436521
26185,1437155014200,-6.4242415,7.285556,-0.17178397
26186,1437155014218,-6.38354,7.3346367,-0.25139117
26187,1437155014239,-6.4026937,7.3591776,-0.25079262
26188,1437155014258,-6.4392056,7.3789296,-0.22445641
26189,1437155014279,-6.4068837,7.3579803,-0.21308395
26190,1437155014301,-6.508039,7.2831616,-0.14903906
26191,1437155014318,-6.513426,7.3220673,-0.22744916
26192,1437155014339,-6.542156,7.28795,-0.18854338
26193,1437155014358,-6.5152216,7.2544312,-0.16938977
26194,1437155014378,-6.5032506,7.253234,-0.15023616
26195,1437155014400,-6.461352,7.2861543,-0.16101007
26196,1437155014419,-6.451775,7.2592196,-0.15682021
26197,1437155014440,-6.488885,7.275979,-0.092775315
26198,1437155014459,-6.431424,7.305308,-0.10295067
26199,1437155014506,-6.389526,7.3340383,-0.109534726
26200,1437155014507,-6.3739634,7.349601,-0.15322891
26201,1437155014530,-6.3685765,7.3322425,-0.13108255
26202,1437155014543,-6.423643,7.317279,-0.13347675
26203,1437155014559,-6.4487824,7.3340383,-0.10594343
26204,1437155014580,-6.420052,7.3112936,-0.15382746
26205,1437155014599,-6.405088,7.285556,-0.109534726
26206,1437155014625,-6.3901243,7.2939353,-0.088585466
26207,1437155014644,-6.4272346,7.264008,-0.073621705
26208,1437155014660,-6.4661403,7.3059063,-0.09995792
26209,1437155014683,-6.525397,7.33344,-0.1316811
26210,1437155014714,-6.4487824,7.3352356,-0.11671733
26211,1437155014719,-6.4044895,7.351995,-0.13946225
26212,1437155014747,-6.3524156,7.3100963,-0.13227965
26213,1437155014762,-6.3739634,7.3100963,-0.09995792
26214,1437155014791,-6.3643866,7.374141,-0.15801731
26215,1437155014805,-6.3422403,7.36636,-0.19153613
26216,1437155014820,-6.3685765,7.341221,-0.19692309
26217,1437155014838,-6.4002995,7.375937,-0.25139117
26218,1437155014859,-6.3847375,7.349601,-0.22625206
26219,1437155014878,-6.4260373,7.3843164,-0.19273324
26220,1437155014899,-6.4404025,7.3430166,-0.219668
26221,1437155014922,-6.4326215,7.338228,-0.17417817
26222,1437155014942,-6.421249,7.351995,-0.16998832
26223,1437155014962,-6.4020953,7.341221,-0.21308395
26224,1437155014979,-6.4547677,7.3100963,-0.20410569
26225,1437155014999,-6.447585,7.33344,-0.17597382
26226,1437155015019,-6.3901243,7.318476,-0.17417817
26227,1437155015043,-6.43741,7.3071036,-0.24540567
26228,1437155015063,-6.4230447,7.281366,-0.18375498
26229,1437155015082,-6.427833,7.319673,-0.1921347
26230,1437155015099,-6.4583592,7.315483,-0.22625206
26231,1437155015119,-6.3913217,7.2873516,-0.16639702
26232,1437155015139,-6.475717,7.357382,-0.20410569
26233,1437155015162,-6.3488245,7.2861543,-0.23163901
26234,1437155015180,-6.519411,7.2885485,-0.20410569
26235,1437155015202,-6.4709287,7.315483,-0.2825158
26236,1437155015220,-6.421249,7.289746,-0.21068975
26237,1437155015240,-6.4002995,7.37055,-0.260968
26238,1437155015268,-6.417059,7.3873096,-0.31244332
26239,1437155015353,-6.4469867,7.371747,-0.32022446
26240,1437155015354,-6.455366,7.3909006,-0.28790274
26241,1437155015355,-6.4230447,7.3723454,-0.24480712
26242,1437155015356,-6.39192,7.3047094,-0.23223756
26243,1437155015380,-6.4541693,7.353192,-0.23702596
26244,1437155015381,-6.453571,7.3298483,-0.26276365
26245,1437155015402,-6.4272346,7.33763,-0.30885202
26246,1437155015423,-6.4583592,7.3430166,-0.31304187
26247,1437155015439,-6.4601545,7.303512,-0.31244332
26248,1437155015465,-6.4763155,7.3364325,-0.28670564
26249,1437155015482,-6.5188127,7.2508397,-0.25258827
26250,1437155015502,-6.4308257,7.3591776,-0.22804771
26251,1437155015519,-6.4745197,7.349002,-0.2633622
26252,1437155015539,-6.4146647,7.3406224,-0.17417817
26253,1437155015560,-6.495469,7.3747396,-0.23343466
26254,1437155015583,-6.509236,7.4208283,-0.18435353
26255,1437155015603,-6.509236,7.3867106,-0.18495208
26256,1437155015622,-6.5230026,7.3525934,-0.029927522
26257,1437155015643,-6.521207,7.2783732,0.024540568
26258,1437155015663,-6.4505777,7.143699,0.15502456
26259,1437155015683,-6.591836,7.183802,0.31603462
26260,1437155015703,-6.7229185,7.088034,0.415394
26261,1437155015722,-6.4326215,6.935404,0.51355624
26262,1437155015741,-6.5762734,6.862979,0.55485624
26263,1437155015761,-6.577471,6.8545995,0.50158525
26264,1437155015783,-6.4697313,6.793547,0.439336
26265,1437155015801,-6.531981,6.9348054,0.38307226
26266,1437155015824,-6.699575,7.050924,0.34117374
26267,1437155015843,-6.427833,7.141904,0.24779987
26268,1437155015863,-6.5307837,7.207744,0.19812019
26269,1437155015883,-6.5984197,7.273585,0.08379706
26270,1437155015903,-6.5164185,7.337031,-0.014963761
26271,1437155015923,-6.459556,7.3208704,-0.062249243
26272,1437155015943,-6.5469446,7.3962874,-0.04249708
26273,1437155015962,-6.4427967,7.417835,-0.08140286
26274,1437155015980,-6.256049,7.457938,-0.01436521
26275,1437155016007,-6.269217,7.4244194,0.039504327
26276,1437155016091,-6.2865753,7.3986816,0.061052144
26277,1437155016092,-6.341642,7.3418193,0.053869538
26278,1437155016093,-6.3751607,7.3867106,0.023942016
26279,1437155016094,-6.519411,7.393295,-0.01316811
26280,1437155016102,-6.395511,7.4208283,-0.020949265
26281,1437155016123,-6.381146,7.402273,-0.010773907
26282,1437155016141,-6.401497,7.3669586,0.002992752
26283,1437155016160,-6.377555,7.318476,-0.03232172
26284,1437155016183,-6.3991027,7.2322845,0.04249708
26285,1437155016200,-6.4248405,7.2592196,0.054468088
26286,1437155016220,-6.30932,7.268198,-0.0077811554
26287,1437155016242,-6.3584013,7.275979,0.036511578
26288,1437155016261,-6.3721676,7.353192,0.036511578
26289,1437155016281,-6.253655,7.3968863,-0.010175358
26290,1437155016303,-6.241684,7.4268136,-0.019153614
26291,1437155016323,-6.2686186,7.4854717,-0.06943185
26292,1437155016341,-6.327875,7.4776907,-0.0724246
26293,1437155016363,-6.384139,7.4764934,-0.11252748
26294,1437155016383,-6.4416,7.482479,-0.11372458
26295,1437155016404,-6.367978,7.45315,-0.05746084
26296,1437155016424,-6.362591,7.431602,-0.05746084
26297,1437155016440,-6.3661823,7.3406224,0.023942016
26298,1437155016464,-6.427833,7.253833,0.18195933
26299,1437155016485,-6.3859344,7.216124,0.23104046
26300,1437155016501,-6.3338604,7.201759,0.30286652
26301,1437155016524,-6.307524,7.15567,0.30825347
26302,1437155016544,-6.2805896,7.1826053,0.24301147
26303,1437155016563,-6.2889695,7.1670427,0.1945289
26304,1437155016583,-6.329072,7.1873937,0.1412579
26305,1437155016604,-6.4086795,7.2340803,0.089782566
26306,1437155016624,-6.4344172,7.3088994,-0.05207389
26307,1437155016645,-6.379949,7.2993226,-0.1364695
26308,1437155016662,-6.453571,7.3059063,-0.19093758
26309,1437155016684,-6.479308,7.3388267,-0.23343466
26310,1437155016704,-6.554127,7.350199,-0.16400282
26311,1437155016723,-6.4978633,7.3729444,-0.15143326
26312,1437155016743,-6.4900823,7.399879,-0.15143326
26313,1437155016768,-6.5511346,7.4190326,-0.18674773
26314,1437155016850,-6.505046,7.4322004,-0.19093758
26315,1437155016851,-6.5098343,7.454347,-0.13227965
26316,1437155016852,-6.461352,7.507618,-0.051475335
26317,1437155016853,-6.253655,7.4962454,-0.0005985504
26318,1437155016861,-5.931635,7.6027875,0.05865794
26319,1437155016881,-5.626374,7.771579,0.002992752
26320,1437155016902,-5.0254292,7.920019,-0.035913024
26321,1437155016921,-4.483143,8.078635,-0.18794483
26322,1437155016944,-4.189853,8.543709,-0.7026982
26323,1437155016961,-4.4023385,8.705916,-1.2521675
26324,1437155016981,-4.614824,8.558673,-1.5089456
26325,1437155017002,-4.7925935,8.381501,-1.8632874
26326,1437155017022,-5.181651,8.378509,-2.421735
26327,1437155017042,-6.1399302,8.04751,-2.8700492
26328,1437155017062,-6.5607114,7.5507135,-2.7982233
26329,1437155017084,-6.688801,7.36636,-2.8874073
26330,1437155017104,-6.501455,7.325659,-3.1675289
26331,1437155017124,-6.719327,7.4190326,-3.2357635
26332,1437155017144,-7.2711906,7.120356,-3.0771477
26333,1437155017161,-6.949769,6.985682,-3.1316159
26334,1437155017184,-6.969521,6.841431,-2.9987376
26335,1437155017204,-7.105392,6.818088,-2.569577
26336,1437155017224,-7.1071877,6.9844847,-2.4732103
26337,1437155017243,-7.1700354,6.9904704,-2.2703018
26338,1437155017261,-7.219715,6.813898,-2.1200657
26339,1437155017283,-6.9006877,6.6026096,-1.8914193
26340,1437155017304,-7.195773,6.579266,-1.560421
26341,1437155017324,-7.6015906,6.5481415,-1.4012065
26342,1437155017343,-7.602189,6.2769985,-0.985214
26343,1437155017364,-7.391499,6.2045736,-0.57520694
26344,1437155017383,-7.3831196,6.1620765,-0.42556936
26345,1437155017403,-7.4693108,6.211158,-0.1592144
26346,1437155017425,-7.3466077,6.3206925,-0.13227965
26347,1437155017443,-7.414244,6.3350577,0.013766659
26348,1437155017468,-7.261614,6.379949,0.046088383
26349,1437155017482,-6.9467764,6.5002575,-0.11432313
26350,1437155017507,-6.967127,6.6893997,-0.11851298
26351,1437155017584,-6.841431,6.863578,-0.2693477
26352,1437155017585,-6.7211227,6.956353,-0.30765492
26353,1437155017586,-6.621165,7.0036387,-0.3573346
26354,1437155017587,-6.5726824,7.067683,-0.4405331
26355,1437155017603,-6.723517,7.1670427,-0.4758476
26356,1437155017628,-6.8103065,7.153875,-0.55725044
26357,1437155017642,-7.0587053,6.8246717,-0.3597288
26358,1437155017662,-7.2981253,6.5188127,-0.0796072
26359,1437155017682,-7.2286935,6.3829417,-0.015562311
26360,1437155017702,-7.1329255,6.341642,0.09756372
26361,1437155017722,-7.3926964,6.431424,0.17776948
26362,1437155017743,-7.4016747,6.5008564,0.08379706
26363,1437155017765,-7.3226657,6.4601545,0.0664391
26364,1437155017782,-7.1927805,6.4607534,0.04309563
26365,1437155017804,-7.067683,6.4727244,-0.05925649
26366,1437155017825,-6.9407907,6.5846534,-0.076015905
26367,1437155017845,-6.9503675,6.7666125,-0.21667525
26368,1437155017865,-7.1113777,6.775591,-0.23882163
26369,1437155017882,-7.067085,6.7510505,-0.19991584
26370,1437155017904,-7.0545154,6.7630215,-0.26276365
26371,1437155017925,-6.9767036,6.83784,-0.20410569
26372,1437155017945,-6.9569516,6.8982935,-0.23642741
26373,1437155017964,-7.000047,6.92044,-0.17717093
26374,1437155017982,-6.8611836,6.8887167,-0.15322891
26375,1437155018003,-6.8480153,6.8773446,-0.08379706
26376,1437155018024,-6.903082,6.937798,-0.12270284
26377,1437155018045,-6.88333,6.941389,-0.078410104
26378,1437155018064,-6.7743936,6.8881183,-0.06703765
26379,1437155018086,-6.8563952,6.899491,-0.05207389
26380,1437155018104,-6.8121023,6.854001,-0.09696517
26381,1437155018124,-6.9168487,6.7743936,-0.08080431
26382,1437155018145,-6.9371996,6.7708025,-0.091578215
26383,1437155018165,-6.8893156,6.785766,-0.20231004
26384,1437155018183,-6.9689226,6.793547,-0.32202014
26385,1437155018204,-6.8869214,6.8887167,-0.45669398
26386,1437155018228,-6.7749925,6.867768,-0.41599256
26387,1437155018305,-6.853402,6.9701195,-0.49559975
26388,1437155018306,-6.9240313,6.956353,-0.5602432
26389,1437155018307,-6.742072,6.989872,-0.52133745
26390,1437155018308,-6.7486563,7.04434,-0.61530983
26391,1437155018323,-6.8462195,7.0371575,-0.5859809
26392,1437155018352,-6.863578,7.045537,-0.5638345
26393,1437155018363,-6.7642183,7.064092,-0.56443304
26394,1437155018384,-6.55712,7.0467343,-0.50876784
26395,1437155018403,-6.5655,7.1023993,-0.5153519
26396,1437155018423,-6.5924344,7.1646485,-0.5279215
26397,1437155018448,-6.599617,7.1748238,-0.44831428
26398,1437155018465,-6.613384,7.20116,-0.46866497
26399,1437155018485,-6.6486983,7.177218,-0.46028528
26400,1437155018502,-6.657676,7.181408,-0.44891283
26401,1437155018524,-6.6175733,7.169437,-0.51954174
26402,1437155018546,-6.655881,7.1371155,-0.48123455
26403,1437155018566,-6.839636,7.161656,-0.52373165
26404,1437155018586,-6.6295447,7.2221093,-0.51834464
26405,1437155018603,-5.9561753,7.3926964,-0.6847417
26406,1437155018624,-6.0172276,7.563882,-0.7170634
26407,1437155018646,-6.323685,7.6404963,-0.8026561
26408,1437155018666,-6.25964,7.5225816,-0.7906851
26409,1437155018684,-6.251859,7.349601,-0.6488287
26410,1437155018703,-6.3943143,7.338228,-0.6560113
26411,1437155018723,-6.4062853,7.281366,-0.6338649
26412,1437155018743,-6.429629,7.268198,-0.6368576
26413,1437155018762,-6.479308,7.2687964,-0.6733692
26414,1437155018783,-6.3643866,7.311892,-0.6817489
26415,1437155018803,-6.305729,7.3244615,-0.7206547
26416,1437155018826,-6.3619924,7.3627687,-0.76554596
26417,1437155018849,-6.4368114,7.3549876,-0.83258367
26418,1437155018863,-6.385336,7.3549876,-0.8283938
26419,1437155018883,-6.3548098,7.3992805,-0.89064306
26420,1437155018904,-6.25964,7.395689,-0.95468795
26421,1437155018922,-6.275801,7.4028716,-0.95349085
26422,1437155018946,-6.325481,7.4585366,-0.9816227
26423,1437155018963,-6.23091,7.467515,-0.98700964
26424,1437155019126,-6.223129,7.5165963,-0.93134445
26425,1437155019127,-6.3392477,7.6440873,-0.9624691
26426,1437155019128,-6.2392898,7.587225,-0.90979666
26427,1437155019129,-6.0585275,7.6081743,-0.79128367
26428,1437155019130,-6.1010246,7.5668745,-0.7589619
26429,1437155019131,-6.0770826,7.5429325,-0.64823014
26430,1437155019132,-6.1357403,7.4968443,-0.6548142
26431,1437155019133,-6.213552,7.4764934,-0.59256494
26432,1437155019160,-6.206968,7.515399,-0.6386533
26433,1437155019163,-6.1860185,7.5453267,-0.7020996
26434,1437155019183,-6.2781954,7.487866,-0.7350199
26435,1437155019212,-6.3482256,7.359776,-0.65301853
26436,1437155019223,-6.3338604,7.3059063,-0.61052144
26437,1437155019246,-6.4020953,7.215525,-0.5255273
26438,1437155019267,-6.4350157,7.2310877,-0.53091425
26439,1437155019284,-6.3859344,7.2382703,-0.61650693
26440,1437155019304,-6.4882865,7.257424,-0.59256494
26441,1437155019324,-6.407482,7.3507977,-0.7685388
26442,1437155019346,-6.131551,7.356185,-0.7769185
26443,1437155019364,-6.2632318,7.381324,-0.676362
26444,1437155019386,-6.5846534,7.2167225,-0.56443304
26445,1437155019406,-6.6600704,7.020398,-0.38307226
26446,1437155019424,-6.7348895,6.9647326,-0.37349546
26447,1437155019444,-7.140108,7.050924,-0.41479546
26448,1437155019467,-7.4268136,7.138911,-0.56982
26449,1437155019484,-7.187992,6.9707184,-0.6865373
26450,1437155019509,-6.9479733,6.730101,-0.6027403
26451,1437155019525,-7.305308,6.5391636,-0.46507367
26452,1437155019544,-7.6213427,6.3500214,-0.12629414
26453,1437155019570,-7.020398,6.3458314,0.0017956513
26454,1437155019584,-6.4828997,6.513426,-0.350152
26455,1437155019607,-7.019201,6.335656,-0.15981296
26456,1437155019624,-7.48188,6.025607,0.090979666
26457,1437155019643,-7.330447,5.638345,0.10474633
26458,1437155019664,-7.091027,5.4845176,0.43873745
26459,1437155019690,-7.255628,5.979519,-0.078410104
26460,1437155019704,-7.8865004,6.96174,-1.0486604
26461,1437155019726,-7.7973166,7.721899,-1.6059108
26462,1437155019745,-6.855198,7.3789296,-1.5873557
26463,1437155019769,-6.932411,6.6965823,-0.65541273
26464,1437155019833,-7.2939353,6.4272346,-0.53689975
26465,1437155019834,-7.2664022,6.455366,-1.0319009
26466,1437155019835,-7.7374616,6.6121864,-0.78888947
26467,1437155019848,-8.26239,6.3458314,-0.39743748
26468,1437155019864,-7.703344,5.905897,-0.11192893
26469,1437155019889,-7.428011,5.5820813,0.22325931
26470,1437155019904,-7.4429746,5.5563436,0.18435353
26471,1437155019924,-7.757812,5.791574,0.11731588
26472,1437155019944,-8.073248,5.8622026,0.25019407
26473,1437155019966,-7.8727336,5.769428,0.26874915
26474,1437155019985,-7.687782,5.6700683,0.37948096
26475,1437155020006,-7.743447,5.5940523,0.4309563
26476,1437155020026,-7.9236107,5.769428,0.17417817
26477,1437155020044,-7.869741,5.9011087,-0.040102877
26478,1437155020065,-7.960122,5.8933277,-0.055066638
26479,1437155020088,-7.813477,5.835268,0.037708677
26480,1437155020106,-7.7069354,5.79337,0.095768064
26481,1437155020127,-7.7745714,5.8226986,0.32441434
26482,1437155020145,-7.8170686,5.8466406,0.3549404
26483,1437155020166,-7.595605,5.899313,0.26635495
26484,1437155020188,-7.719505,5.9843073,0.21428105
26485,1437155020206,-7.759608,6.019622,0.2088941
26486,1437155020227,-7.7997108,5.945401,0.28191724
26487,1437155020246,-7.6967597,5.9082913,0.350152
26488,1437155020268,-7.6811976,5.8705826,0.39444473
26489,1437155020288,-7.6560583,5.8412538,0.40222588
26490,1437155020309,-7.587225,5.7305217,0.46267948
26491,1437155020329,-7.6428905,5.66109,0.58897364
26492,1437155020347,-7.9050555,5.6485205,0.6715736
26493,1437155020366,-8.062474,5.7107697,0.7026982
26494,1437155020385,-8.084022,5.6922145,0.66020113
26495,1437155020405,-8.046912,5.6826377,0.6512229
26496,1437155020424,-7.9714947,5.595848,0.700304
26497,1437155020449,-7.740454,5.5880666,0.6326678
26498,1437155020469,-7.621941,5.631761,0.4842273
26499,1437155020490,-7.4764934,5.686229,0.39324763
26500,1437155020504,-7.4507556,5.8705826,0.18674773
26501,1437155020525,-7.629722,6.0363812,0.14724341
26502,1437155020611,-7.453748,6.1117983,0.08499416
26503,1437155020612,-7.5112095,6.2464724,-0.02813187
26504,1437155020613,-7.65127,6.2728086,-0.05746084
26505,1437155020614,-7.732673,6.2488666,0.08020575
26506,1437155020671,-7.7757688,6.071097,0.20051439
26507,1437155020672,-7.739257,5.997475,0.3196259
26508,1437155020673,-7.727885,5.9448028,0.30226797
26509,1437155020684,-7.687183,5.9148755,0.30705637
26510,1437155020704,-7.753622,5.9130797,0.37828386
26511,1437155020724,-7.730279,5.858013,0.44831428
26512,1437155020757,-7.6045833,5.8532248,0.5081693
26513,1437155020775,-7.724293,5.8634,0.49919105
26514,1437155020784,-7.7254906,5.885546,0.52732295
26515,1437155020809,-7.6973586,5.8723783,0.51954174
26516,1437155020824,-7.691373,5.864597,0.5189432
26517,1437155020845,-7.61835,5.7999535,0.5662287
26518,1437155020865,-7.6668324,5.7825956,0.6171055
26519,1437155020904,-7.743447,5.7909756,0.61770403
26520,1437155020905,-7.6883802,5.773019,0.61052144
26521,1437155020925,-7.6255326,5.758055,0.6027403
26522,1437155020945,-7.689577,5.7377043,0.56084174
26523,1437155020965,-7.801506,5.74369,0.5554548
26524,1437155020985,-7.8368206,5.7281275,0.53689975
26525,1437155021005,-7.8727336,5.747281,0.52253455
26526,1437155021025,-7.8847046,5.7269306,0.5069722
26527,1437155021045,-7.8912888,5.7424927,0.5057751
26528,1437155021065,-7.8452005,5.6976013,0.53330845
26529,1437155021085,-7.7943234,5.73112,0.50517654
26530,1437155021105,-7.815273,5.7454853,0.48243165
26531,1437155021125,-7.8607626,5.7598505,0.48722005
26532,1437155021147,-7.887099,5.7119665,0.516549
26533,1437155021167,-7.8787193,5.6551046,0.59376204
26534,1437155021185,-7.8422074,5.6084175,0.6302736
26535,1437155021208,-7.9008656,5.575497,0.6362591
26536,1437155021228,-7.961918,5.5766945,0.65421563
26537,1437155021248,-7.9391727,5.547964,0.64463884
26538,1437155021265,-7.9331875,5.575497,0.6183026
26539,1437155021290,-7.9810715,5.585074,0.6362591
26540,1437155021313,-7.923012,5.565322,0.5883751
26541,1437155021327,-7.7494326,5.5701103,0.58418524
26542,1437155021344,-7.8062944,5.5647235,0.56682724
26543,1437155021366,-7.900267,5.5766945,0.57879823
26544,1437155021384,-7.8847046,5.583278,0.56443304
26545,1437155021406,-7.93618,5.5503583,0.581791
26546,1437155021425,-8.010401,5.57849,0.5895722
26547,1437155021448,-8.033744,5.561132,0.5859809
26548,1437155021466,-8.061875,5.5587378,0.60214174
26549,1437155021485,-8.010401,5.523423,0.6290765
26550,1437155021509,-7.9768815,5.503671,0.6536171
26551,1437155021525,-7.93199,5.463568,0.6715736
26552,1437155021549,-7.908048,5.459977,0.66020113
26553,1437155021568,-7.8954787,5.4671597,0.7026982
26554,1437155021584,-7.9385743,5.4743423,0.7356185
26555,1437155021608,-7.9828672,5.477335,0.74399817
26556,1437155021629,-7.9732904,5.4737434,0.75716627
26557,1437155021644,-7.926005,5.4384294,0.7493851
26558,1437155021669,-7.9966335,5.4845176,0.75956047
26559,1437155021688,-8.021772,5.5000796,0.7320272
26560,1437155021708,-7.9625163,5.5018754,0.7410054
26561,1437155021729,-8.010401,5.5060654,0.7685388
26562,1437155021749,-7.8912888,5.4911017,0.777517
26563,1437155021768,-7.9092455,5.499481,0.79607207
26564,1437155021786,-7.9708962,5.522825,0.7870938
26565,1437155021809,-7.9391727,5.518635,0.75237787
26566,1437155021830,-7.8649526,5.504868,0.74399817
26567,1437155021849,-7.9409685,5.5102553,0.7410054
26568,1437155021868,-7.9451585,5.5120506,0.74399817
26569,1437155021888,-7.877522,5.4641666,0.75596917
26570,1437155021906,-8.016386,5.467758,0.7685388
26571,1437155021981,-8.002619,5.4384294,0.7882909
26572,1437155021982,-8.045116,5.4462104,0.8206126
26573,1437155021987,-8.030751,5.4521956,0.801459
26574,1437155021988,-8.024766,5.4144874,0.8146271
26575,1437155022009,-8.001422,5.365406,0.8242039
26576,1437155022031,-8.039729,5.3713913,0.8535329
26577,1437155022046,-8.080431,5.357625,0.8367735
26578,1437155022066,-8.017583,5.3683987,0.88166475
26579,1437155022102,-8.016984,5.389348,0.84096336
26580,1437155022106,-7.9846625,5.45459,0.7751228
26581,1437155022128,-7.997831,5.5347958,0.7032967
26582,1437155022146,-7.9906483,5.587468,0.7188591
26583,1437155022166,-7.9170265,5.6281695,0.7302315
26584,1437155022189,-7.885902,5.671864,0.7505822
26585,1437155022209,-7.802105,5.734113,0.74998367
26586,1437155022229,-7.699154,5.783194,0.6919243
26587,1437155022249,-7.671621,5.8508306,0.676362
26588,1437155022269,-7.726089,5.9603653,0.6769605
26589,1437155022288,-7.7183075,6.001665,0.6410475
26590,1437155022309,-7.5890207,6.0489507,0.6063316
26591,1437155022329,-7.460931,6.1387334,0.5710171
26592,1437155022346,-7.435792,6.1985884,0.5069722
26593,1437155022368,-7.404069,6.2650275,0.4285621
26594,1437155022388,-7.1939774,6.401497,0.362123
26595,1437155022409,-7.0132155,6.522404,0.26874915
26596,1437155022426,-6.8528037,6.5966244,0.24720132
26597,1437155022448,-6.6965823,6.7642183,0.35314476
26598,1437155022466,-6.4751186,6.937798,0.11492168
26599,1437155022486,-6.353613,7.2125325,-0.049081136
26600,1437155022506,-6.43741,7.3364325,-0.19153613
26601,1437155022528,-6.3153057,7.421427,-0.23283611
26602,1437155022550,-5.9717374,7.5429325,-0.29388827
26603,1437155022568,-5.9783216,7.785944,-0.41479546
26604,1437155022590,-5.934029,7.825448,-0.4878186
26605,1437155022612,-5.8903346,7.8092875,-0.43394905
26606,1437155022732,-5.823297,7.836222,-0.47884035
26607,1437155022733,-5.7478795,7.9086466,-0.53689975
26608,1437155022734,-5.6551046,7.9487495,-0.55844754
26609,1437155022735,-5.5671177,7.9828672,-0.6135142
26610,1437155022736,-5.581483,8.084022,-0.688333
26611,1437155022737,-5.4761376,8.166622,-0.8050503
26612,1437155022753,-5.0757074,8.339603,-1.0229226
26613,1437155022766,-4.506486,8.807071,-1.4993688
26614,1437155022788,-4.563947,9.281721,-1.9261353
26615,1437155022806,-5.383961,8.991425,-1.5921441
26616,1437155022827,-5.7263317,8.423999,-0.8559271
26617,1437155022851,-5.8388596,7.9050555,-0.694917
26618,1437155022869,-5.907094,7.4842744,-0.35434186
26619,1437155022890,-6.154894,7.2819643,-0.050876785
26620,1437155022910,-6.4230447,7.173627,0.08319851
26621,1437155022930,-6.351817,7.157466,0.27473465
26622,1437155022950,-6.0345855,7.2149267,0.23044191
26623,1437155022970,-5.729325,7.442376,0.039504327
26624,1437155022990,-5.647922,7.6943655,-0.13826515
26625,1437155023009,-5.9130797,7.8128786,-0.21308395
26626,1437155023030,-5.8693852,7.705738,-0.20949265
26627,1437155023050,-5.73112,7.805696,-0.26994625
26628,1437155023069,-5.889736,7.86196,-0.3537433
26629,1437155023087,-5.795764,7.860164,-0.35793316
26630,1437155023118,-5.6682725,7.9278,-0.3824737
26631,1437155023139,-5.8885393,7.914034,-0.3453636
26632,1437155023161,-5.861006,7.833828,-0.25797522
26633,1437155023167,-5.787384,7.788338,-0.30765492
26634,1437155023189,-5.7802014,7.7943234,-0.29568392
26635,1437155023208,-5.985504,7.77936,-0.2801216
26636,1437155023228,-6.1261635,7.754221,-0.2657564
26637,1437155023249,-6.091448,7.6111674,-0.2088941
26638,1437155023273,-6.1596823,7.498041,-0.14185645
26639,1437155023293,-6.2422824,7.4351935,-0.091578215
26640,1437155023313,-6.178836,7.4190326,-0.077811554
26641,1437155023328,-6.2464724,7.4088573,-0.06284779
26642,1437155023350,-6.389526,7.3807254,0.0017956513
26643,1437155023369,-6.215946,7.3633676,-0.019752163
26644,1437155023397,-6.019622,7.397485,-0.107140526
26645,1437155023501,-5.9609637,7.647679,-0.24241292
26646,1437155023502,-5.957971,7.9104424,-0.62249243
26647,1437155023503,-6.343437,7.78355,-0.46267948
26648,1437155023504,-6.591237,7.542334,-0.130484
26649,1437155023505,-6.669647,7.313089,-0.130484
26650,1437155023515,-6.616975,7.067683,0.28431144
26651,1437155023527,-6.4948707,6.986879,0.34835634
26652,1437155023548,-6.528988,6.9210386,0.41479546
26653,1437155023568,-6.64391,6.930017,0.48362875
26654,1437155023587,-6.615778,6.969521,0.34715924
26655,1437155023610,-6.4817023,6.975507,0.25917232
26656,1437155023634,-6.6026096,7.0527196,0.18555063
26657,1437155023649,-6.6145806,7.093421,0.05925649
26658,1437155023694,-6.692991,7.225701,0.045489833
26659,1437155023695,-6.807314,7.3124905,-0.08379706
26660,1437155023709,-6.642114,7.2981253,-0.08020575
26661,1437155023757,-6.579266,7.281366,-0.11731588
26662,1437155023759,-6.517616,7.235876,-0.12210429
26663,1437155023767,-6.567295,7.150882,-0.08499416
26664,1437155023788,-6.597223,7.101801,-0.12689269
26665,1437155023809,-6.649895,7.04434,-0.1448492
26666,1437155023830,-6.795343,7.055712,-0.16160862
26667,1437155023848,-6.947375,7.0090256,-0.17776948
26668,1437155023868,-6.995259,6.830059,-0.050876785
26669,1437155023888,-7.1131735,6.781576,0.073621705
26670,1437155023910,-7.20535,6.707356,0.15682021
26671,1437155023928,-6.8773446,6.6864066,0.27832595
26672,1437155023948,-6.5247984,6.7845693,0.16400282
26673,1437155023968,-6.6205664,7.0341644,0.0005985504
26674,1437155023991,-6.747459,7.1568675,-0.050278235
26675,1437155024009,-6.7133417,7.2322845,-0.10354923
26676,1437155024027,-6.754043,7.2664022,-0.16400282
26677,1437155024049,-6.7091517,7.273585,-0.20709845
26678,1437155024067,-6.637924,7.399879,-0.29867667
26679,1437155024088,-6.4924765,7.5722613,-0.52492875
26680,1437155024108,-6.5008564,7.567473,-0.47764325
26681,1437155024128,-6.4086795,7.48607,-0.30466217
26682,1437155024190,-6.1381345,7.436989,-0.11192893
26683,1437155024191,-5.921459,7.503428,0.019752163
26684,1437155024192,-5.8304796,7.565677,0.1364695
26685,1437155024209,-5.896919,7.7051396,0.20709845
26686,1437155024227,-5.9346275,7.7081323,0.2801216
26687,1437155024247,-5.8029466,7.650073,0.3693056
26688,1437155024268,-5.786187,7.621941,0.4225766
26689,1437155024289,-5.763442,7.615357,0.4141969
26690,1437155024309,-5.7784057,7.5932107,0.42437226
26691,1437155024332,-5.834071,7.6045833,0.42556936
26692,1437155024352,-5.925649,7.5890207,0.4225766
26693,1437155024369,-6.027403,7.57286,0.42556936
26694,1437155024397,-6.0980315,7.5465236,0.43993455
26695,1437155024408,-6.0124393,7.502231,0.4417302
26696,1437155024429,-5.9873,7.5112095,0.40701428
26697,1437155024449,-6.060323,7.53575,0.40282443
26698,1437155024471,-6.0848637,7.5106106,0.3573346
26699,1437155024491,-5.943007,7.4735007,0.29688102
26700,1437155024511,-5.976526,7.465121,0.25797522
26701,1437155024530,-6.0920463,7.4968443,0.21547815
26702,1437155024552,-6.43322,7.4705076,0.24061728
26703,1437155024572,-6.6774287,7.3460093,0.26994625
26704,1437155024592,-6.7666125,7.2065473,0.22625206
26705,1437155024613,-6.881534,7.137714,0.23163901
26706,1437155024631,-6.9371996,7.018004,0.27593175
26707,1437155024649,-6.8905125,6.8893156,0.3274071
26708,1437155024680,-6.8468184,6.8970966,0.38307226
26709,1437155024689,-6.803124,6.88752,0.4261679
26710,1437155025022,-6.633136,6.908469,0.427365
26711,1437155025023,-6.51163,6.95755,0.46327803
26712,1437155025024,-6.494272,7.083844,0.44771573
26713,1437155025025,-6.4338183,7.180211,0.41958386
26714,1437155025026,-6.495469,7.3645644,0.31603462
26715,1437155025027,-6.475717,7.48607,0.1945289
26716,1437155025028,-6.4751186,7.48188,0.18914193
26717,1437155025029,-6.485294,7.459734,0.16938977
26718,1437155025030,-6.554127,7.33763,0.24420857
26719,1437155025031,-6.505645,7.20116,0.30825347
26720,1437155025032,-6.5846534,7.120356,0.29927522
26721,1437155025033,-6.7079544,7.0581064,0.33399114
26722,1437155025034,-6.728904,6.951565,0.3417723
26723,1437155025035,-6.782175,6.8743515,0.3824737
26724,1437155025036,-6.8198833,6.785766,0.43514615
26725,1437155025037,-6.7690067,6.725911,0.45968673
26726,1437155025038,-6.807314,6.747459,0.48003745
26727,1437155025052,-6.7893577,6.7887588,0.41958386
26728,1437155025070,-6.8091097,6.8767457,0.3764882
26729,1437155025094,-6.8480153,6.974908,0.3286042
26730,1437155025113,-6.7803793,7.0593038,0.2705448
26731,1437155025132,-6.6510925,7.0784574,0.2184709
26732,1437155025151,-6.609194,7.1341224,0.18974048
26733,1437155025170,-6.6492968,7.204153,0.16101007
26734,1437155025190,-6.7187285,7.2304893,0.1364695
26735,1437155025209,-6.601413,7.1592617,0.12689269
26736,1437155025231,-6.591237,7.1167645,0.14963761
26737,1437155025252,-6.6510925,7.1287355,0.109534726
26738,1437155025270,-6.697779,7.1365166,0.15203181
26739,1437155025292,-6.688801,7.1233487,0.17417817
26740,1437155025311,-6.671443,7.1089835,0.1436521
26741,1437155025331,-6.6486983,7.109582,0.17956513
26742,1437155025351,-6.666056,7.0904284,0.17597382
26743,1437155025372,-6.6786256,7.089231,0.19572599
26744,1437155025391,-6.7342906,7.07726,0.17537527
26745,1437155025411,-6.725911,7.067085,0.19812019
26746,1437155025431,-6.7265096,7.053318,0.18076223
26747,1437155025452,-6.697779,7.0186024,0.16938977
26748,1437155025473,-6.6971807,6.980295,0.19512744
26749,1437155025494,-6.770204,6.9545574,0.14724341
26750,1437155025510,-6.8264675,6.945579,0.15143326
26751,1437155025530,-6.851008,6.945579,0.17058687
26752,1437155025603,-6.8288617,6.9916677,0.15322891
26753,1437155025604,-6.8109055,6.9970546,0.1400608
26754,1437155025605,-6.785766,7.016208,0.13227965
26755,1437155025612,-6.7510505,6.981492,0.17417817
26756,1437155025631,-6.7690067,7.0066314,0.20350714
26757,1437155025649,-6.7630215,6.9767036,0.22445641
26758,1437155025670,-6.76362,6.950966,0.25198972
26759,1437155025690,-6.8001313,6.932411,0.2693477
26760,1437155025711,-6.7690067,6.8683662,0.28550854
26761,1437155025730,-6.82946,6.889914,0.2908955
26762,1437155025752,-6.909666,6.855198,0.27353755
26763,1437155025772,-6.903681,6.879739,0.30166942
26764,1437155025792,-6.968324,6.9198413,0.29448682
26765,1437155025811,-6.9503675,6.8749504,0.36511576
26766,1437155025832,-6.889914,6.88333,0.35793316
26767,1437155025853,-6.8007298,6.8504095,0.37229836
26768,1437155025873,-6.7348895,6.8306575,0.37469256
26769,1437155025893,-6.7013707,6.867768,0.3842694
26770,1437155025913,-6.737882,6.901885,0.36870706
26771,1437155025933,-6.781576,7.004237,0.3693056
26772,1437155025953,-6.7480574,6.959346,0.3286042
26773,1437155025973,-6.731298,7.005434,0.34715924
26774,1437155025995,-6.728904,7.0132155,0.31603462
26775,1437155026010,-6.7624226,7.012018,0.3453636
26776,1437155026031,-6.728904,7.043741,0.2885013
26777,1437155026052,-6.754043,7.047931,0.2896984
26778,1437155026072,-6.7091517,7.067085,0.29029694
26779,1437155026093,-6.693589,7.0168066,0.30107087
26780,1437155026111,-6.6852098,6.9862804,0.3321955
26781,1437155026134,-6.6965823,6.983288,0.3184288
26782,1437155026153,-6.6870055,6.9988503,0.31423897
26783,1437155026173,-6.7318964,7.0048356,0.3226187
26784,1437155026192,-6.757634,7.0263834,0.3321955
26785,1437155026214,-6.7522473,7.0383544,0.30047232
26786,1437155026234,-6.6846113,7.065289,0.260968
26787,1437155026253,-6.63972,7.0545154,0.25318682
26788,1437155026276,-6.6085954,7.0449386,0.2160767
26789,1437155026352,-6.6367273,7.029376,0.23822308
26790,1437155026353,-6.647501,7.029376,0.19393034
26791,1437155026354,-6.7241154,7.0724716,0.22505496
26792,1437155026355,-6.7079544,7.0730705,0.22685061
26793,1437155026381,-6.7468605,7.0646906,0.22266077
26794,1437155026390,-6.7468605,7.0407486,0.27473465
26795,1437155026410,-6.7109475,7.049727,0.2657564
26796,1437155026433,-6.7043633,7.0688806,0.28072014
26797,1437155026474,-6.6893997,7.0646906,0.2813187
26798,1437155026475,-6.581062,7.059902,0.25977087
26799,1437155026490,-6.564901,7.0593038,0.20829555
26800,1437155026510,-6.609792,7.113772,0.20111294
26801,1437155026530,-6.599617,7.0688806,0.18555063
26802,1437155026550,-6.5858502,7.093421,0.20350714
26803,1437155026572,-6.7306995,7.1305313,0.1400608
26804,1437155026592,-6.7468605,7.1873937,0.12808979
26805,1437155026613,-6.7372837,7.1688385,0.15741876
26806,1437155026633,-6.6744356,7.1688385,0.16400282
26807,1437155026653,-6.7318964,7.1706343,0.2100912
26808,1437155026673,-6.657078,7.162853,0.24480712
26809,1437155026693,-6.6325374,7.1592617,0.27473465
26810,1437155026714,-6.612785,7.177817,0.260968
26811,1437155026733,-6.5960255,7.1610575,0.2717419
26812,1437155026751,-6.619369,7.129334,0.2813187
26813,1437155026772,-6.647501,7.086837,0.2825158
26814,1437155026794,-6.6600704,7.0365586,0.30406362
26815,1437155026811,-6.5990186,6.968324,0.30945057
26816,1437155026831,-6.691794,6.9246297,0.3513491
26817,1437155026851,-6.7959414,6.908469,0.38486794
26818,1437155026876,-6.8360443,6.8887167,0.39743748
26819,1437155026896,-6.8162923,6.9012866,0.35314476
26820,1437155026917,-6.8384385,6.930017,0.34117374
26821,1437155026933,-6.8372416,6.9449806,0.33877954
26822,1437155026950,-6.831256,6.9264255,0.3298013
26823,1437155026972,-6.8049197,6.973711,0.38307226
26824,1437155026991,-6.736685,6.977901,0.41359833
26825,1437155027012,-6.7001734,7.0371575,0.41359833
26826,1437155027031,-6.625355,7.116166,0.40102878
26827,1437155027112,-6.4990606,7.120356,0.39384618
26828,1437155027113,-6.4721255,7.1748238,0.35553896
26829,1437155027114,-6.510433,7.216124,0.3633201
26830,1437155027115,-6.5990186,7.217321,0.35314476
26831,1437155027133,-6.521207,7.1724296,0.38965634
26832,1437155027156,-6.543952,7.15986,0.35913026
26833,1437155027171,-6.5547256,7.1592617,0.42556936
26834,1437155027202,-6.531382,7.180211,0.39863458
26835,1437155027211,-6.541558,7.169437,0.35793316
26836,1437155027231,-6.51582,7.199963,0.39205053
26837,1437155027256,-6.4745197,7.216124,0.338181
26838,1437155027271,-6.449381,7.204153,0.31304187
26839,1437155027293,-6.505645,7.1963716,0.2741361
26840,1437155027314,-6.6205664,7.2083426,0.22984336
26841,1437155027334,-6.655282,7.189189,0.22984336
26842,1437155027351,-6.5990186,7.1945763,0.20530279
26843,1437155027374,-6.555324,7.1748238,0.17896658
26844,1437155027394,-6.463746,7.204153,0.2148796
26845,1437155027414,-6.4487824,7.211934,0.24301147
26846,1437155027434,-6.4601545,7.2394676,0.25857377
26847,1437155027452,-6.47033,7.2604165,0.29688102
26848,1437155027473,-6.42903,7.2502413,0.30107087
26849,1437155027492,-6.420052,7.20116,0.28909984
26850,1437155027514,-6.5188127,7.181408,0.30945057
26851,1437155027534,-6.6145806,7.149685,0.2873042
26852,1437155027554,-6.6893997,7.121553,0.3286042
26853,1437155027573,-6.664859,7.116166,0.3369839
26854,1437155027594,-6.6241574,7.1251445,0.32621
26855,1437155027614,-6.6295447,7.1329255,0.29448682
26856,1437155027634,-6.5403605,7.131728,0.28311434
26857,1437155027656,-6.467936,7.1155677,0.2705448
26858,1437155027673,-6.533178,7.1395097,0.26396075
26859,1437155027694,-6.643311,7.20116,0.23582886
26860,1437155027712,-6.5708866,7.156269,0.2717419
26861,1437155027732,-6.6205664,7.169437,0.25438392
26862,1437155027763,-6.6002154,7.1664443,0.2741361
26863,1437155027823,-6.670246,7.1395097,0.33638534
26864,1437155027824,-6.667852,7.135918,0.2789245
26865,1437155027826,-6.678027,7.0994067,0.28491
26866,1437155027840,-6.663662,7.104195,0.25438392
26867,1437155027851,-6.640917,7.0724716,0.2657564
26868,1437155027875,-6.6522894,7.0491285,0.29328972
26869,1437155027892,-6.715137,7.0527196,0.30047232
26870,1437155027911,-6.773795,7.0491285,0.32441434
26871,1437155027933,-6.7121444,7.0407486,0.30825347
26872,1437155027951,-6.707356,7.0287776,0.320823
26873,1437155027972,-6.706159,7.0209966,0.30765492
26874,1437155027998,-6.6905966,6.96174,0.31483752
26875,1437155028012,-6.7450647,6.9479733,0.320823
26876,1437155028033,-6.8127007,6.9611416,0.30765492
26877,1437155028053,-6.8198833,6.9503675,0.3184288
26878,1437155028072,-6.7905545,6.9665284,0.2765303
26879,1437155028093,-6.8492126,6.987478,0.26396075
26880,1437155028115,-6.739079,6.981492,0.21308395
26881,1437155028135,-6.7492547,6.974908,0.2184709
26882,1437155028155,-6.715736,6.941389,0.23283611
26883,1437155028174,-6.773795,6.9485717,0.23582886
26884,1437155028193,-6.818088,6.977302,0.2693477
26885,1437155028215,-6.881534,6.977302,0.24660277
26886,1437155028232,-6.723517,6.9808936,0.2184709
26887,1437155028253,-6.741473,7.006033,0.18734628
26888,1437155028275,-6.7642183,7.079654,0.15143326
26889,1437155028293,-6.7384806,7.035362,0.10474633
26890,1437155028313,-6.700772,7.04015,0.15562311
26891,1437155028335,-6.8282633,7.04434,0.24241292
26892,1437155028354,-6.8067155,6.9838862,0.31543607
26893,1437155028374,-6.7642183,6.9862804,0.3453636
26894,1437155028394,-6.758233,7.01142,0.31004912
26895,1437155028415,-6.7318964,7.032369,0.2825158
26896,1437155028435,-6.667253,7.037756,0.207697
26897,1437155028452,-6.6085954,7.038953,0.207697
26898,1437155028472,-6.671443,7.037756,0.24241292
26899,1437155028502,-6.6684504,7.0622964,0.27712885
26900,1437155028562,-6.7133417,7.067683,0.2837129
26901,1437155028566,-6.6427126,7.0485296,0.33159694
26902,1437155028567,-6.655881,7.0108213,0.39145198
26903,1437155028581,-6.707356,7.0449386,0.39504328
26904,1437155028592,-6.733692,7.055712,0.4177882
26905,1437155028615,-6.7133417,7.0820484,0.4309563
26906,1437155028632,-6.63553,7.032369,0.4165911
26907,1437155028652,-6.5391636,7.015011,0.39504328
26908,1437155028673,-6.628946,7.0365586,0.34715924
26909,1437155028695,-6.7085533,7.029975,0.3172317
26910,1437155028715,-6.689998,7.0383544,0.23822308
26911,1437155028734,-6.7324953,7.0622964,0.23044191
26912,1437155028755,-6.7468605,7.095815,0.2896984
26913,1437155028783,-6.651691,7.138911,0.427365
26914,1437155028814,-6.6947865,7.121553,0.50278234
26915,1437155028815,-6.63134,7.116166,0.5057751
26916,1437155028832,-6.4589577,7.1167645,0.46746787
26917,1437155028852,-6.6403184,7.187992,0.4961983
26918,1437155028872,-6.5247984,7.2245035,0.49679685
26919,1437155028892,-6.4870896,7.244256,0.57281274
26920,1437155028912,-6.397307,7.2310877,0.5291186
26921,1437155028933,-6.337452,7.223905,0.5153519
26922,1437155028952,-6.4266357,7.233482,0.50158525
26923,1437155028972,-6.5511346,7.2502413,0.4878186
26924,1437155028992,-6.5379663,7.2490444,0.54049104
26925,1437155029012,-6.47033,7.2298903,0.54049104
26926,1437155029083,-6.4463882,7.2490444,0.5626374
26927,1437155029084,-6.4565635,7.2807674,0.52073884
26928,1437155029085,-6.489484,7.301118,0.5303157
26929,1437155029114,-6.4960675,7.2807674,0.57161564
26930,1437155029115,-6.3482256,7.2472486,0.61411273
26931,1437155029133,-6.335656,7.2741833,0.6452374
26932,1437155029153,-6.3589997,7.2430587,0.6715736
26933,1437155029173,-6.31351,7.234679,0.6841431
26934,1437155029194,-6.3697734,7.2268977,0.6775591
26935,1437155029213,-6.4032927,7.2304893,0.6823475
26936,1437155029280,-6.3326635,7.2209125,0.6440403
26937,1437155029281,-6.3907228,7.2502413,0.57999533
26938,1437155029282,-6.488885,7.2484455,0.57041854
26939,1437155029302,-6.611588,7.2670007,0.6087258
26940,1437155029313,-6.6307416,7.192182,0.682946
26941,1437155029336,-6.51582,7.1006036,0.76434886
26942,1437155029352,-6.529587,7.095815,0.7733272
26943,1437155029372,-6.395511,7.149685,0.676362
26944,1437155029392,-6.3542113,7.21373,0.6027403
26945,1437155029415,-6.411672,7.2831616,0.51714754
26946,1437155029432,-6.4709287,7.299921,0.55365914
26947,1437155029454,-6.3805475,7.2179193,0.56323594
26948,1437155029476,-6.408081,7.2514386,0.55485624
26949,1437155029492,-6.4882865,7.2939353,0.50996494
26950,1437155029515,-6.4607534,7.2664022,0.56682724
26951,1437155029533,-6.5098343,7.2729864,0.5907693
26952,1437155029556,-6.5098343,7.27957,0.65541273
26953,1437155029576,-6.542156,7.2382703,0.7080852
26954,1437155029596,-6.4302273,7.1844006,0.7074866
26955,1437155029616,-6.3524156,7.1209545,0.7493851
26956,1437155029634,-6.3913217,7.093421,0.7529764
26957,1437155029656,-6.522404,7.1233487,0.6973112
26958,1437155029674,-6.671443,7.1712327,0.6787562
26959,1437155029694,-6.682217,7.1790137,0.6919243
26960,1437155029718,-6.5906386,7.0964136,0.7469909
26961,1437155029733,-6.4739213,7.023989,0.7428011
26962,1437155029754,-6.5631056,7.050924,0.6925228
26963,1437155029777,-6.6606693,7.0754647,0.65062433
26964,1437155029793,-6.645107,7.1167645,0.5793968
26965,1437155029813,-6.5870476,7.138911,0.5243302
26966,1437155029832,-6.5726824,7.1305313,0.43754035
26967,1437155029853,-6.622362,7.123947,0.41240123
26968,1437155029880,-6.606201,7.1347213,0.4333505
26969,1437155029894,-6.5487404,7.153276,0.43394905
26970,1437155029916,-6.555923,7.1766195,0.44651863
26971,1437155029938,-6.421249,7.1107793,0.4261679
26972,1437155030000,-6.361394,7.0904284,0.40821138
26973,1437155030001,-6.555923,7.147889,0.38726214
26974,1437155030002,-6.6103907,7.216124,0.3890578
26975,1437155030025,-6.542156,7.2125325,0.36870706
26976,1437155030033,-6.4068837,7.221511,0.33997664
26977,1437155030054,-6.4266357,7.2843585,0.23463176
26978,1437155030074,-6.491279,7.3346367,0.22385786
26979,1437155030093,-6.546346,7.349002,0.26994625
26980,1437155030117,-6.52001,7.3986816,0.23523031
26981,1437155030134,-6.417059,7.3849154,0.27832595
26982,1437155030156,-6.27221,7.305308,0.2753332
26983,1437155030175,-6.3619924,7.2939353,0.2717419
26984,1437155030195,-6.417658,7.261614,0.25737667
26985,1437155030214,-6.546346,7.2364745,0.25797522
26986,1437155030236,-6.5816603,7.199963,0.29747957
26987,1437155030256,-6.5840545,7.203554,0.3238158
26988,1437155030278,-6.5601125,7.1993647,0.338181
26989,1437155030296,-6.5020533,7.215525,0.35194764
26990,1437155030317,-6.4739213,7.20954,0.31663316
26991,1437155030334,-6.487688,7.2005615,0.29448682
26992,1437155030356,-6.4745197,7.2005615,0.26036942
26993,1437155030376,-6.517616,7.1670427,0.25139117
26994,1437155030398,-6.589442,7.1742253,0.2681506
26995,1437155030416,-6.681618,7.167641,0.25617957
26996,1437155030435,-6.7145386,7.0970125,0.3238158
26997,1437155030455,-6.651691,7.055114,0.36631286
26998,1437155030474,-6.6947865,7.059902,0.33518824
26999,1437155030495,-6.731298,7.077859,0.35553896
27000,1437155030514,-6.719327,7.0862384,0.31184477
27001,1437155030539,-6.6002154,7.055712,0.31364042
27002,1437155030559,-6.5565214,7.0263834,0.28491
27003,1437155030579,-6.6349316,7.0808516,0.26396075
27004,1437155030597,-6.6109896,7.0132155,0.2801216
27005,1437155030614,-6.667253,7.079056,0.28431144
27006,1437155030634,-6.853402,7.109582,0.24600422
27007,1437155030654,-6.8103065,7.055114,0.32800564
27008,1437155030677,-6.7253127,7.049727,0.32441434
27009,1437155030698,-6.83784,7.04434,0.34356794
27010,1437155030775,-6.715736,6.9820905,0.3657143
27011,1437155030776,-6.664859,6.9707184,0.37828386
27012,1437155030777,-6.6786256,6.981492,0.37349546
27013,1437155030778,-6.645107,7.00304,0.35194764
27014,1437155030796,-6.619968,6.9982514,0.3716998
27015,1437155030819,-6.6762314,6.9982514,0.41838676
27016,1437155030834,-6.655881,6.985682,0.38726214
27017,1437155030864,-6.6283474,7.005434,0.37469256
27018,1437155030874,-6.5283895,7.079056,0.29568392
27019,1437155030927,-6.4404025,7.243657,0.18435353
27020,1437155030928,-6.4404025,7.2664022,0.11611878
27021,1437155030937,-6.633136,7.16824,0.17657238
27022,1437155030960,-6.877943,6.96593,0.32022446
27023,1437155030978,-7.006033,6.7468605,0.45848963
27024,1437155030998,-7.2065473,6.5960255,0.56922144
27025,1437155031017,-7.2729864,6.4505777,0.6811504
27026,1437155031038,-7.2963295,6.3350577,0.7445967
27027,1437155031057,-7.355586,6.2500634,0.8182184
27028,1437155031077,-7.4166384,6.2207346,0.81343
27029,1437155031098,-7.4208283,6.2105594,0.8002619
27030,1437155031118,-7.409456,6.2464724,0.7308301
27031,1437155031137,-7.387908,6.249465,0.7308301
27032,1437155031154,-7.3166804,6.203975,0.7020996
27033,1437155031177,-7.2699933,6.2446766,0.6727707
27034,1437155031195,-7.36636,6.315904,0.6171055
27035,1437155031215,-7.294534,6.31351,0.6135142
27036,1437155031234,-7.3232646,6.3703723,0.58538234
27037,1437155031257,-7.3268557,6.381745,0.6326678
27038,1437155031281,-7.257424,6.3500214,0.66858083
27039,1437155031297,-7.1873937,6.271611,0.6757634
27040,1437155031318,-6.6145806,6.1662664,0.64583594
27041,1437155031336,-5.9106855,6.1758432,0.729633
27042,1437155031356,-6.2362967,6.353613,0.8948329
27043,1437155031375,-7.6231384,6.4260373,0.789488
27044,1437155031398,-7.835025,6.213552,0.57520694
27045,1437155031504,-7.8757267,5.9543796,0.65062433
27046,1437155031505,-8.185177,5.6682725,0.53570265
27047,1437155031506,-8.232463,5.507861,0.45250413
27048,1437155031507,-8.222287,5.390545,0.439336
27049,1437155031508,-8.402451,5.3025584,0.3681085
27050,1437155031561,-8.5060005,5.1960163,0.3489549
27051,1437155031562,-8.491635,5.055357,0.40462008
27052,1437155031563,-8.437765,4.8482585,0.43634325
27053,1437155031589,-8.445546,4.727351,0.5351041
27054,1437155031603,-8.520964,4.607043,0.6440403
27055,1437155031615,-8.669404,4.5765166,0.6721721
27056,1437155031648,-8.684368,4.4580035,0.6919243
27057,1437155031655,-8.641871,4.3939586,0.75118077
27058,1437155031676,-8.659827,4.3520603,0.74519527
27059,1437155031700,-8.694544,4.39755,0.7009025
27060,1437155031715,-8.698733,4.36044,0.6889315
27061,1437155031735,-8.689755,4.3897686,0.62129533
27062,1437155031755,-8.676587,4.408324,0.5566519
27063,1437155031775,-8.634089,4.3526587,0.5734113
27064,1437155031795,-8.667608,4.3646297,0.56084174
27065,1437155031815,-8.693945,4.3179426,0.5770026
27066,1437155031835,-8.68796,4.283227,0.59855044
27067,1437155031855,-8.714295,4.27365,0.6099229
27068,1437155031874,-8.796297,4.272453,0.623091
27069,1437155031894,-8.705916,4.2251673,0.6368576
27070,1437155031915,-8.747814,4.224569,0.64583594
27071,1437155031939,-8.775348,4.2179847,0.61530983
27072,1437155031955,-8.807071,4.2251673,0.59136784
27073,1437155031976,-8.831013,4.212598,0.5919664
27074,1437155031996,-8.810063,4.210802,0.5494693
27075,1437155032015,-8.742428,4.180875,0.55485624
27076,1437155032039,-8.680179,4.1611223,0.55964464
27077,1437155032063,-8.7538,4.2054152,0.5021838
27078,1437155032074,-8.750209,4.224569,0.46148238
27079,1437155032098,-8.787917,4.1958385,0.5021838
27080,1437155032118,-8.746018,4.161721,0.5117606
27081,1437155032139,-8.663419,4.173692,0.51834464
27082,1437155032156,-8.769362,4.228759,0.52373165
27083,1437155032175,-8.920197,4.2664676,0.49919105
27084,1437155032206,-8.84478,4.2610803,0.46627077
27085,1437155032216,-8.724471,4.2634745,0.46267948
27086,1437155032234,-8.677185,4.369418,0.45908818
27087,1437155032254,-8.748413,4.394557,0.45070848
27088,1437155032276,-8.56825,4.3819876,0.46327803
27089,1437155032296,-8.55149,4.373608,0.45489833
27090,1437155032315,-8.581417,4.457405,0.44113165
27091,1437155032339,-8.523358,4.4873323,0.43394905
27092,1437155032359,-8.670003,4.609437,0.41958386
27093,1437155032375,-8.757391,4.6537294,0.3681085
27094,1437155032400,-8.651448,4.673482,0.40880993
27095,1437155032415,-8.568848,4.6842556,0.3890578
27096,1437155032439,-8.523956,4.6962266,0.37110126
27097,1437155032459,-8.426393,4.6561236,0.41180268
27098,1437155032479,-8.371326,4.6698904,0.4441244
27099,1437155032499,-8.65863,4.8141413,0.47884035
27100,1437155032519,-8.4904375,4.717176,0.45010993
27101,1437155032542,-8.500014,4.63697,0.52971715
27102,1437155032561,-8.629301,4.620809,0.5662287
27103,1437155032577,-8.698733,4.5244427,0.6242881
27104,1437155032600,-8.717887,4.532822,0.65541273
27105,1437155032619,-8.752005,4.5962687,0.5907693
27106,1437155032640,-8.917204,4.6776714,0.54288524
27107,1437155032657,-8.566454,4.5537715,0.5734113
27108,1437155032675,-8.05589,4.569334,0.6901286
27109,1437155032698,-8.288726,4.8386817,0.7032967
27110,1437155032718,-8.746617,5.317522,0.5291186
27111,1437155032740,-8.227076,5.121796,0.3681085
27112,1437155032760,-8.033744,5.297171,0.5686229
27113,1437155032780,-8.309675,5.492897,0.60693014
27114,1437155032798,-8.085219,5.571307,0.41359833
27115,1437155032816,-7.5171947,5.6203885,0.48722005
27116,1437155032874,-7.201759,5.6802435,0.43035775
27117,1437155032877,-7.185598,5.9011087,0.4201824
27118,1437155032878,-7.240066,6.1465144,0.46866497
27119,1437155032902,-7.4866686,6.463746,0.3429694
27120,1437155032916,-6.9132576,6.3165026,0.2789245
27121,1437155032958,-6.7253127,6.5511346,0.52612585
27122,1437155032959,-7.1365166,6.5218053,0.29927522
27123,1437155032978,-7.1431007,6.5487404,0.6039374
27124,1437155033004,-7.2388687,6.4008985,0.7194576
27125,1437155033017,-7.053917,6.1507044,0.94570965
27126,1437155033040,-7.2191167,5.747281,1.2240356
27127,1437155033062,-7.2502413,5.407903,1.4957775
27128,1437155033078,-7.7608047,5.595848,1.5035586
27129,1437155033099,-8.0367365,5.443816,0.7673417
27130,1437155033116,-7.7733746,5.711368,0.4249708
27131,1437155033137,-7.7350674,5.715558,-0.23642741
27132,1437155033169,-8.051701,6.2728086,-0.6015432
27133,1437155033184,-7.719505,6.4505777,-1.2138603
27134,1437155033197,-6.939594,6.7199254,-1.311424
27135,1437155033221,-7.297527,7.1514807,-1.3215994
27136,1437155033237,-7.318476,7.354389,-1.5771804
27137,1437155033260,-6.779781,7.28795,-1.2952632
27138,1437155033278,-6.5337763,7.315483,-1.091756
27139,1437155033298,-6.7654157,7.563882,-1.0648212
27140,1437155033317,-6.7133417,7.60997,-1.0408791
27141,1437155033340,-6.5002575,7.3322425,-0.8912416
27142,1437155033360,-6.652888,7.161656,-0.5883751
27143,1437155033380,-6.9090676,6.7887588,-0.45370123
27144,1437155033401,-6.779182,6.667253,-0.20649989
27145,1437155033417,-7.050924,6.576872,-0.23223756
27146,1437155033438,-7.1006036,6.4218473,-0.18495208
27147,1437155033457,-7.264008,6.615778,-0.08738836
27148,1437155033479,-7.104195,6.371569,-0.36032736
27149,1437155033498,-7.237672,6.475717,-0.088585466
27150,1437155033607,-7.3567834,6.6067996,-0.29209262
27151,1437155033608,-7.0928226,6.5619082,-0.3226187
27152,1437155033609,-7.2472486,6.5948286,-0.1945289
27153,1437155033610,-7.255628,6.621763,-0.22026655
27154,1437155033611,-7.1939774,6.5379663,-0.20530279
27155,1437155033632,-6.971317,6.508039,-0.14903906
27156,1437155033660,-7.261614,6.5738792,-0.08678981
27157,1437155033661,-7.2909427,6.453571,-0.12629414
27158,1437155033677,-7.1730285,6.4224463,0.04369418
27159,1437155033705,-7.367557,6.4469867,-0.09756372
27160,1437155033724,-7.475895,6.3661823,0.02813187
27161,1437155033738,-7.459734,6.4469867,-0.0023942017
27162,1437155033760,-7.606379,6.5601125,-0.15083471
27163,1437155033778,-7.752425,6.5391636,-0.12330139
27164,1437155033800,-7.5345526,6.3619924,-0.051475335
27165,1437155033820,-7.2322845,6.38773,0.18974048
27166,1437155033840,-7.091625,6.645107,0.27593175
27167,1437155033860,-6.795343,6.7947445,0.25558102
27168,1437155033881,-7.061698,7.0832458,0.19512744
27169,1437155033900,-6.405088,6.591836,-0.1604115
27170,1437155033918,-6.9665284,6.8049197,0.4249708
27171,1437155033940,-7.418434,6.646304,0.12150574
27172,1437155033960,-6.8683662,6.609194,0.4285621
27173,1437155033981,-7.019799,6.465542,0.4321534
27174,1437155033998,-6.880337,6.5367694,0.16280572
27175,1437155034019,-6.918046,6.558317,0.22685061
27176,1437155034039,-7.107786,6.754043,-0.021547815
27177,1437155034059,-7.0928226,6.903082,-0.17896658
27178,1437155034078,-6.9383965,6.9144545,-0.30705637
27179,1437155034101,-6.895301,6.82946,-0.32800564
27180,1437155034120,-7.03177,6.766014,-0.1945289
27181,1437155034140,-7.1209545,6.875549,-0.24241292
27182,1437155034161,-7.023391,6.8731546,-0.32561144
27183,1437155034177,-6.96593,6.685808,-0.31902736
27184,1437155034199,-7.0766616,6.5511346,-0.12150574
27185,1437155034235,-7.1341224,6.5738792,-0.17956513
27186,1437155034238,-7.1395097,6.622362,-0.12210429
27187,1437155034301,-7.228095,6.623559,-0.016759412
27188,1437155034302,-7.1526775,6.6864066,-0.092775315
27189,1437155034313,-7.152079,6.6145806,-0.110133275
27190,1437155034319,-7.1664443,6.6804214,-0.059855044
27191,1437155034338,-7.0844426,6.6971807,-0.16759412
27192,1437155034362,-6.9689226,6.787562,-0.18136078
27193,1437155034378,-6.9623384,6.853402,-0.22804771
27194,1437155034398,-6.882133,6.9306154,-0.2657564
27195,1437155034441,-6.944382,6.95755,-0.2124854
27196,1437155034442,-6.8288617,6.974908,-0.25617957
27197,1437155034458,-6.6546836,6.897695,-0.21188685
27198,1437155034478,-6.651691,6.8366427,-0.10594343
27199,1437155034499,-6.6630635,6.855198,-0.15801731
27200,1437155034519,-6.7504516,6.9240313,-0.09995792
27201,1437155034541,-6.755839,6.89171,-0.029927522
27202,1437155034559,-6.8103065,6.9743094,-0.04189853
27203,1437155034580,-6.8103065,6.9306154,-0.076614454
27204,1437155034598,-6.8007298,6.9892735,-0.05925649
27205,1437155034620,-6.817489,6.9838862,-0.11671733
27206,1437155034639,-6.6624646,7.0742674,-0.1328782
27207,1437155034662,-6.687604,7.0928226,-0.11372458
27208,1437155034693,-6.6486983,7.1383123,-0.12090719
27209,1437155034697,-6.694188,7.137714,-0.14185645
27210,1437155034749,-6.6989765,7.141904,-0.1921347
27211,1437155034750,-6.6469026,7.1233487,-0.19812019
27212,1437155034760,-6.7803793,7.1113777,-0.17118542
27213,1437155034779,-6.819285,7.114969,-0.18375498
27214,1437155034798,-6.8623805,7.059902,-0.095169514
27215,1437155034819,-6.8091097,6.9707184,-0.0688333
27216,1437155034838,-6.8563952,6.9102645,-0.054468088
27217,1437155034858,-6.9126587,6.9360023,-0.030526072
27218,1437155034935,-6.8851256,6.931214,-0.073621705
27219,1437155034936,-6.869563,6.9611416,-0.045489833
27220,1437155034937,-6.821679,6.925827,-0.05566519
27221,1437155034942,-6.7749925,6.9342065,-0.019153614
27222,1437155034957,-6.645107,6.950966,-0.023343466
27223,1437155034977,-6.4266357,7.0251865,0.036511578
27224,1437155034997,-5.5617304,7.162853,0.06584055
27225,1437155035027,-4.3047748,7.802105,-0.08439561
27226,1437155035037,-4.44723,8.5886,-0.65660983
27227,1437155035057,-5.667674,8.073248,-0.789488
27228,1437155035077,-5.8723783,7.515399,-0.8182184
27229,1437155035097,-6.443395,7.3484035,-1.5316905
27230,1437155035117,-7.383718,7.3609734,-2.1428106
27231,1437155035137,-7.86615,7.1634517,-2.0895395
27232,1437155035157,-8.133103,6.8103065,-1.8082209
27233,1437155035177,-8.061875,6.443395,-1.4203602
27234,1437155035197,-7.963713,6.06571,-0.8774749
27235,1437155035217,-8.0924015,6.105813,-0.47225627
27236,1437155035237,-7.924209,6.3500214,-0.6967127
27237,1437155035257,-7.6231384,6.3350577,-0.57879823
27238,1437155035277,-7.5225816,6.4302273,-0.25558102
27239,1437155035297,-7.264008,6.7043633,-0.21787235
27240,1437155035317,-7.0712748,6.995259,-0.31364042
27241,1437155035339,-7.056311,7.0467343,-0.3477578
27242,1437155035361,-6.634333,6.669647,-0.10115502
27243,1437155035381,-6.249465,6.4978633,0.36631286
27244,1437155035402,-6.761824,6.600814,0.51714754
27245,1437155035420,-6.872556,6.6325374,0.3716998
27246,1437155035438,-6.758233,6.3512187,0.62368953
27247,1437155035462,-6.6534867,6.381745,0.84934306
27248,1437155035481,-7.009624,6.71394,0.6667852
27249,1437155035501,-7.0886326,6.9820905,0.49679685
27250,1437155035521,-6.885724,7.1939774,0.18614918
27251,1437155035539,-6.789956,7.2849574,-0.014963761
27252,1437155035562,-6.563704,7.253833,-0.025737667
27253,1437155035592,-6.4463882,7.1155677,0.035913024
27254,1437155035602,-6.519411,7.00723,0.1376666
27255,1437155035620,-6.82946,6.945579,0.15322891
27256,1437155035639,-6.9407907,6.797737,0.16160862
27257,1437155035658,-6.9946604,6.688801,0.17776948
27258,1437155035678,-7.0066314,6.6983776,0.23942018
27259,1437155035703,-7.0251865,6.7522473,0.22984336
27260,1437155035719,-6.915053,6.8641763,0.12030864
27261,1437155035739,-6.773795,7.015011,0.0796072
27262,1437155035762,-6.7109475,7.1341224,-0.02813187
27263,1437155035782,-6.623559,7.165247,-0.0796072
27264,1437155035802,-6.51163,7.071873,0.0053869537
27265,1437155035823,-6.408081,6.979098,0.015562311
27266,1437155035843,-6.5589156,7.0503254,-0.22325931
27267,1437155035863,-6.758233,7.1981673,-0.23044191
27268,1437155035883,-6.223129,7.240066,-0.2100912
27269,1437155035903,-5.511452,7.751228,-0.7015011
27270,1437155035923,-6.1716533,7.934983,-0.98700964
27271,1437155035944,-6.9461775,7.6345105,-0.4441244
27272,1437155035959,-7.177817,7.211934,-0.207697
27273,1437155035982,-7.6883802,6.615179,0.2717419
27274,1437155036000,-7.340024,5.85921,1.0354922
27275,1437155036020,-6.692991,6.063316,0.97623575
27276,1437155036041,-7.140108,6.4601545,0.50517654
27277,1437155036065,-7.2233067,6.7450647,0.3890578
27278,1437155036083,-6.897695,6.950966,0.1412579
27279,1437155036104,-6.815694,7.067085,-0.017956512
27280,1437155036123,-6.7546415,7.1107793,0.04070143
27281,1437155036140,-6.666056,7.1987658,-0.033518825
27282,1437155036159,-6.4787097,7.3047094,-0.17118542
27283,1437155036180,-6.4404025,7.374141,-0.2124854
27284,1437155036202,-6.4248405,7.379528,-0.24779987
27285,1437155036275,-6.3727665,7.311892,-0.23582886
27286,1437155036289,-6.463746,7.3106947,-0.22924481
27287,1437155036290,-6.467337,7.309498,-0.23343466
27288,1437155036291,-6.4122705,7.2831616,-0.22685061
27289,1437155036303,-6.3709707,7.277775,-0.15203181
27290,1437155036320,-6.35062,7.2753806,-0.130484
27291,1437155036342,-6.38773,7.2939353,-0.050278235
27292,1437155036360,-6.331466,7.275979,0.0035913025
27293,1437155036386,-6.2740054,7.3627687,-0.022744916
27294,1437155036400,-6.1979895,7.394492,-0.046686932
27295,1437155036422,-6.0387754,7.427412,-0.089782566
27296,1437155036442,-6.0405707,7.517793,-0.14065935
27297,1437155036462,-6.0399723,7.569867,-0.2088941
27298,1437155036480,-6.1225724,7.6309195,-0.2208651
27299,1437155036502,-6.071097,7.677606,-0.31783026
27300,1437155036523,-6.007651,7.6829934,-0.35314476
27301,1437155036543,-5.9926867,7.7069354,-0.37948096
27302,1437155036563,-5.935226,7.7039423,-0.3854665
27303,1437155036583,-5.9442043,7.6249337,-0.4297592
27304,1437155036603,-5.891532,7.566276,-0.47046062
27305,1437155036623,-6.0381765,7.5926123,-0.50637364
27306,1437155036643,-6.2889695,7.656657,-0.50278234
27307,1437155036663,-6.367379,7.7224975,-0.48123455
27308,1437155036681,-6.2686186,7.695563,-0.43155485
27309,1437155036704,-6.033388,7.712322,-0.36152446
27310,1437155036722,-5.9382186,7.680599,-0.3250129
27311,1437155036742,-5.847239,7.6506715,-0.30945057
27312,1437155036763,-5.7855883,7.6387005,-0.31483752
27313,1437155036782,-5.8424506,7.700351,-0.34237084
27314,1437155036805,-5.9250507,7.713519,-0.34955344
27315,1437155036824,-5.9448028,7.7410526,-0.3465607
27316,1437155036844,-6.0130377,7.735666,-0.35194764
27317,1437155036863,-5.94181,7.6428905,-0.29269117
27318,1437155036883,-5.9878983,7.599196,-0.25737667
27319,1437155036901,-6.0172276,7.6093717,-0.22685061
27320,1437155036922,-6.007651,7.6626425,-0.24899697
27321,1437155036941,-5.961562,7.759608,-0.2633622
27322,1437155037030,-5.899313,7.7626004,-0.34955344
27323,1437155037031,-5.7017913,7.7757688,-0.4213795
27324,1437155037032,-5.6150017,7.8356237,-0.5243302
27325,1437155037033,-5.746084,7.8835077,-0.5793968
27326,1437155037043,-6.025607,7.958925,-0.61171854
27327,1437155037061,-6.073491,7.9026613,-0.623091
27328,1437155037082,-6.023213,7.855376,-0.55006784
27329,1437155037100,-6.131551,7.77517,-0.46746787
27330,1437155037126,-6.3302693,7.550115,-0.18794483
27331,1437155037142,-6.408081,7.3567834,0.032920275
27332,1437155037161,-6.339846,7.257424,0.091578215
27333,1437155037182,-6.072294,7.2831616,0.09696517
27334,1437155037213,-5.981314,7.354389,-0.007182605
27335,1437155037222,-5.864597,7.5028296,-0.16400282
27336,1437155037240,-5.886145,7.6410947,-0.28431144
27337,1437155037260,-5.899313,7.7105265,-0.3609259
27338,1437155037280,-5.8358665,7.793725,-0.46327803
27339,1437155037302,-5.6569,7.828441,-0.59615624
27340,1437155037321,-5.623381,7.878121,-0.6961141
27341,1437155037344,-5.7484784,7.8146744,-0.7733272
27342,1437155037364,-5.9124813,7.7733746,-0.76315176
27343,1437155037384,-6.0106435,7.647679,-0.74998367
27344,1437155037404,-5.943007,7.5584946,-0.80684596
27345,1437155037422,-6.0441623,7.575254,-0.85652566
27346,1437155037444,-6.179435,7.631518,-0.93493575
27347,1437155037466,-6.159084,7.595605,-0.93493575
27348,1437155037486,-6.30932,7.5962033,-0.9355343
27349,1437155037506,-6.3111157,7.5255747,-0.961272
27350,1437155037523,-6.441001,7.5668745,-0.9415198
27351,1437155037542,-6.3248825,7.4268136,-0.9259575
27352,1437155037562,-6.479308,7.651869,-0.75716627
27353,1437155037582,-6.331466,7.507618,-0.85413146
27354,1437155037607,-6.1519012,7.478289,-0.7020996
27355,1437155037627,-6.247071,7.4812818,-0.7787141
27356,1437155037647,-6.3338604,7.5441294,-0.789488
27357,1437155037662,-6.2740054,7.489063,-0.7553706
27358,1437155037689,-6.1985884,7.4441714,-0.78649527
27359,1437155037749,-6.217742,7.421427,-0.7200562
27360,1437155037750,-6.305729,7.457938,-0.78290397
27361,1437155037751,-6.3003416,7.425018,-0.79846627
27362,1437155037763,-6.4008985,7.4166384,-0.80684596
27363,1437155037781,-6.277597,7.3083005,-0.83856916
27364,1437155037801,-6.3727665,7.311892,-0.80924016
27365,1437155037822,-6.6002154,7.3723454,-0.82121116
27366,1437155037841,-6.573281,7.3537903,-0.76434886
27367,1437155037863,-6.575675,7.3867106,-0.76315176
27368,1437155037881,-6.379949,7.3442135,-0.7858967
27369,1437155037904,-6.165668,7.2310877,-0.7942764
27370,1437155037929,-6.217742,7.2227077,-0.7505822
27371,1437155037943,-6.211158,7.2604165,-0.78170687
27372,1437155037963,-6.38773,7.358579,-0.7835025
27373,1437155037984,-6.459556,7.4854717,-0.7930793
27374,1437155038004,-6.4619503,7.5387425,-0.79128367
27375,1437155038024,-6.3206925,7.441179,-0.7182605
27376,1437155038042,-6.257845,7.4525514,-0.8355764
27377,1437155038064,-6.4392056,7.4830775,-0.82779527
27378,1437155038081,-6.591237,7.5429325,-0.7745243
27379,1437155038102,-6.4667387,7.419631,-0.80445176
27380,1437155038121,-6.156091,7.2765775,-0.8607155
27381,1437155038142,-6.0543375,7.102998,-0.89543146
27382,1437155038163,-6.273407,7.0605006,-0.87927055
27383,1437155038184,-6.825869,7.1706343,-0.83497787
27384,1437155038206,-7.055114,7.1425023,-0.74639237
27385,1437155038226,-6.633136,7.073669,-0.82599956
27386,1437155038244,-6.623559,7.0808516,-0.7200562
27387,1437155038264,-6.7564373,7.165247,-0.7457938
27388,1437155039812,-6.543952,7.1712327,-0.65301853
27389,1437155039813,-6.5577183,7.183802,-0.7404069
27390,1437155039814,-6.682217,7.221511,-0.741604
27391,1437155039815,-6.649895,7.0766616,-0.6937199
27392,1437155039816,-6.7612257,7.03177,-0.635062
27393,1437155039817,-6.892308,6.92044,-0.5722142
27394,1437155039818,-6.823475,6.88752,-0.4890157
27395,1437155039819,-6.7624226,6.909666,-0.53091425
27396,1437155039820,-6.7444663,6.8947024,-0.53570265
27397,1437155039821,-6.743269,6.8599863,-0.5422867
27398,1437155039822,-6.8749504,6.871359,-0.58418524
27399,1437155039823,-6.974908,6.869563,-0.5602432
27400,1437155039824,-6.931214,6.845621,-0.581791
27401,1437155039825,-6.923433,6.8767457,-0.6254852
27402,1437155039826,-6.9677253,6.8929067,-0.6326678
27403,1437155039827,-6.9479733,6.919243,-0.66738373
27404,1437155039828,-6.8342485,6.894104,-0.641646
27405,1437155039829,-6.815694,6.9048777,-0.6332663
27406,1437155039830,-6.8288617,6.9246297,-0.61171854
27407,1437155039831,-6.9048777,6.989872,-0.6206968
27408,1437155039832,-6.929418,7.0090256,-0.57640404
27409,1437155039833,-6.7642183,6.993463,-0.5554548
27410,1437155039834,-6.5960255,6.9677253,-0.5955577
27411,1437155039835,-6.573281,7.0024414,-0.6171055
27412,1437155039836,-6.7708025,7.0784574,-0.6398504
27413,1437155039837,-6.8240733,7.074866,-0.53689975
27414,1437155039838,-6.689998,7.049727,-0.5267244
27415,1437155039839,-6.685808,7.068282,-0.49440265
27416,1437155039840,-6.6445084,7.079654,-0.5189432
27417,1437155039841,-6.6564794,7.141305,-0.5303157
27418,1437155039842,-6.7324953,7.2185183,-0.5835867
27419,1437155039843,-6.663662,7.2550297,-0.6404489
27420,1437155039844,-6.5367694,7.211934,-0.65182143
27421,1437155039845,-6.5469446,7.2089415,-0.688333
27422,1437155039846,-6.570288,7.1700354,-0.694917
27423,1437155039847,-6.5385647,7.1353197,-0.682946
27424,1437155039848,-6.657078,7.1131735,-0.6913257
27425,1437155039849,-6.692991,7.074866,-0.64942724
27426,1437155039850,-6.781576,7.005434,-0.5770026
27427,1437155039851,-6.773795,6.981492,-0.5021838
27428,1437155039852,-6.8282633,7.01142,-0.46267948
27429,1437155039853,-6.7983356,7.019201,-0.42676646
27430,1437155039854,-6.6893997,7.0365586,-0.46627077
27431,1437155039855,-6.67683,7.0365586,-0.50637364
27432,1437155039856,-6.6163764,7.067683,-0.5189432
27433,1437155039857,-6.6265516,7.133524,-0.55964464
27434,1437155039858,-6.606201,7.157466,-0.58119243
27435,1437155039859,-6.6642604,7.177218,-0.6183026
27436,1437155039860,-6.6534867,7.1742253,-0.6314707
27437,1437155039861,-6.6840124,7.1832037,-0.6171055
27438,1437155039862,-6.694188,7.2059484,-0.6398504
27439,1437155039863,-6.7025676,7.20535,-0.58418524
27440,1437155039864,-6.7642183,7.2328835,-0.545878
27441,1437155039865,-6.754043,7.2322845,-0.52133745
27442,1437155039866,-6.704962,7.1832037,-0.5021838
27443,1437155039867,-6.6480994,7.165247,-0.49081135
27444,1437155039868,-6.637326,7.138911,-0.45968673
27445,1437155039869,-6.6307416,7.088034,-0.44352585
27446,1437155039870,-6.5738792,7.020398,-0.45310268
27447,1437155039871,-6.5744777,6.9719152,-0.4345476
27448,1437155039872,-6.527791,6.9318123,-0.46806642
27449,1437155039873,-6.52001,6.899491,-0.47524905
27450,1437155039874,-6.5846534,6.96593,-0.53450555
27451,1437155039875,-6.7486563,7.031172,-0.54767364
27452,1437155039876,-6.817489,7.1233487,-0.5710171
27453,1437155039877,-6.9120603,7.2310877,-0.6404489
27454,1437155039878,-6.8132997,7.2550297,-0.6123171
27455,1437155039879,-6.619369,7.1951747,-0.557849
27456,1437155039880,-6.4386067,7.156269,-0.5530606
27457,1437155039881,-6.347627,7.1634517,-0.54527944
27458,1437155039882,-6.425439,7.1945763,-0.54887074
27459,1437155039883,-6.506243,7.167641,-0.53929394
27460,1437155039884,-6.55293,7.095815,-0.45489833
27461,1437155039885,-6.7091517,7.065289,-0.39683893
27462,1437155039886,-6.823475,7.006033,-0.24121583
27463,1437155039887,-6.7510505,7.000047,-0.23582886
27464,1437155039888,-6.64391,7.0545154,-0.31663316
27465,1437155039889,-6.673837,7.109582,-0.32561144
27466,1437155039890,-6.5816603,7.0826473,-0.39205053
27467,1437155039891,-6.6295447,7.08145,-0.4261679
27468,1437155039892,-6.553529,7.0970125,-0.5734113
27469,1437155039901,-6.6864066,7.125743,-0.6386533
27470,1437155039921,-6.919243,7.1945763,-0.6721721
27471,1437155039941,-7.016208,7.2430587,-0.6973112
27472,1437155039961,-6.8881183,7.177218,-0.6691794
27473,1437155039981,-6.645107,7.0407486,-0.64703304
27474,1437155040002,-6.587646,6.967127,-0.58657944
27475,1437155040022,-6.5990186,6.9048777,-0.51834464
27476,1437155040043,-6.7187285,6.889914,-0.4997896
27477,1437155040064,-6.8085113,6.9066734,-0.46148238
27478,1437155040084,-6.7923503,6.8970966,-0.480636
27479,1437155040105,-6.8462195,6.919243,-0.50278234
27480,1437155040126,-6.862979,6.8773446,-0.5542577
27481,1437155040145,-6.974908,6.95336,-0.5518635
27482,1437155040165,-7.0581064,6.9306154,-0.557849
27483,1437155040185,-7.004237,6.9264255,-0.545878
27484,1437155040205,-6.9808936,6.915652,-0.5919664
27485,1437155040227,-6.925827,6.9132576,-0.55126494
27486,1437155040246,-6.905476,6.913856,-0.57041854
27487,1437155040264,-6.8647747,6.9108634,-0.55006784
27488,1437155040286,-6.8228765,6.9120603,-0.5482722
27489,1437155040305,-6.739678,6.8450227,-0.4854244
27490,1437155040324,-6.8402343,6.897695,-0.46148238
27491,1437155040344,-6.941988,6.9838862,-0.47046062
27492,1437155040384,-6.96174,7.0503254,-0.44592008
27493,1437155040385,-6.8210807,7.0144124,-0.46387658
27494,1437155040403,-6.7534447,6.9970546,-0.4357447
27495,1437155040422,-6.7731967,7.0186024,-0.46208093
27496,1437155040443,-6.688801,6.962937,-0.48003745
27497,1437155040463,-6.697779,6.96174,-0.46806642
27498,1437155040483,-6.7360864,6.935404,-0.46267948
27499,1437155040503,-6.851607,6.927623,-0.4261679
27500,1437155040523,-6.9144545,6.897695,-0.42437226
27501,1437155040543,-7.0245876,6.9348054,-0.3866636
27502,1437155040563,-7.065888,6.869563,-0.41838676
27503,1437155040583,-7.023391,6.8839283,-0.39264908
27504,1437155040606,-7.0144124,6.7851677,-0.4321534
27505,1437155040628,-6.8204823,6.6983776,-0.40701428
27506,1437155040645,-6.983288,6.68102,-0.4405331
27507,1437155040667,-7.00304,6.671443,-0.4321534
27508,1437155040684,-6.9569516,6.634333,-0.4225766
27509,1437155040705,-7.2490444,6.7624226,-0.32321724
27510,1437155040726,-7.231686,6.7666125,-0.3609259
27511,1437155040744,-6.996456,6.675633,-0.34955344
27512,1437155040763,-7.0407486,6.5684924,-0.29568392
27513,1437155040783,-6.9677253,6.5948286,-0.3184288
27514,1437155040803,-6.7887588,6.7265096,-0.41958386
27515,1437155040827,-6.879739,6.839037,-0.4405331
27516,1437155040848,-6.88333,6.854001,-0.45429978
27517,1437155040868,-6.8450227,6.921637,-0.40880993
27518,1437155040886,-6.929418,7.069479,-0.50158525
27519,1437155040929,-6.7893577,7.098808,-0.47405192
27520,1437155040930,-6.657078,7.0886326,-0.40342298
27521,1437155040943,-6.8869214,7.2628107,-0.46088383
27522,1437155040964,-6.7265096,7.0784574,-0.4285621
27523,1437155040984,-6.51163,7.0874357,-0.32202014
27524,1437155041015,-6.7306995,7.065289,-0.35434186
27525,1437155041031,-6.7863646,7.1371155,-0.36152446
27526,1437155041044,-6.5655,7.038953,-0.34715924
27527,1437155041064,-6.499659,7.113772,-0.30765492
27528,1437155041086,-6.712743,7.050924,-0.29508537
27529,1437155041106,-6.743868,7.064092,-0.13826515
27530,1437155041126,-6.782175,7.1083846,-0.22984336
27531,1437155041145,-6.706159,7.109582,-0.23882163
27532,1437155041172,-6.5523314,7.0904284,-0.22385786
27533,1437155041185,-6.619369,7.1227503,-0.25558102
27534,1437155041208,-6.6187706,7.068282,-0.14903906
27535,1437155041224,-7.089231,7.1245456,-0.23702596
27536,1437155041247,-6.7205243,7.009624,-0.14305355
27537,1437155041268,-6.8049197,6.915053,-0.12210429
27538,1437155041287,-6.8504095,6.8970966,-0.17118542
27539,1437155041308,-6.965331,6.8641763,-0.10235212
27540,1437155041328,-6.9820905,6.8372416,-0.11372458
27541,1437155041347,-7.023989,6.815694,-0.11851298
27542,1437155041368,-7.009624,6.8162923,-0.12389994
27543,1437155041388,-6.956353,6.7725983,-0.09816227
27544,1437155041406,-7.083844,6.8222775,-0.092176765
27545,1437155041425,-7.1514807,6.8168907,-0.053869538
27546,1437155041449,-7.1706343,6.76362,0.047884032
27547,1437155041464,-7.1622543,6.655881,0.1328782
27548,1437155041485,-7.065888,6.579266,0.23044191
27549,1437155041504,-7.1472907,6.5259953,0.3405752
27550,1437155041524,-7.2849574,6.5786676,0.3585317
27551,1437155041545,-7.1125746,6.4302273,0.39504328
27552,1437155041567,-7.1867948,6.403891,0.44831428
27553,1437155041587,-7.2233067,6.3823433,0.42317516
27554,1437155041651,-7.114969,6.4218473,0.46627077
27555,1437155041652,-7.043143,6.4583592,0.3752911
27556,1437155041653,-7.157466,6.567295,0.38606504
27557,1437155041665,-7.1634517,6.5960255,0.320823
27558,1437155041726,-7.0730705,6.5505357,0.2873042
27559,1437155041727,-6.9210386,6.510433,0.29747957
27560,1437155041728,-6.8025255,6.4469867,0.25438392
27561,1437155041749,-7.032369,6.483498,0.38845924
27562,1437155041765,-7.237672,6.508039,0.3561375
27563,1437155041787,-7.306505,6.5906386,0.45370123
27564,1437155041805,-7.398083,6.5708866,0.4321534
27565,1437155041825,-7.386112,6.591836,0.40701428
27566,1437155041858,-7.4896617,6.63972,0.39923313
27567,1437155041876,-7.301118,6.651691,0.2681506
27568,1437155041885,-7.1287355,6.611588,0.24779987
27569,1437155041905,-7.0742674,6.6271505,0.2124854
27570,1437155041925,-7.071873,6.5265937,0.24121583
27571,1437155041945,-7.101202,6.5032506,0.2908955
27572,1437155041965,-7.306505,6.5379663,0.26156655
27573,1437155041985,-7.3232646,6.445191,0.3274071
27574,1437155042005,-7.3083005,6.417658,0.362123
27575,1437155042025,-7.2873516,6.364985,0.3369839
27576,1437155042045,-7.3364325,6.375759,0.40043023
27577,1437155042064,-7.2927384,6.3829417,0.4369418
27578,1437155042084,-7.235876,6.3859344,0.49081135
27579,1437155042104,-7.2047515,6.4302273,0.47105917
27580,1437155042125,-7.179612,6.510433,0.44891283
27581,1437155042146,-7.059902,6.555324,0.44472298
27582,1437155042169,-7.012018,6.603208,0.46088383
27583,1437155042188,-6.981492,6.673837,0.40043023
27584,1437155042206,-6.962937,6.7085533,0.40282443
27585,1437155042225,-6.9425864,6.728904,0.35254622
27586,1437155042246,-6.884527,6.703765,0.320823
27587,1437155042264,-6.9689226,6.757634,0.29328972
27588,1437155042287,-7.0569096,6.791153,0.24779987
27589,1437155042308,-7.1023993,6.7803793,0.22026655
27590,1437155042328,-7.083844,6.7761893,0.25378537
27591,1437155042346,-7.018004,6.7546415,0.20590134
27592,1437155042364,-6.994062,6.7642183,0.18195933
27593,1437155042385,-6.943185,6.7205243,0.19871874
27594,1437155042404,-6.9264255,6.7091517,0.14425065
27595,1437155042424,-7.0275807,6.6840124,0.18794483
27596,1437155042444,-7.091027,6.716933,0.17477672
27597,1437155042464,-7.077859,6.679823,0.20410569
27598,1437155042490,-7.0485296,6.670246,0.19632454
27599,1437155042509,-7.0928226,6.6750345,0.16699557
27600,1437155042526,-7.0449386,6.6427126,0.2208651
27601,1437155042550,-6.9826894,6.6480994,0.24540567
27602,1437155042565,-6.9850836,6.613384,0.22266077
27603,1437155042588,-7.045537,6.664859,0.23642741
27604,1437155042611,-7.1287355,6.671443,0.260968
27605,1437155042630,-7.1634517,6.6864066,0.28790274
27606,1437155042648,-7.1712327,6.697779,0.29688102
27607,1437155042668,-7.137714,6.704962,0.31902736
27608,1437155042688,-7.1784153,6.7708025,0.3357868
27609,1437155042709,-7.140108,6.7881603,0.32920274
27610,1437155042731,-6.9581485,6.803723,0.34835634
27611,1437155042745,-6.8827314,6.930017,0.2657564
27612,1437155042765,-6.71813,6.9808936,0.19273324
27613,1437155042788,-6.5655,6.996456,0.20709845
27614,1437155042810,-6.63972,6.992266,0.16579847
27615,1437155042829,-6.7450647,6.953959,0.15143326
27616,1437155042850,-6.871359,6.88752,0.2100912
27617,1437155042870,-6.901885,6.7863646,0.25019407
27618,1437155042890,-6.9808936,6.7199254,0.28790274
27619,1437155042906,-7.1275387,6.711546,0.31543607
27620,1437155042929,-7.1832037,6.6750345,0.34356794
27621,1437155042949,-7.053917,6.588843,0.3393781
27622,1437155042969,-7.0730705,6.5445504,0.36511576
27623,1437155042990,-7.0515227,6.551733,0.3226187
27624,1437155043006,-7.0503254,6.5283895,0.33518824
27625,1437155043063,-7.137714,6.5403605,0.32142156
27626,1437155043067,-7.1688385,6.601413,0.2741361
27627,1437155043068,-7.176021,6.63553,0.27114335
27628,1437155043095,-7.1347213,6.6486983,0.21428105
27629,1437155043107,-7.025785,6.647501,0.2112883
27630,1437155043140,-7.029975,6.689998,0.15741876
27631,1437155043150,-7.065888,6.7588315,0.14185645
27632,1437155043167,-7.156269,6.8504095,0.15861586
27633,1437155043186,-7.157466,6.839037,0.12988544
27634,1437155043207,-7.0706763,6.8210807,0.12988544
27635,1437155043226,-6.975507,6.7881603,0.12749124
27636,1437155043246,-6.9587474,6.7510505,0.17118542
27637,1437155043268,-7.0006456,6.721721,0.21188685
27638,1437155043289,-7.1089835,6.7306995,0.23104046
27639,1437155043310,-6.9665284,6.621165,0.26874915
27640,1437155043329,-6.971317,6.6163764,0.22685061
27641,1437155043350,-7.0712748,6.6247563,0.18674773
27642,1437155043370,-7.197569,6.633136,0.16400282
27643,1437155043390,-7.2203135,6.597223,0.19033903
27644,1437155043410,-7.187992,6.6002154,0.26036942
27645,1437155043427,-7.1712327,6.63972,0.20829555
27646,1437155043451,-7.179612,6.682217,0.24121583
27647,1437155043470,-7.0275807,6.658275,0.20949265
27648,1437155043490,-6.9701195,6.6732388,0.219668
27649,1437155043510,-7.0287776,6.7330937,0.21787235
27650,1437155043530,-7.0066314,6.6828156,0.25139117
27651,1437155043549,-6.863578,6.658275,0.30107087
27652,1437155043572,-7.025785,6.6786256,0.28191724
27653,1437155043589,-7.067085,6.7612257,0.28670564
27654,1437155043611,-7.023989,6.7785835,0.30226797
27655,1437155043636,-6.96174,6.8228765,0.29209262
27656,1437155043648,-6.9503675,6.8366427,0.34596214
27657,1437155043670,-6.9240313,6.882133,0.3184288
27658,1437155043689,-6.8988924,6.885724,0.31184477
27659,1437155043719,-6.821679,6.8545995,0.28491
27660,1437155043790,-6.854001,6.8450227,0.2681506
27661,1437155043791,-6.944382,6.84203,0.28550854
27662,1437155043792,-7.0593038,6.819285,0.2681506
27663,1437155043793,-7.0850415,6.731298,0.28670564
27664,1437155043808,-7.102998,6.669049,0.30705637
27665,1437155043840,-7.141305,6.6361284,0.30526072
27666,1437155043848,-7.102998,6.5271926,0.35913026
27667,1437155043867,-7.16824,6.531382,0.39384618
27668,1437155043889,-7.2783732,6.523601,0.4405331
27669,1437155043908,-7.277176,6.521207,0.4758476
27670,1437155043932,-7.2526355,6.519411,0.5129577
27671,1437155043949,-7.1448965,6.5547256,0.54887074
27672,1437155043972,-7.0982094,6.591237,0.5793968
27673,1437155043990,-6.9988503,6.5924344,0.55365914
27674,1437155044010,-6.9796963,6.6067996,0.5542577
27675,1437155044030,-6.977901,6.6229606,0.52971715
27676,1437155044050,-6.9665284,6.6295447,0.4902128
27677,1437155044070,-6.986879,6.6163764,0.49440265
27678,1437155044090,-6.9485717,6.5804634,0.48482585
27679,1437155044110,-7.0862384,6.6163764,0.4770447
27680,1437155044130,-7.1251445,6.6486983,0.45549688
27681,1437155044149,-7.119757,6.657676,0.46986207
27682,1437155044170,-7.1365166,6.725911,0.44711718
27683,1437155044189,-7.0862384,6.7205243,0.45310268
27684,1437155044210,-7.001843,6.7372837,0.45489833
27685,1437155044230,-6.9383965,6.7504516,0.42556936
27686,1437155044248,-6.918046,6.8025255,0.41000703
27687,1437155044270,-6.952163,6.779182,0.40462008
27688,1437155044290,-6.9677253,6.7773867,0.44651863
27689,1437155044311,-6.974908,6.75943,0.47225627
27690,1437155044330,-6.9916677,6.736685,0.45130703
27691,1437155044351,-6.9605427,6.71813,0.4866215
27692,1437155044370,-6.9982514,6.664859,0.4854244
27693,1437155044390,-6.993463,6.612785,0.52073884
27694,1437155044411,-7.050924,6.63553,0.49679685
27695,1437155044429,-7.1490865,6.6480994,0.47524905
27696,1437155044449,-7.1748238,6.621763,0.4441244
27697,1437155044518,-7.177817,6.600814,0.46028528
27698,1437155044519,-7.08564,6.5619082,0.49679685
27699,1437155044520,-7.056311,6.6145806,0.50278234
27700,1437155044527,-7.153276,6.6774287,0.49320555
27701,1437155044549,-7.0227923,6.654085,0.46447513
27702,1437155044575,-6.9467764,6.646304,0.45130703
27703,1437155044589,-6.981492,6.685808,0.4141969
27704,1437155044608,-7.0221934,6.699575,0.41958386
27705,1437155044638,-6.930017,6.679823,0.4225766
27706,1437155044677,-7.023391,6.711546,0.39025488
27707,1437155044678,-7.009624,6.752846,0.3477578
27708,1437155044739,-7.01142,6.7486563,0.3657143
27709,1437155044740,-6.971317,6.7444663,0.3250129
27710,1437155044741,-6.9820905,6.7091517,0.32441434
27711,1437155044759,-6.968324,6.739678,0.3465607
27712,1437155044768,-6.9461775,6.7743936,0.3716998
27713,1437155044789,-6.977302,6.8121023,0.32800564
27714,1437155044852,-6.9288197,6.8372416,0.3561375
27715,1437155044853,-6.8522053,6.882133,0.3393781
27716,1437155044854,-6.6588736,6.931214,0.30406362
27717,1437155044868,-6.543353,7.105392,0.2088941
27718,1437155044889,-6.4350157,7.2753806,0.021547815
27719,1437155044910,-6.1106014,7.5189905,-0.3429694
27720,1437155044935,-5.832874,7.7063365,-0.59256494
27721,1437155044951,-6.1225724,7.727286,-0.62967503
27722,1437155044970,-6.0740895,7.6680293,-0.64463884
27723,1437155044992,-6.209362,7.543531,-0.79008657
27724,1437155045010,-6.4206505,7.405266,-0.7781156
27725,1437155045029,-6.687604,7.249643,-0.6811504
27726,1437155045053,-6.691794,7.1383123,-0.7703344
27727,1437155045069,-7.0581064,6.8707604,-0.6488287
27728,1437155045091,-7.4711065,6.5607114,-0.350152
27729,1437155045112,-7.455544,6.395511,-0.31184477
27730,1437155045131,-7.3831196,6.306926,-0.25617957
27731,1437155045149,-7.195773,6.353014,-0.22146365
27732,1437155045168,-7.297527,6.381146,-0.23642741
27733,1437155045193,-7.27957,6.420052,-0.2148796
27734,1437155045238,-7.0688806,6.571485,-0.36870706
27735,1437155045239,-6.983288,6.7510505,-0.5374983
27736,1437155045258,-7.0467343,6.92044,-0.6362591
27737,1437155045268,-6.985682,6.9581485,-0.717662
27738,1437155045289,-6.7001734,7.0862384,-0.919972
27739,1437155045311,-6.8360443,6.907272,-0.9020155
27740,1437155045329,-7.1071877,6.4900823,-0.6667852
27741,1437155045348,-7.1490865,6.14412,-0.50876784
27742,1437155045368,-7.4028716,5.7945666,-0.32441434
27743,1437155045392,-7.9391727,5.6377463,-0.17058687
27744,1437155045412,-8.5143795,5.673061,-0.16579847
27745,1437155045431,-8.7053175,5.699397,-0.18076223
27746,1437155045448,-8.580819,5.645528,-0.050876785
27747,1437155045471,-8.364742,5.589264,0.09696517
27748,1437155045492,-8.093,5.544971,0.22804771
27749,1437155045512,-7.893683,5.603629,0.29448682
27750,1437155045532,-7.9385743,5.7544637,0.30466217
27751,1437155045552,-7.7452426,5.955577,0.16340427
27752,1437155045573,-7.475895,6.069301,0.018555064
27753,1437155045598,-7.379528,6.2207346,-0.14664486
27754,1437155045612,-7.328053,6.3739634,-0.25737667
27755,1437155045629,-7.317279,6.551733,-0.33279404
27756,1437155045650,-7.20535,6.651691,-0.40761283
27757,1437155045670,-7.129334,6.613982,-0.28790274
27758,1437155045693,-7.1748238,6.637326,-0.31423897
27759,1437155045714,-7.289746,6.6121864,-0.28491
27760,1437155045734,-7.2939353,6.569091,-0.19153613
27761,1437155045752,-7.1867948,6.51163,-0.15143326
27762,1437155045772,-7.08145,6.467337,-0.048482586
27763,1437155045790,-7.152079,6.510433,-0.08678981
27764,1437155045811,-7.141904,6.4781113,-0.07062895
27765,1437155045830,-7.0024414,6.6145806,-0.12090719
27766,1437155045906,-7.1047935,6.6750345,-0.2184709
27767,1437155045918,-7.1472907,6.7121444,-0.21188685
27768,1437155045919,-7.0994067,6.7606273,-0.2088941
27769,1437155045920,-7.1592617,6.7881603,-0.15143326
27770,1437155045930,-7.008427,6.7905545,-0.12749124
27771,1437155045950,-7.0036387,6.843227,-0.14544775
27772,1437155045969,-7.191583,6.863578,-0.1412579
27773,1437155045990,-7.065888,6.7785835,-0.06823475
27774,1437155046014,-6.9844847,6.70975,-0.01436521
27775,1437155046031,-7.105392,6.6947865,0.05327099
27776,1437155046051,-6.9587474,6.63553,0.02932897
27777,1437155046071,-6.931214,6.637326,0.010773907
27778,1437155046094,-7.0227923,6.609194,-0.05207389
27779,1437155046115,-7.0036387,6.543952,-0.033518825
27780,1437155046133,-7.1059904,6.5026517,-0.018555064
27781,1437155046152,-7.2101383,6.6056023,-0.073621705
27782,1437155046172,-7.2245035,6.7121444,-0.23762453
27783,1437155046191,-7.1395097,6.8528037,-0.28550854
27784,1437155046213,-7.1790137,6.8264675,-0.30885202
27785,1437155046232,-7.235876,6.7648168,-0.23283611
27786,1437155046252,-7.2179193,6.71394,-0.18495208
27787,1437155046272,-7.1604586,6.634333,-0.16220717
27788,1437155046291,-7.028179,6.628946,-0.23403321
27789,1437155046310,-7.019799,6.619968,-0.32800564
27790,1437155046330,-7.1263413,6.609792,-0.3465607
27791,1437155046353,-7.064092,6.5349736,-0.3333926
27792,1437155046372,-7.097611,6.4188547,-0.30107087
27793,1437155046390,-7.1724296,6.4260373,-0.27832595
27794,1437155046412,-7.275979,6.4230447,-0.30645782
27795,1437155046433,-7.1604586,6.4421983,-0.24181437
27796,1437155046453,-7.245453,6.599617,-0.3633201
27797,1437155046473,-7.356185,6.5565214,-0.350152
27798,1437155046493,-7.4106526,6.3344593,-0.044292733
27799,1437155046512,-7.6548615,5.8837504,0.40282443
27800,1437155046532,-8.043321,5.3636103,0.95229375
27801,1437155046553,-8.083424,4.9799395,1.3437457
27802,1437155046570,-7.5495167,4.951209,1.0654198
27803,1437155046597,-7.1131735,5.2301335,0.92655605
27804,1437155046653,-7.8068933,5.3821654,0.6344634
27805,1437155046654,-8.337808,6.010045,-1.0127473
27806,1437155046655,-7.445967,7.401076,-2.7168205
27807,1437155046680,-7.00304,7.317279,-2.3948002
27808,1437155046690,-6.781576,7.252037,-1.7298107
27809,1437155046717,-7.1155677,6.940192,-1.7705121
27810,1437155046731,-7.3244615,6.6427126,-1.38325
27811,1437155046752,-7.0485296,6.640917,-1.3814543
27812,1437155046771,-7.3088994,6.587646,-1.5664065
27813,1437155046791,-7.760206,6.2626333,-0.9540894
27814,1437155046812,-7.4872675,6.4499793,-0.8655039
27815,1437155046831,-7.6973586,6.4864907,-1.3365631
27816,1437155046853,-7.9673047,6.0704985,-0.65900403
27817,1437155046873,-7.677606,5.955577,-0.4950012
27818,1437155046892,-7.8039002,6.075287,-0.89303726
27819,1437155046911,-8.085219,5.8663926,-0.48003745
27820,1437155046933,-7.7985134,5.734113,-0.23702596
27821,1437155046953,-7.574057,5.969343,-0.40521863
27822,1437155046973,-8.277952,5.2798133,-0.40940848
27823,1437155046993,-8.3150625,5.181651,0.2621651
27824,1437155047010,-7.9427643,5.0613422,0.16101007
27825,1437155047033,-7.8529816,5.3701944,-0.26276365
27826,1437155047051,-8.116942,5.425261,-0.52073884
27827,1437155047074,-8.167819,5.603629,-0.40102878
27828,1437155047093,-8.133701,5.6431336,-0.4842273
27829,1437155047112,-8.01459,5.7203465,-0.43394905
27830,1437155047132,-8.098388,5.5084596,-0.26036942
27831,1437155047153,-8.043321,5.494693,-0.18315643
27832,1437155047173,-8.112154,5.3725886,-0.12330139
27833,1437155047193,-8.128913,5.357026,0.05267244
27834,1437155047215,-7.9511437,5.485116,-0.12389994
27835,1437155047233,-7.9756846,5.4324436,-0.11731588
27836,1437155047253,-8.02297,5.354632,0.077811554
27837,1437155047271,-7.9846625,5.28939,0.11252748
27838,1437155047292,-8.08881,5.3103395,0.077811554
27839,1437155047311,-8.124723,5.394735,-0.04249708
27840,1437155047386,-8.081628,5.46297,-0.2112883
27841,1437155047388,-8.161834,5.3995233,-0.049081136
27842,1437155047400,-8.239047,5.33907,0.033518825
27843,1437155047401,-8.118139,5.3139305,0.11192893
27844,1437155047410,-8.166622,5.3366756,0.12749124
27845,1437155047431,-8.273164,5.415684,0.06703765
27846,1437155047450,-8.254609,5.415086,0.14604631
27847,1437155047470,-8.115147,5.4144874,0.15023616
27848,1437155047494,-7.9511437,5.4647655,0.034117375
27849,1437155047511,-7.9702973,5.492897,0.09816227
27850,1437155047531,-7.9451585,5.4863133,0.079008654
27851,1437155047552,-7.9984293,5.450999,0.130484
27852,1437155047572,-8.015189,5.3025584,0.26276365
27853,1437155047593,-7.979874,5.2780175,0.24001873
27854,1437155047614,-8.043321,5.3007627,0.17477672
27855,1437155047633,-8.157045,5.3103395,0.22685061
27856,1437155047653,-8.34918,5.1984105,0.30945057
27857,1437155047674,-8.298303,5.1020436,0.374094
27858,1437155047694,-8.324639,5.0810947,0.3645172
27859,1437155047714,-8.267179,5.1607018,0.3226187
27860,1437155047734,-8.170812,5.2636523,0.095169514
27861,1437155047753,-8.005013,5.382764,0.05207389
27862,1437155047774,-7.9289975,5.5940523,-0.023942016
27863,1437155047791,-7.9822683,5.61979,-0.046088383
27864,1437155047813,-7.762002,5.7359085,-0.11911154
27865,1437155047835,-7.69257,5.8879404,-0.2741361
27866,1437155047852,-7.9032598,5.8125234,-0.08200141
27867,1437155047873,-8.070854,5.625177,0.20111294
27868,1437155047894,-7.9583263,5.543774,0.24899697
27869,1437155047914,-7.831434,5.5204306,0.15622166
27870,1437155047934,-7.839215,5.609016,0.077811554
27871,1437155047954,-7.952341,5.6431336,0.07182605
27872,1437155047974,-7.984064,5.6126075,0.0796072
27873,1437155047994,-7.973889,5.569512,0.09995792
27874,1437155048011,-7.93618,5.497087,0.12569559
27875,1437155048162,-8.015787,5.4581814,0.12808979
27876,1437155048163,-8.045714,5.418677,0.15622166
27877,1437155048164,-8.111555,5.437232,0.15382746
27878,1437155048165,-8.087015,5.427057,0.17058687
27879,1437155048166,-8.074445,5.45878,0.17896658
27880,1437155048167,-8.077438,5.4857144,0.18495208
27881,1437155048168,-8.029554,5.436035,0.2160767
27882,1437155048240,-7.963713,5.461174,0.18734628
27883,1437155048241,-7.892486,5.5084596,0.12988544
27884,1437155048242,-7.908048,5.592855,0.08678981
27885,1437155048243,-7.926005,5.619191,0.13227965
27886,1437155048273,-7.848193,5.6299653,0.18315643
27887,1437155048274,-7.953538,5.74369,0.05746084
27888,1437155048331,-7.984064,5.8484364,-0.076614454
27889,1437155048335,-7.839813,5.897517,-0.05566519
27890,1437155048336,-7.8039002,5.9501896,-0.08798691
27891,1437155048359,-7.7799582,5.9663506,-0.110133275
27892,1437155048371,-7.752425,5.993285,-0.0664391
27893,1437155048391,-7.799112,5.9968767,-0.03232172
27894,1437155048413,-7.8248496,5.934029,0.02932897
27895,1437155048434,-7.6847887,5.893926,0.075417355
27896,1437155048455,-7.589619,5.9238534,0.074220255
27897,1437155048473,-7.6069775,5.9304376,0.05865794
27898,1437155048494,-7.691373,5.9956794,0.092775315
27899,1437155048515,-7.689577,5.94181,0.060453594
27900,1437155048535,-7.6267295,5.905897,0.16280572
27901,1437155048555,-7.6243353,5.895123,0.17657238
27902,1437155048574,-7.606379,5.8508306,0.2088941
27903,1437155048593,-7.690176,5.886145,0.2765303
27904,1437155048615,-7.716512,5.8825536,0.30226797
27905,1437155048632,-7.602189,5.9130797,0.272939
27906,1437155048652,-7.6069775,5.919664,0.23882163
27907,1437155048672,-7.574057,5.9759274,0.19692309
27908,1437155048696,-7.6363063,6.084265,0.207697
27909,1437155048717,-7.587225,6.1501055,0.25857377
27910,1437155048738,-7.3244615,6.2009826,0.24959552
27911,1437155048753,-7.281366,6.1686606,0.24420857
27912,1437155048772,-7.2550297,6.205172,0.2148796
27913,1437155048792,-7.2873516,6.3111157,0.10414778
27914,1437155048812,-7.4256167,6.381745,0.02813187
27915,1437155048834,-7.5363483,6.4350157,0.035314474
27916,1437155048855,-7.515998,6.4260373,0.010773907
27917,1437155048932,-7.4854717,6.5241995,0.050876785
27918,1437155048933,-7.469909,6.543353,0.038905777
27919,1437155048934,-7.3088994,6.5385647,0.107140526
27920,1437155048935,-7.128137,6.4948707,0.2148796
27921,1437155048953,-7.0587053,6.546346,0.25498247
27922,1437155048978,-7.1059904,6.558317,0.24361002
27923,1437155048992,-7.0449386,6.6923923,0.25737667
27924,1437155049023,-7.0275807,6.917447,0.11611878
27925,1437155049032,-6.977901,6.9970546,0.12988544
27926,1437155049053,-6.483498,6.908469,0.15083471
27927,1437155049080,-6.7570357,6.976105,0.20171149
27928,1437155049093,-6.9126587,7.161656,0.15502456
27929,1437155049113,-6.7767878,7.2113357,0.22744916
27930,1437155049135,-6.619369,7.2849574,0.2837129
27931,1437155049155,-6.43741,7.2711906,0.20290859
27932,1437155049175,-6.18961,7.391499,0.08259996
27933,1437155049193,-6.273407,7.3669586,0.050876785
27934,1437155049215,-6.2644286,7.281366,0.0712275
27935,1437155049235,-6.3153057,7.2723875,0.037708677
27936,1437155049255,-6.482301,7.327454,-0.022744916
27937,1437155049275,-6.505046,7.341221,-0.0077811554
27938,1437155049293,-6.323685,7.227496,0.09696517
27939,1437155049318,-6.314707,7.185598,0.09935937
27940,1437155049335,-6.3153057,7.225701,0.059855044
27941,1437155049359,-6.405088,7.245453,-0.0664391
27942,1437155049373,-6.3871317,7.2861543,-0.17477672
27943,1437155049394,-6.4828997,7.475296,-0.21667525
27944,1437155049416,-6.5361705,7.5830355,-0.29688102
27945,1437155049432,-6.355408,7.5602903,-0.338181
27946,1437155049452,-6.0387754,7.450157,-0.3824737
27947,1437155049473,-6.2123547,7.4681134,-0.374094
27948,1437155049493,-6.353613,7.418434,-0.38845924
27949,1437155049513,-6.3326635,7.361572,-0.39025488
27950,1437155049534,-6.3643866,7.341221,-0.48722005
27951,1437155049560,-6.4350157,7.245453,-0.55006784
27952,1437155049627,-6.51582,7.16824,-0.58777654
27953,1437155049628,-6.6403184,7.1107793,-0.65660983
27954,1437155049629,-6.6989765,7.161656,-0.7541735
27955,1437155049637,-6.766014,7.204153,-0.8038532
27956,1437155049653,-6.749853,7.2310877,-0.83497787
27957,1437155049675,-6.63553,7.141904,-0.79726917
27958,1437155049692,-6.5241995,7.133524,-0.75477207
27959,1437155049713,-6.4344172,7.2221093,-0.7673417
27960,1437155049736,-6.4864907,7.290344,-0.6859388
27961,1437155049754,-6.4709287,7.304111,-0.6344634
27962,1437155049780,-6.3182983,7.176021,-0.60214174
27963,1437155049793,-6.2195373,7.067085,-0.57760113
27964,1437155049813,-6.4008985,7.0964136,-0.57640404
27965,1437155049836,-6.8240733,7.125743,-0.5434838
27966,1437155049856,-6.9198413,7.2592196,-0.6266823
27967,1437155049876,-6.8504095,7.132327,-0.75357497
27968,1437155049894,-6.8318543,7.043143,-0.6374562
27969,1437155049913,-6.7480574,7.0622964,-0.7044938
27970,1437155049936,-6.9288197,7.245453,-0.6242881
27971,1437155049956,-6.7809777,7.1275387,-0.6745663
27972,1437155049976,-6.247071,7.227496,-0.5626374
27973,1437155049996,-6.356007,7.1490865,-0.6135142
27974,1437155050019,-6.297349,7.315483,-0.58298814
27975,1437155050036,-6.266823,7.294534,-0.62967503
27976,1437155050059,-6.181829,7.375937,-0.62009823
27977,1437155050074,-6.4589577,7.5453267,-0.57400984
27978,1437155050099,-6.534375,7.515399,-0.5931635
27979,1437155050113,-6.227319,7.3867106,-0.50158525
27980,1437155050133,-6.142923,7.5291657,-0.5057751
27981,1437155050153,-6.129156,7.471705,-0.5327099
27982,1437155050173,-6.273407,7.5932107,-0.5081693
27983,1437155050201,-6.2339025,7.5124063,-0.56443304
27984,1437155050214,-6.165668,7.4268136,-0.49919105
27985,1437155050234,-6.172252,7.4441714,-0.5422867
27986,1437155050254,-6.2392898,7.4872675,-0.6075287
27987,1437155050278,-6.3099184,7.4764934,-0.5979519
27988,1437155050354,-6.2021794,7.4872675,-0.5955577
27989,1437155050355,-6.266823,7.498041,-0.6488287
27990,1437155050356,-6.425439,7.657854,-0.61530983
27991,1437155050357,-6.259042,7.41604,-0.60214174
27992,1437155050374,-6.2458735,7.4746976,-0.39983168
27993,1437155050400,-6.2285156,7.368156,-0.63206923
27994,1437155050413,-6.1866174,7.550115,-0.4758476
27995,1437155050433,-6.578069,7.6841903,-0.6386533
27996,1437155050459,-6.147113,7.499837,-0.6410475
27997,1437155050474,-5.827487,7.430405,-0.4249708
27998,1437155050495,-5.677251,7.4896617,-0.65301853
27999,1437155050514,-5.893926,7.6285253,-0.6691794
28000,1437155050534,-6.072294,7.7213006,-0.79607207
28001,1437155050557,-5.9878983,7.791331,-0.9331401
28002,1437155050574,-6.053739,7.777564,-0.96187055
28003,1437155050597,-5.9477954,7.923012,-1.0726024
28004,1437155050614,-6.2458735,7.988254,-1.1294646
28005,1437155050634,-5.7646394,7.9427643,-1.039682
28006,1437155050657,-5.5766945,7.908048,-1.0223241
28007,1437155050677,-5.7766104,7.928399,-0.9498995
28008,1437155050694,-6.037578,7.8853035,-0.88166475
28009,1437155050715,-5.8544216,7.7853456,-0.7613561
28010,1437155050736,-5.909488,7.565677,-0.55725044
28011,1437155050756,-6.1046157,7.578247,-0.4770447
28012,1437155050777,-6.2769985,7.5525093,-0.45489833
28013,1437155050796,-6.2003837,7.45734,-0.35793316
28014,1437155050818,-6.081871,7.4256167,-0.39025488
28015,1437155050835,-5.9801173,7.3789296,-0.35254622
28016,1437155050855,-6.117784,7.4962454,-0.3238158
28017,1437155050876,-6.1758432,7.533954,-0.30705637
28018,1437155050896,-5.9741316,7.3968863,-0.29927522
28019,1437155050949,-6.14831,7.4345946,-0.31543607
28020,1437155050950,-6.2871737,7.394492,-0.29807812
28021,1437155050954,-6.2746043,7.4058642,-0.25318682
28022,1437155050976,-6.1183825,7.3992805,-0.34596214
28023,1437155051004,-6.0262055,7.505822,-0.40940848
28024,1437155051060,-6.091448,7.6105685,-0.51475334
28025,1437155051061,-5.8304796,7.7769656,-0.7134721
28026,1437155051062,-5.78918,7.8649526,-0.75237787
28027,1437155051074,-5.853823,7.9170265,-0.81642276
28028,1437155051094,-5.8945246,7.8793178,-0.79726917
28029,1437155051116,-5.9106855,7.731476,-0.6667852
28030,1437155051135,-6.1626754,7.606379,-0.64703304
28031,1437155051154,-6.413468,7.526173,-0.46986207
28032,1437155051174,-6.4086795,7.533954,-0.6194997
28033,1437155051198,-5.9483943,7.092224,-0.4985925
28034,1437155051220,-6.192004,7.28376,-0.3854665
28035,1437155051234,-6.541558,7.4106526,-0.7493851
28036,1437155051258,-6.3589997,7.4429746,-0.6398504
28037,1437155051275,-6.43322,7.3819222,-0.80205756
28038,1437155051298,-6.1824274,7.3298483,-0.92775315
28039,1437155051316,-6.297349,7.204153,-0.7661445
28040,1437155051338,-6.505645,7.3029137,-0.8571242
28041,1437155051358,-6.519411,7.3472066,-0.8702923
28042,1437155051376,-6.4817023,7.393295,-0.90141696
28043,1437155051398,-6.4960675,7.431602,-1.0067618
28044,1437155051418,-6.4008985,7.495647,-1.091756
28045,1437155051437,-6.476914,7.3711486,-1.1725603
28046,1437155051456,-6.4727244,7.2490444,-1.0737995
28047,1437155051479,-6.5044475,7.2927384,-1.0103531
28048,1437155051497,-6.5625067,7.301717,-0.943914
28049,1437155051515,-6.3949127,7.36636,-0.8194155
28050,1437155051534,-6.2871737,7.316082,-0.79008657
28051,1437155051554,-6.3601966,7.342418,-0.7284359
28052,1437155051586,-6.3901243,7.338228,-0.75836337
28053,1437155051616,-6.3823433,7.337031,-0.78649527
28054,1437155051617,-6.3482256,7.29214,-0.83856916
28055,1437155051655,-6.3889275,7.313089,-0.8475474
28056,1437155051656,-6.415862,7.316082,-0.8774749
28057,1437155051674,-6.503849,7.290344,-0.8475474
28058,1437155051694,-6.439804,7.2298903,-0.8924387
28059,1437155051723,-6.453571,7.1622543,-0.8619126
28060,1437155051781,-6.4840965,7.1448965,-0.85473
28061,1437155051782,-6.59423,7.216124,-0.8858546
28062,1437155051783,-6.621165,7.1909847,-0.88166475
28063,1437155051873,-6.5840545,7.1951747,-0.85891986
28064,1437155051882,-6.602011,7.185598,-0.9032126
28065,1437155051883,-6.533178,7.191583,-0.8535329
28066,1437155051884,-6.5032506,7.221511,-0.83856916
28067,1437155051885,-6.503849,7.2687964,-0.83258367
28068,1437155051918,-6.542156,7.3071036,-0.7978677
28069,1437155051919,-6.508039,7.318476,-0.78290397
28070,1437155051935,-6.588843,7.3723454,-0.7541735
28071,1437155051955,-6.521207,7.4004774,-0.7254431
28072,1437155051975,-6.441001,7.4124484,-0.7553706
28073,1437155052008,-6.4416,7.431602,-0.7218518
28074,1437155052015,-6.5259953,7.4148426,-0.75477207
28075,1437155052035,-6.451775,7.328053,-0.75596917
28076,1437155052055,-6.43322,7.2664022,-0.6679823
28077,1437155052076,-6.3422403,7.28795,-0.6398504
28078,1437155052095,-6.1596823,7.3537903,-0.60333884
28079,1437155052115,-6.211158,7.455544,-0.50876784
28080,1437155052135,-6.1207767,7.438186,-0.5105635
28081,1437155052155,-5.969343,7.41604,-0.44592008
28082,1437155052175,-6.0980315,7.5309615,-0.45789108
28083,1437155052195,-6.184223,7.593809,-0.46686932
28084,1437155052214,-6.1566896,7.5549035,-0.39923313
28085,1437155052236,-6.0848637,7.5333557,-0.439336
28086,1437155052255,-6.14412,7.5842323,-0.43394905
28087,1437155052274,-6.133945,7.6321163,-0.480636
28088,1437155052298,-6.1836243,7.6285253,-0.4758476
28089,1437155052319,-6.1501055,7.5812397,-0.44951138
28090,1437155052339,-6.166865,7.5225816,-0.4782418
28091,1437155052356,-6.108207,7.439383,-0.45908818
28092,1437155052376,-6.2500634,7.418434,-0.415394
28093,1437155052398,-6.3619924,7.413047,-0.37708676
28094,1437155052418,-6.5379663,7.4112515,-0.3441665
28095,1437155052438,-6.39192,7.4387846,-0.3788824
28096,1437155052459,-6.2985463,7.430405,-0.3537433
28097,1437155052476,-6.218939,7.4202294,-0.35254622
28098,1437155052496,-6.1662664,7.441179,-0.3417723
28099,1437155052515,-6.168062,7.445967,-0.35314476
28100,1437155052534,-6.1686606,7.4310036,-0.36032736
28101,1437155052554,-6.254852,7.426215,-0.36032736
28102,1437155052575,-6.2644286,7.415441,-0.3854665
28103,1437155052594,-6.2704144,7.4387846,-0.38307226
28104,1437155052614,-6.296152,7.45734,-0.39923313
28105,1437155052636,-6.2464724,7.474099,-0.3800795
28106,1437155052655,-6.2207346,7.460931,-0.39504328
28107,1437155052675,-6.199785,7.5225816,-0.41000703
28108,1437155052700,-6.1716533,7.543531,-0.41958386
28109,1437155052719,-6.0561333,7.589619,-0.45429978
28110,1437155052739,-6.1243677,7.643489,-0.52073884
28111,1437155052762,-6.2434793,7.66384,-0.53091425
28112,1437155052778,-6.208165,7.593809,-0.5069722
28113,1437155052798,-6.2165446,7.515399,-0.4914099
28114,1437155052818,-6.1985884,7.4681134,-0.51834464
28115,1437155052839,-6.2303114,7.4746976,-0.45549688
28116,1437155052859,-6.1507044,7.466318,-0.4818331
28117,1437155052879,-6.095039,7.513005,-0.480636
28118,1437155052897,-6.14831,7.5483193,-0.5177461
28119,1437155052919,-6.187814,7.551911,-0.5470751
28120,1437155052939,-6.1596823,7.563283,-0.5446809
28121,1437155052959,-6.177639,7.551312,-0.55485624
28122,1437155052978,-6.220136,7.5387425,-0.57520694
28123,1437155052996,-6.275801,7.5387425,-0.54408234
28124,1437155053019,-6.2285156,7.511808,-0.5386954
28125,1437155053039,-6.2752028,7.499837,-0.53809685
28126,1437155053060,-6.3153057,7.506421,-0.54288524
28127,1437155053079,-6.3464303,7.526173,-0.53330845
28128,1437155053097,-6.413468,7.571663,-0.5482722
28129,1437155053118,-6.4128695,7.53575,-0.5315128
28130,1437155053139,-6.3272767,7.5112095,-0.533907
28131,1437155053156,-6.2512608,7.4190326,-0.53809685
28132,1437155053229,-6.1770406,7.359776,-0.5674258
28133,1437155053242,-6.26802,7.2993226,-0.54527944
28134,1437155053243,-6.367379,7.20535,-0.52073884
28135,1437155053244,-6.4224463,7.117363,-0.4770447
28136,1437155053256,-6.5379663,7.052121,-0.45968673
28137,1437155053282,-6.495469,7.006033,-0.45549688
28138,1437155053300,-6.558317,7.0724716,-0.4417302
28139,1437155053316,-6.6480994,7.2065473,-0.51834464
28140,1437155053340,-6.5307837,7.3460093,-0.45729253
28141,1437155053374,-6.2123547,7.428011,-0.49440265
28142,1437155053377,-6.0405707,7.6345105,-0.5117606
28143,1437155053404,-6.0124393,7.7572136,-0.52373165
28144,1437155053419,-5.9729347,7.8487916,-0.55485624
28145,1437155053437,-5.7766104,7.8787193,-0.58657944
28146,1437155053459,-5.73112,7.9128366,-0.6003461
28147,1437155053479,-5.7646394,7.9475527,-0.6392518
28148,1437155053499,-5.731719,7.904457,-0.6667852
28149,1437155053519,-5.843648,7.8637557,-0.66259533
28150,1437155053539,-5.9047,7.8182654,-0.6757634
28151,1437155053559,-5.883152,7.754221,-0.66259533
28152,1437155053580,-5.9477954,7.7428484,-0.64703304
28153,1437155053599,-5.9717374,7.6931686,-0.6338649
28154,1437155053621,-5.940613,7.6345105,-0.59974754
28155,1437155053638,-5.9448028,7.6093717,-0.5746084
28156,1437155053659,-5.9980736,7.626131,-0.58777654
28157,1437155053679,-5.957971,7.471705,-0.48362875
28158,1437155053700,-5.9867015,7.4232225,-0.29209262
28159,1437155053719,-6.135142,7.445369,-0.36631286
28160,1437155053740,-6.132149,7.526173,-0.42197806
28161,1437155053757,-6.193201,7.5950065,-0.52253455
28162,1437155053777,-6.1519012,7.627927,-0.61890113
28163,1437155053797,-6.0483522,7.6764092,-0.6356605
28164,1437155053819,-6.049549,7.641693,-0.66858083
28165,1437155053838,-5.9741316,7.6584525,-0.6817489
28166,1437155053861,-6.0782795,7.654263,-0.6865373
28167,1437155053980,-6.211756,7.727286,-0.7009025
28168,1437155053981,-6.1638722,7.69257,-0.65242
28169,1437155053982,-6.045359,7.639299,-0.5363012
28170,1437155053983,-6.0106435,7.60997,-0.516549
28171,1437155053984,-6.1064115,7.675212,-0.53091425
28172,1437155053985,-6.081272,7.665635,-0.51116204
28173,1437155054024,-6.005256,7.6111674,-0.5009867
28174,1437155054025,-6.0082493,7.581838,-0.49559975
28175,1437155054038,-6.160281,7.5848308,-0.49081135
28176,1437155054074,-6.130952,7.5471225,-0.47465047
28177,1437155054077,-6.1626754,7.5650787,-0.50637364
28178,1437155054097,-6.256049,7.5495167,-0.533907
28179,1437155054117,-6.227917,7.499837,-0.46327803
28180,1437155054137,-6.2345014,7.4884644,-0.45310268
28181,1437155054157,-6.2769985,7.4322004,-0.45130703
28182,1437155054177,-6.266823,7.419631,-0.42197806
28183,1437155054200,-6.3344593,7.3873096,-0.4441244
28184,1437155054218,-6.3763576,7.3579803,-0.46148238
28185,1437155054240,-6.4140663,7.345411,-0.4794389
28186,1437155054260,-6.381745,7.3202715,-0.4938041
28187,1437155054280,-6.367978,7.2873516,-0.4902128
28188,1437155054300,-6.4044895,7.335834,-0.4938041
28189,1437155054320,-6.4368114,7.3537903,-0.50757074
28190,1437155054340,-6.43322,7.349601,-0.47225627
28191,1437155054357,-6.4565635,7.351396,-0.44771573
28192,1437155054380,-6.3883286,7.2711906,-0.38187516
28193,1437155054471,-6.3129115,7.2544312,-0.39384618
28194,1437155054472,-6.4032927,7.306505,-0.42197806
28195,1437155054473,-6.4146647,7.3657618,-0.44532153
28196,1437155054474,-6.4499793,7.3938932,-0.4261679
28197,1437155054476,-6.2925606,7.4046674,-0.37708676
28198,1437155054496,-6.2883706,7.451953,-0.39983168
28199,1437155054516,-6.211756,7.463325,-0.4225766
28200,1437155054536,-6.1704564,7.511808,-0.47345337
28201,1437155054561,-6.121375,7.541735,-0.5422867
28202,1437155054578,-6.1195793,7.541735,-0.56323594
28203,1437155054596,-6.1770406,7.559692,-0.5847838
28204,1437155054616,-6.1902084,7.53994,-0.60094464
28205,1437155054636,-6.273407,7.5584946,-0.6194997
28206,1437155054656,-6.3470287,7.562086,-0.65062433
28207,1437155054676,-6.2943563,7.5016327,-0.60453594
28208,1437155054696,-6.2404866,7.487866,-0.56203884
28209,1437155054716,-6.266823,7.4812818,-0.5470751
28210,1437155054736,-6.2045736,7.4645224,-0.52612585
28211,1437155054756,-6.1519012,7.4669166,-0.4973954
28212,1437155054776,-6.197391,7.4447703,-0.50637364
28213,1437155054796,-6.241684,7.472902,-0.51595044
28214,1437155054816,-6.2740054,7.504027,-0.5530606
28215,1437155054836,-6.2404866,7.543531,-0.52253455
28216,1437155054856,-6.180033,7.5213847,-0.5267244
28217,1437155054877,-6.0986304,7.493851,-0.52373165
28218,1437155054899,-6.069301,7.501034,-0.5303157
28219,1437155054920,-6.1638722,7.5848308,-0.54767364
28220,1437155054938,-6.1447186,7.589619,-0.58657944
28221,1437155054960,-6.1638722,7.5722613,-0.59136784
28222,1437155054977,-6.1938,7.5926123,-0.62488663
28223,1437155054999,-6.205771,7.53994,-0.60932434
28224,1437155055018,-6.1112,7.4603324,-0.54887074
28225,1437155055040,-6.1327477,7.4669166,-0.5386954
28226,1437155055061,-6.247071,7.566276,-0.57760113
28227,1437155055084,-6.2626333,7.577648,-0.5955577
28228,1437155055101,-6.183026,7.5614877,-0.65062433
28229,1437155055119,-6.087258,7.524976,-0.6422446
28230,1437155055139,-6.1381345,7.5644803,-0.6781576
28231,1437155055159,-6.163274,7.5734587,-0.6667852
28232,1437155055180,-6.0920463,7.562086,-0.6380547
28233,1437155055198,-6.2105594,7.5848308,-0.66498953
28234,1437155055233,-6.217143,7.5471225,-0.670975
28235,1437155055285,-6.137536,7.5387425,-0.64583594
28236,1437155055286,-6.178836,7.545925,-0.66259533
28237,1437155055287,-6.193201,7.5327573,-0.6266823
28238,1437155055300,-6.196194,7.510012,-0.64583594
28239,1437155055318,-6.1848216,7.5225816,-0.6386533
28240,1437155055339,-6.1530986,7.5106106,-0.64583594
28241,1437155055358,-6.1519012,7.514202,-0.64942724
28242,1437155055380,-6.171055,7.511808,-0.62728083
28243,1437155055399,-6.2129536,7.5285673,-0.62009823
28244,1437155055419,-6.1542954,7.5387425,-0.59256494
28245,1437155055438,-6.113594,7.4908586,-0.5955577
28246,1437155055467,-6.145317,7.5429325,-0.5931635
28247,1437155055479,-6.159084,7.5561004,-0.5967548
28248,1437155055501,-6.0597243,7.577648,-0.6374562
28249,1437155055521,-6.147113,7.60997,-0.6434417
28250,1437155055543,-6.199785,7.617751,-0.6697779
28251,1437155055560,-6.235698,7.6123643,-0.61770403
28252,1437155055581,-6.172252,7.5507135,-0.5722142
28253,1437155055600,-6.1088057,7.5124063,-0.5674258
28254,1437155055621,-6.1884127,7.5704656,-0.5446809
28255,1437155055644,-6.1530986,7.5584946,-0.5722142
28256,1437155055660,-6.0806737,7.5321584,-0.599149
28257,1437155055681,-6.099229,7.5231805,-0.60932434
28258,1437155055699,-6.196194,7.563882,-0.6003461
28259,1437155055722,-6.1866174,7.4812818,-0.57281274
28260,1437155055743,-6.225523,7.511808,-0.54647654
28261,1437155055761,-6.2769985,7.498041,-0.5955577
28262,1437155055782,-6.229713,7.475296,-0.5201403
28263,1437155055802,-6.194997,7.4986396,-0.54408234
28264,1437155055823,-6.2500634,7.5082164,-0.53450555
28265,1437155055843,-6.2207346,7.527969,-0.49320555
28266,1437155055863,-6.1824274,7.505822,-0.49559975
28267,1437155055882,-6.166865,7.4986396,-0.46088383
28268,1437155055901,-6.1219735,7.475296,-0.46686932
28269,1437155055920,-6.0980315,7.475895,-0.47285482
28270,1437155055940,-6.191406,7.5201874,-0.46986207
28271,1437155055959,-6.2368956,7.5387425,-0.4854244
28272,1437155056048,-6.183026,7.5267715,-0.45908818
28273,1437155056049,-6.1626754,7.4962454,-0.44891283
28274,1437155056050,-6.1626754,7.5207863,-0.45489833
28275,1437155056051,-6.1357403,7.511808,-0.46926352
28276,1437155056061,-6.1159883,7.52737,-0.5602432
28277,1437155056083,-6.244078,7.5734587,-0.5823896
28278,1437155056099,-6.281787,7.6105685,-0.62009823
28279,1437155056119,-6.266823,7.5572977,-0.56323594
28280,1437155056141,-6.1411276,7.4854717,-0.492607
28281,1437155056161,-6.1219735,7.505822,-0.50876784
28282,1437155056180,-6.201581,7.563283,-0.50278234
28283,1437155056200,-6.1405287,7.587824,-0.5530606
28284,1437155056222,-6.0519433,7.5920134,-0.5805939
28285,1437155056239,-6.077681,7.619547,-0.5835867
28286,1437155056259,-6.099229,7.6129627,-0.557849
28287,1437155056282,-6.069301,7.5441294,-0.52073884
28288,1437155056302,-6.151303,7.5932107,-0.5446809
28289,1437155056322,-6.1704564,7.5806413,-0.5518635
28290,1437155056342,-6.1740475,7.555502,-0.50278234
28291,1437155056361,-6.1489086,7.611766,-0.5351041
28292,1437155056382,-6.1519012,7.5866265,-0.5081693
28293,1437155056402,-6.045359,7.548918,-0.51475334
28294,1437155056421,-6.0704985,7.5590935,-0.51595044
28295,1437155056442,-6.071097,7.5854297,-0.52073884
28296,1437155056462,-6.0782795,7.6003933,-0.55725044
28297,1437155056482,-6.042965,7.6345105,-0.55844754
28298,1437155056502,-6.054936,7.6494746,-0.56563014
28299,1437155056522,-6.1279593,7.6464815,-0.5602432
28300,1437155056543,-6.137536,7.644686,-0.48602295
28301,1437155056566,-6.0860605,7.6069775,-0.41359833
28302,1437155056586,-6.0202203,7.575853,-0.374094
28303,1437155056600,-6.0244102,7.5770497,-0.37229836
28304,1437155056621,-6.0321913,7.581838,-0.39324763
28305,1437155056640,-6.0866594,7.574057,-0.3842694
28306,1437155056660,-6.1507044,7.575254,-0.41359833
28307,1437155056686,-6.181829,7.5944076,-0.40282443
28308,1437155056762,-6.05733,7.5471225,-0.40641573
28309,1437155056763,-6.0208187,7.5531077,-0.4177882
28310,1437155056764,-6.1141925,7.563283,-0.4189853
28311,1437155056765,-6.1123967,7.599795,-0.4890157
28312,1437155056780,-6.0639143,7.579444,-0.51834464
28313,1437155056808,-6.1129956,7.5788455,-0.53450555
28314,1437155056820,-6.1764417,7.5926123,-0.5602432
28315,1437155056851,-6.1225724,7.5213847,-0.54527944
28316,1437155056859,-6.229114,7.5704656,-0.55126494
28317,1437155056880,-6.3182983,7.57286,-0.60214174
28318,1437155056905,-6.2752028,7.53994,-0.5201403
28319,1437155056920,-6.203975,7.5321584,-0.5069722
28320,1437155056942,-6.1596823,7.5285673,-0.48722005
28321,1437155056961,-6.1112,7.526173,-0.48362875
28322,1437155056981,-6.139332,7.5375457,-0.4938041
28323,1437155057003,-6.1890116,7.5028296,-0.49679685
28324,1437155057023,-6.137536,7.4842744,-0.44472298
28325,1437155057043,-6.2165446,7.4693108,-0.45250413
28326,1437155057063,-6.2650275,7.4681134,-0.4985925
28327,1437155057081,-6.2482677,7.49026,-0.51834464
28328,1437155057103,-6.281188,7.5213847,-0.545878
28329,1437155057123,-6.269816,7.5405383,-0.55605334
28330,1437155057142,-6.213552,7.4866686,-0.5386954
28331,1437155057163,-6.202778,7.474099,-0.5021838
28332,1437155057181,-6.153697,7.4112515,-0.47225627
28333,1437155057202,-6.1836243,7.4351935,-0.46926352
28334,1437155057223,-6.209362,7.4471645,-0.4890157
28335,1437155057242,-6.1662664,7.504027,-0.52073884
28336,1437155057262,-6.2554507,7.5136037,-0.5734113
28337,1437155057282,-6.14831,7.5309615,-0.6003461
28338,1437155057301,-6.1955953,7.5507135,-0.6596026
28339,1437155057323,-6.241085,7.5950065,-0.6715736
28340,1437155057343,-6.2249246,7.559692,-0.6733692
28341,1437155057362,-6.1866174,7.5495167,-0.65242
28342,1437155057383,-6.18123,7.541735,-0.62009823
28343,1437155057409,-6.1704564,7.5225816,-0.6087258
28344,1437155057473,-6.075287,7.465719,-0.56563014
28345,1437155057474,-6.229114,7.536947,-0.6338649
28346,1437155057487,-6.218939,7.5171947,-0.6171055
28347,1437155057488,-6.1040173,7.4705076,-0.6218939
28348,1437155057500,-6.1979895,7.5291657,-0.6171055
28349,1437155057530,-6.2261214,7.5602903,-0.61530983
28350,1437155057542,-6.183026,7.5926123,-0.6278794
28351,1437155057562,-6.1088057,7.5824366,-0.6428431
28352,1437155057581,-6.0836663,7.548918,-0.61770403
28353,1437155057607,-6.145317,7.5124063,-0.5907693
28354,1437155057622,-6.172252,7.4950485,-0.59256494
28355,1437155057642,-6.2368956,7.489063,-0.60214174
28356,1437155057661,-6.237494,7.430405,-0.57041854
28357,1437155057681,-6.254852,7.425018,-0.5781997
28358,1437155057703,-6.31351,7.4327993,-0.5793968
28359,1437155057723,-6.301539,7.460931,-0.6242881
28360,1437155057744,-6.293758,7.426215,-0.62488663
28361,1437155057763,-6.2345014,7.394492,-0.6194997
28362,1437155057783,-6.341043,7.4776907,-0.6194997
28363,1437155057802,-6.3129115,7.5136037,-0.62249243
28364,1437155057824,-6.341043,7.517793,-0.61171854
28365,1437155057844,-6.2285156,7.460931,-0.587178
28366,1437155057863,-6.1824274,7.4842744,-0.59855044
28367,1437155057883,-6.257845,7.518392,-0.58777654
28368,1437155057901,-6.2129536,7.517793,-0.57520694
28369,1437155057924,-6.1040173,7.5094137,-0.61650693
28370,1437155057946,-6.0878563,7.517793,-0.6242881
28371,1437155057966,-6.120178,7.521983,-0.58897364
28372,1437155057986,-6.0890536,7.467515,-0.61530983
28373,1437155058002,-6.1327477,7.5046253,-0.61411273
28374,1437155058021,-6.1758432,7.4962454,-0.6715736
28375,1437155058042,-6.218939,7.4884644,-0.65780693
28376,1437155058081,-6.171055,7.5291657,-0.6985083
28377,1437155058082,-6.165668,7.5584946,-0.7422025
28378,1437155058123,-6.1112,7.6081743,-0.76315176
28379,1437155058124,-6.083068,7.5926123,-0.7763199
28380,1437155058141,-6.083068,7.6105685,-0.74758947
28381,1437155058162,-6.0716953,7.615956,-0.79248077
28382,1437155058181,-6.045359,7.6147585,-0.7954735
28383,1437155058243,-6.0998273,7.651869,-0.81283146
28384,1437155058244,-6.1183825,7.6734166,-0.83497787
28385,1437155058245,-6.0561333,7.6201453,-0.8331822
28386,1437155058312,-6.005855,7.579444,-0.83378077
28387,1437155058314,-6.031593,7.5686703,-0.80564886
28388,1437155058315,-6.085462,7.5561004,-0.78290397
28389,1437155058325,-6.105813,7.548918,-0.7906851
28390,1437155058341,-6.0142345,7.5375457,-0.80205756
28391,1437155058369,-6.0477533,7.5644803,-0.82121116
28392,1437155058381,-6.1141925,7.5985975,-0.86729956
28393,1437155058401,-6.1357403,7.6333137,-0.89902276
28394,1437155058422,-6.1010246,7.5854297,-0.8511387
28395,1437155058441,-5.9567738,7.5722613,-0.8559271
28396,1437155058462,-6.0208187,7.6243353,-0.87567925
28397,1437155058484,-6.0387754,7.6829934,-0.8972271
28398,1437155058501,-5.947197,7.7009497,-0.9391256
28399,1437155058521,-5.8879404,7.713519,-0.9504981
28400,1437155058542,-5.889736,7.73387,-0.9900024
28401,1437155058561,-5.8813562,7.7608047,-0.9947908
28402,1437155058582,-5.878962,7.780557,-0.96905315
28403,1437155058600,-5.9280434,7.7799582,-1.0007763
28404,1437155058621,-5.910087,7.7626004,-0.96426475
28405,1437155058640,-5.892729,7.697957,-0.93972415
28406,1437155058662,-5.8717794,7.6770077,-0.931943
28407,1437155058681,-5.928642,7.633912,-0.93852705
28408,1437155058703,-5.957971,7.6255326,-0.93732995
28409,1437155058721,-5.921459,7.6404963,-0.9672575
28410,1437155058757,-5.957971,7.6746135,-0.9983821
28411,1437155058760,-5.9543796,7.7171106,-1.0630256
28412,1437155058783,-5.9741316,7.741651,-1.0654198
28413,1437155058803,-5.954978,7.759608,-1.1001357
28414,1437155058822,-5.917868,7.7332716,-1.0851719
28415,1437155058843,-5.8909335,7.716512,-1.0767922
28416,1437155058861,-5.899313,7.716512,-1.0354922
28417,1437155058882,-5.9304376,7.6943655,-1.0552444
28418,1437155058902,-5.929839,7.633912,-1.0654198
28419,1437155058922,-5.9424086,7.6404963,-1.0893618
28420,1437155058942,-6.007651,7.643489,-1.0941502
28421,1437155058961,-5.94181,7.6201453,-1.1306617
28422,1437155058982,-6.005256,7.6045833,-1.1617863
28423,1437155059000,-6.085462,7.6255326,-1.2228385
28424,1437155059022,-6.156091,7.6225395,-1.2348095
28425,1437155059040,-6.1596823,7.5806413,-1.2024878
28426,1437155059061,-6.0465565,7.547721,-1.22224
28427,1437155059082,-6.1345434,7.565677,-1.1881226
28428,1437155059102,-6.1967926,7.5962033,-1.2114661
28429,1437155059121,-6.093842,7.5812397,-1.2108675
28430,1437155059143,-6.091448,7.5572977,-1.1857284
28431,1437155059164,-6.091448,7.5626845,-1.1749545
28432,1437155059184,-6.054936,7.5447283,-1.1875241
28433,1437155059202,-6.0357823,7.563283,-1.1288661
28434,1437155059222,-6.0860605,7.5806413,-1.1653777
28435,1437155059243,-6.153697,7.608773,-1.0941502
28436,1437155059266,-6.0770826,7.6147585,-1.1031284
28437,1437155059286,-6.0483522,7.617751,-1.062427
28438,1437155059306,-6.003461,7.626131,-1.0654198
28439,1437155059321,-6.017826,7.6147585,-1.0618285
28440,1437155059344,-5.9956794,7.632715,-1.0726024
28441,1437155059366,-5.999271,7.631518,-1.0911574
28442,1437155059386,-6.007052,7.6590514,-1.0989386
28443,1437155059404,-6.015432,7.6602483,-1.0959458
28444,1437155059434,-5.9867015,7.6351094,-1.0971429
28445,1437155059441,-6.0363812,7.587225,-1.0600328
28446,1437155059464,-6.0639143,7.587225,-0.9995792
28447,1437155059483,-6.083068,7.5746555,-1.0043676
28448,1437155059503,-6.067506,7.5704656,-0.98102415
28449,1437155059525,-6.0118403,7.578247,-0.9804256
28450,1437155059543,-6.0303955,7.575853,-0.9828198
28451,1437155059562,-6.096236,7.5974007,-0.9672575
28452,1437155059584,-6.0321913,7.591415,-1.0121487
28453,1437155059603,-6.0411696,7.631518,-1.0073603
28454,1437155059693,-6.084265,7.6722193,-1.0307038
28455,1437155059694,-6.0998273,7.6530657,-1.0366893
28456,1437155059695,-6.055535,7.575254,-0.919972
28457,1437155059696,-5.925649,7.5441294,-0.8798691
28458,1437155059704,-5.9980736,7.563882,-0.8774749
28459,1437155059726,-6.083068,7.650073,-0.8996213
28460,1437155059742,-6.011242,7.6452847,-0.9636662
28461,1437155059762,-6.0148335,7.6081743,-0.9816227
28462,1437155059782,-5.993884,7.61835,-0.9923966
28463,1437155059803,-6.0291986,7.6189485,-0.973243
28464,1437155059824,-6.000468,7.593809,-0.9498995
28465,1437155059843,-6.118981,7.617751,-0.9911995
28466,1437155059863,-6.161478,7.6171527,-1.0205284
28467,1437155059883,-6.161478,7.620744,-0.97623575
28468,1437155059906,-6.1004257,7.6309195,-1.0372878
28469,1437155059926,-6.073491,7.6249337,-0.9983821
28470,1437155059943,-5.990891,7.6147585,-1.0313023
28471,1437155059964,-6.043564,7.6135616,-0.99898064
28472,1437155059986,-6.055535,7.627927,-0.98581254
28473,1437155060006,-6.045958,7.5812397,-0.95229375
28474,1437155060026,-6.0381765,7.562086,-0.9780314
28475,1437155060044,-6.0926447,7.548918,-0.9427169
28476,1437155060064,-6.11539,7.5285673,-0.943914
28477,1437155060089,-6.0920463,7.514202,-0.94930094
28478,1437155060103,-6.0609217,7.495647,-0.91099375
28479,1437155060126,-6.081871,7.562086,-0.90021986
28480,1437155060150,-6.1195793,7.6165543,-0.94930094
28481,1437155060163,-6.1100025,7.639898,-0.95827925
28482,1437155060186,-6.0770826,7.6590514,-0.97503865
28483,1437155060203,-6.0280013,7.6452847,-0.9475053
28484,1437155060224,-5.9771247,7.6470804,-0.99658644
28485,1437155060244,-6.063316,7.6811976,-1.0127473
28486,1437155060263,-6.142923,7.6907744,-1.0803835
28487,1437155060284,-6.2674217,7.653664,-1.0594343
28488,1437155060303,-6.184223,7.5225816,-0.93254155
28489,1437155060324,-6.149507,7.4244194,-0.87208796
28490,1437155060351,-6.2865753,7.4088573,-0.82240826
28491,1437155060431,-6.30932,7.3729444,-0.7906851
28492,1437155060432,-6.3177,7.359776,-0.80564886
28493,1437155060433,-6.343437,7.363966,-0.82899237
28494,1437155060434,-6.3661823,7.438186,-0.8643068
28495,1437155060443,-6.39192,7.454347,-0.89603
28496,1437155060473,-6.323685,7.472902,-0.87687635
28497,1437155060484,-6.4032927,7.524976,-0.91937345
28498,1437155060503,-6.4404025,7.5231805,-0.90500826
28499,1437155060524,-6.245275,7.463924,-0.8750807
28500,1437155060544,-6.299743,7.4950485,-0.878672
28501,1437155060566,-6.215946,7.491457,-0.8762778
28502,1437155060584,-6.2225304,7.459734,-0.82719666
28503,1437155060606,-6.301539,7.4471645,-0.79607207
28504,1437155060623,-6.2793927,7.40766,-0.7020996
28505,1437155060647,-6.3033347,7.3819222,-0.6560113
28506,1437155060664,-6.3284736,7.436989,-0.58897364
28507,1437155060684,-6.265626,7.5495167,-0.60693014
28508,1437155060707,-6.1261635,7.685986,-0.6428431
28509,1437155060724,-5.9280434,7.81647,-0.7625532
28510,1437155060747,-5.7239375,7.8452005,-0.7966706
28511,1437155060764,-5.653309,7.748235,-0.78170687
28512,1437155060784,-5.697003,7.627328,-0.6733692
28513,1437155060806,-5.7885814,7.5171947,-0.6338649
28514,1437155060827,-5.931036,7.41185,-0.6428431
28515,1437155060844,-5.943606,7.2867527,-0.664391
28516,1437155060865,-6.1183825,7.2388687,-0.7763199
28517,1437155060884,-6.317101,7.3088994,-0.8487445
28518,1437155060903,-6.503849,7.2963295,-0.92655605
28519,1437155060958,-6.5589156,7.301717,-0.8343793
28520,1437155060959,-6.439804,7.295731,-0.8182184
28521,1437155060969,-6.3661823,7.3430166,-0.8002619
28522,1437155060984,-6.409278,7.442376,-0.7966706
28523,1437155061004,-6.359598,7.504027,-0.7918822
28524,1437155061024,-6.3272767,7.6003933,-0.7697359
28525,1437155061044,-6.183026,7.6363063,-0.7422025
28526,1437155061069,-6.18961,7.5626845,-0.5907693
28527,1437155061085,-6.178836,7.4872675,-0.47285482
28528,1437155061159,-6.327875,7.4830775,-0.3657143
28529,1437155061164,-6.3404446,7.4327993,-0.2801216
28530,1437155061165,-6.2752028,7.347805,-0.16519992
28531,1437155061166,-6.157288,7.245453,-0.018555064
28532,1437155061185,-6.190807,7.235876,0.090979666
28533,1437155061207,-6.127361,7.3047094,-0.074818805
28534,1437155061224,-6.0303955,7.441777,-0.20649989
28535,1437155061244,-6.101623,7.5566993,-0.3369839
28536,1437155061270,-6.055535,7.6410947,-0.3842694
28537,1437155061285,-6.0848637,7.6889787,-0.338181
28538,1437155061306,-6.06152,7.656657,-0.2633622
28539,1437155061325,-6.0280013,7.678205,-0.23104046
28540,1437155061344,-5.990891,7.732673,-0.22026655
28541,1437155061366,-5.947197,7.700351,-0.22744916
28542,1437155061384,-5.9448028,7.787141,-0.25139117
28543,1437155061406,-5.9304376,7.801506,-0.3513491
28544,1437155061427,-5.9771247,7.7811556,-0.36631286
28545,1437155061448,-6.0291986,7.7374616,-0.39384618
28546,1437155061466,-6.023213,7.6051817,-0.36990416
28547,1437155061486,-6.132149,7.5614877,-0.3866636
28548,1437155061505,-6.2512608,7.52737,-0.36272156
28549,1437155061526,-6.3165026,7.474099,-0.33399114
28550,1437155061546,-6.2871737,7.379528,-0.29568392
28551,1437155061564,-6.149507,7.361572,-0.29867667
28552,1437155061587,-6.18961,7.429208,-0.35673606
28553,1437155061604,-6.2512608,7.4681134,-0.40761283
28554,1437155061626,-6.18961,7.4926543,-0.46567222
28555,1437155061645,-6.157887,7.5201874,-0.53091425
28556,1437155061666,-6.1955953,7.5722613,-0.60094464
28557,1437155061691,-6.1943984,7.6135616,-0.6727707
28558,1437155061706,-6.171055,7.6093717,-0.6817489
28559,1437155061728,-6.23091,7.6949644,-0.724246
28560,1437155061744,-6.251859,7.716512,-0.82899237
28561,1437155061765,-6.105813,7.6746135,-0.6955156
28562,1437155061784,-6.1285577,7.675811,-0.7649474
28563,1437155061949,-6.130952,7.654263,-0.6973112
28564,1437155061950,-6.0920463,7.6231384,-0.6584055
28565,1437155061951,-6.1225724,7.6351094,-0.6428431
28566,1437155061952,-6.1040173,7.597999,-0.57999533
28567,1437155061953,-6.081871,7.567473,-0.57400984
28568,1437155061954,-6.172252,7.5985975,-0.5363012
28569,1437155061955,-6.1195793,7.5692687,-0.5231331
28570,1437155061956,-6.041768,7.575853,-0.4854244
28571,1437155061987,-6.0166287,7.6003933,-0.44472298
28572,1437155061988,-6.10282,7.632715,-0.39564183
28573,1437155062005,-6.2368956,7.629722,-0.38845924
28574,1437155062039,-6.297349,7.5626845,-0.2789245
28575,1437155062056,-6.343437,7.4615297,-0.22924481
28576,1437155062065,-6.2099605,7.419631,-0.19991584
28577,1437155062085,-6.18123,7.421427,-0.16519992
28578,1437155062105,-6.2422824,7.4848733,-0.17238252
28579,1437155062125,-6.2207346,7.515399,-0.18555063
28580,1437155062145,-6.1764417,7.472902,-0.1592144
28581,1437155062165,-6.151303,7.5285673,-0.17717093
28582,1437155062185,-6.199785,7.5764513,-0.20470424
28583,1437155062205,-6.2488666,7.6333137,-0.16819267
28584,1437155062225,-6.199785,7.5800424,-0.14844051
28585,1437155062245,-6.0782795,7.5309615,-0.09756372
28586,1437155062265,-6.0477533,7.5016327,-0.10235212
28587,1437155062285,-5.9861026,7.5453267,-0.11252748
28588,1437155062305,-5.853823,7.6746135,-0.24660277
28589,1437155062325,-5.993285,7.8039002,-0.3309984
28590,1437155062345,-5.9729347,7.8158712,-0.21547815
28591,1437155062369,-5.8651958,7.766192,-0.14604631
28592,1437155062388,-5.7825956,7.712322,-0.08678981
28593,1437155062409,-5.747281,7.677606,-0.027533319
28594,1437155062425,-5.7885814,7.7230964,-0.060453594
28595,1437155062445,-5.9382186,7.757812,-0.06344634
28596,1437155062465,-5.9424086,7.7614036,-0.08379706
28597,1437155062487,-5.916671,7.769783,-0.15801731
28598,1437155062505,-5.9412117,7.759608,-0.19931729
28599,1437155062527,-6.010045,7.65546,-0.20590134
28600,1437155062546,-6.14831,7.5165963,-0.16639702
28601,1437155062568,-6.351817,7.4441714,-0.11252748
28602,1437155062599,-6.405088,7.301118,-0.12210429
28603,1437155062604,-6.306926,7.2604165,-0.22445641
28604,1437155062624,-6.4044895,7.2969284,-0.2837129
28605,1437155062646,-6.475717,7.3753386,-0.3800795
28606,1437155062665,-6.411672,7.41185,-0.47105917
28607,1437155062684,-6.2530565,7.4549456,-0.53929394
28608,1437155062705,-6.271611,7.5830355,-0.6697779
28609,1437155062724,-6.319495,7.571663,-0.62728083
28610,1437155062749,-6.285378,7.5052238,-0.52253455
28611,1437155062765,-6.2105594,7.4705076,-0.5231331
28612,1437155062788,-6.193201,7.451953,-0.53689975
28613,1437155062810,-6.3177,7.4322004,-0.47764325
28614,1437155062828,-6.3380504,7.4232225,-0.46327803
28615,1437155062848,-6.3464303,7.358579,-0.44891283
28616,1437155062868,-6.356007,7.32925,-0.46208093
28617,1437155062888,-6.4344172,7.3729444,-0.50278234
28618,1437155062909,-6.3913217,7.4166384,-0.55246204
28619,1437155062928,-6.389526,7.507618,-0.6667852
28620,1437155062946,-6.3913217,7.567473,-0.74519527
28621,1437155062969,-6.323685,7.467515,-0.7104794
28622,1437155062989,-6.169259,7.387908,-0.7236475
28623,1437155063009,-6.229114,7.305308,-0.6512229
28624,1437155063027,-6.31351,7.2304893,-0.5805939
28625,1437155063048,-6.4392056,7.1568675,-0.5033809
28626,1437155063066,-6.4960675,7.1544733,-0.46567222
28627,1437155063085,-6.5601125,7.1724296,-0.49679685
28628,1437155063106,-6.5391636,7.191583,-0.5153519
28629,1437155063126,-6.5403605,7.180211,-0.57520694
28630,1437155063148,-6.505645,7.2227077,-0.57640404
28631,1437155063168,-6.5499372,7.275979,-0.6278794
28632,1437155063188,-6.50744,7.27957,-0.6099229
28633,1437155063215,-6.445191,7.2729864,-0.6075287
28634,1437155063297,-6.399701,7.313089,-0.6278794
28635,1437155063298,-6.3685765,7.2783732,-0.57999533
28636,1437155063299,-6.209362,7.2550297,-0.6063316
28637,1437155063300,-6.3338604,7.3190746,-0.6380547
28638,1437155063316,-6.455366,7.359776,-0.6853402
28639,1437155063373,-6.481104,7.36217,-0.664391
28640,1437155063374,-6.3847375,7.3753386,-0.6380547
28641,1437155063375,-6.3685765,7.399879,-0.6793547
28642,1437155063419,-6.4272346,7.442376,-0.729633
28643,1437155063420,-6.393716,7.4603324,-0.79248077
28644,1437155063460,-6.307524,7.41185,-0.8331822
28645,1437155063461,-6.318897,7.393295,-0.86490536
28646,1437155063466,-6.427833,7.351995,-0.93493575
28647,1437155063486,-6.43741,7.2262993,-0.9528923
28648,1437155063510,-6.5164185,7.120356,-0.88645315
28649,1437155063529,-6.679823,6.913856,-0.81163436
28650,1437155063551,-6.6469026,6.423643,-0.52971715
28651,1437155063570,-6.519411,5.935226,0.033518825
28652,1437155063590,-7.037756,5.8741736,0.32621
28653,1437155063608,-7.433996,6.241684,-0.3585317
28654,1437155063629,-7.3669586,6.6163764,-1.1563994
28655,1437155063647,-7.1065893,6.799533,-1.4694413
28656,1437155063669,-6.647501,7.192182,-2.112883
28657,1437155063690,-6.5206084,7.6291237,-2.5372553
28658,1437155063709,-6.443395,7.817667,-2.5492263
28659,1437155063731,-6.3009405,7.900267,-2.645593
28660,1437155063747,-6.285378,7.9487495,-2.533664
28661,1437155063769,-6.2991447,7.9116397,-2.4474726
28662,1437155063789,-6.043564,7.768586,-2.3331497
28663,1437155063809,-6.1345434,7.702147,-2.0290859
28664,1437155063828,-6.247669,7.6267295,-1.8543092
28665,1437155063850,-6.066907,7.474099,-1.702876
28666,1437155063869,-6.1465144,7.3723454,-1.4401124
28667,1437155063889,-6.1716533,7.3645644,-1.3772645
28668,1437155063910,-6.1644707,7.359776,-1.3341689
28669,1437155063928,-5.9867015,7.32925,-1.1629834
28670,1437155063949,-5.9837084,7.358579,-1.0301052
28671,1437155063968,-6.154894,7.421427,-1.1288661
28672,1437155063990,-6.1237693,7.358579,-1.1779473
28673,1437155064007,-6.393117,7.3992805,-1.074398
28674,1437155064081,-6.6480994,7.438186,-1.2503718
28675,1437155064082,-6.3260794,7.3753386,-1.2090719
28676,1437155064083,-6.6546836,7.377134,-1.0684125
28677,1437155064088,-6.4499793,7.339425,-1.1007342
28678,1437155064110,-6.327875,7.28795,-0.89543146
28679,1437155064132,-6.42903,7.340024,-0.94331545
28680,1437155064148,-6.4511766,7.427412,-0.95708215
28681,1437155064167,-6.351817,7.453748,-0.9247604
28682,1437155064188,-6.377555,7.4896617,-0.98341835
28683,1437155064207,-6.2566476,7.37055,-0.9032126
28684,1437155064230,-6.1530986,7.327454,-0.7038953
28685,1437155064249,-6.365584,7.3753386,-0.6667852
28686,1437155065720,-6.3045316,7.425018,-0.7170634
28687,1437155065721,-6.2847795,7.3897038,-0.705691
28688,1437155065722,-6.2823853,7.2987237,-0.75118077
28689,1437155065723,-6.3422403,7.2783732,-0.76075757
28690,1437155065724,-6.3589997,7.2424603,-0.7469909
28691,1437155065725,-6.327875,7.2029557,-0.6901286
28692,1437155065726,-6.341642,7.2233067,-0.6757634
28693,1437155065727,-6.344036,7.229292,-0.6775591
28694,1437155065728,-6.247669,7.1981673,-0.6434417
28695,1437155065729,-6.1902084,7.2580223,-0.6512229
28696,1437155065730,-6.3446345,7.386112,-0.76554596
28697,1437155065731,-6.3218894,7.529764,-0.90620536
28698,1437155065732,-6.2327056,7.5070195,-0.9487024
28699,1437155065733,-6.1967926,7.4812818,-0.9475053
28700,1437155065734,-6.221333,7.4968443,-1.0283096
28701,1437155065735,-6.2632318,7.495647,-1.0582372
28702,1437155065736,-6.3601966,7.493851,-1.0582372
28703,1437155065737,-6.2883706,7.463325,-1.0761937
28704,1437155065738,-6.3206925,7.4208283,-1.0127473
28705,1437155065739,-6.3464303,7.4124484,-0.9415198
28706,1437155065740,-6.38773,7.439383,-0.8678981
28707,1437155065741,-6.461352,7.369353,-0.7763199
28708,1437155065742,-6.277597,7.4082584,-0.7870938
28709,1437155065743,-6.1979895,7.41604,-0.8158242
28710,1437155065744,-6.2793927,7.425018,-0.8158242
28711,1437155065745,-6.2674217,7.4286094,-0.81761986
28712,1437155065746,-6.1740475,7.457938,-0.8511387
28713,1437155065747,-6.180033,7.425018,-0.8002619
28714,1437155065748,-6.1770406,7.40347,-0.7870938
28715,1437155065749,-6.093243,7.4591355,-0.7637503
28716,1437155065750,-6.0369797,7.5243773,-0.7930793
28717,1437155065751,-5.8292828,7.5525093,-0.8062474
28718,1437155065752,-5.5539494,7.7039423,-0.91338795
28719,1437155065753,-5.2995653,7.839215,-0.96426475
28720,1437155065754,-5.064934,8.095394,-1.13964
28721,1437155065755,-5.218761,8.280347,-1.3623008
28722,1437155065756,-5.170877,8.33242,-1.5251064
28723,1437155065757,-5.0014873,8.257602,-1.6418238
28724,1437155065758,-5.0116625,8.210915,-1.7052702
28725,1437155065759,-5.093664,8.080431,-1.8022354
28726,1437155065760,-4.8668137,7.9834657,-1.9632454
28727,1437155065761,-5.1882353,8.158242,-2.3259668
28728,1437155065762,-5.9364233,8.179192,-2.4504654
28729,1437155065763,-6.090849,7.9864583,-2.5073278
28730,1437155065764,-5.7945666,7.6470804,-2.5635915
28731,1437155065765,-5.9106855,7.5806413,-2.7257986
28732,1437155065766,-5.9717374,7.5189905,-2.8443117
28733,1437155065767,-6.031593,7.579444,-2.7611132
28734,1437155065768,-6.4505777,7.838018,-2.6713305
28735,1437155065769,-6.497265,7.817667,-2.7323828
28736,1437155065770,-5.929839,7.6333137,-2.677316
28737,1437155065771,-5.9268465,7.5088153,-2.6862943
28738,1437155065772,-5.7658362,7.5668745,-2.6431987
28739,1437155065773,-5.7335143,7.8906903,-2.6970682
28740,1437155065774,-6.289568,8.269572,-2.5258827
28741,1437155065775,-6.359598,7.9289975,-2.1888988
28742,1437155065776,-5.7305217,7.6584525,-1.6998832
28743,1437155065777,-5.553351,7.778163,-1.4215573
28744,1437155065778,-5.4551888,7.9553337,-1.2940661
28745,1437155065779,-5.647922,8.35337,-0.97623575
28746,1437155065780,-5.81372,8.264784,-0.8535329
28747,1437155065781,-5.297171,7.9888525,-0.5638345
28748,1437155065782,-4.832696,7.6548615,-0.49679685
28749,1437155065783,-4.5741224,7.5812397,-0.6356605
28750,1437155065784,-4.961983,7.6387005,-0.7092823
28751,1437155065785,-5.747281,7.8787193,-0.5554548
28752,1437155065786,-5.916671,8.140884,-0.55246204
28753,1437155065787,-5.655703,8.252813,-0.3184288
28754,1437155065788,-5.182848,8.258799,-0.25677812
28755,1437155065789,-4.748899,8.336611,-0.2741361
28756,1437155065790,-4.741118,8.362348,-0.20231004
28757,1437155065791,-4.818331,8.422802,-0.19931729
28758,1437155065792,-5.097854,8.356961,-0.15442601
28759,1437155065793,-5.026028,8.224083,-0.011971008
28760,1437155065794,-4.9338512,8.074445,0.11851298
28761,1437155065795,-5.109825,8.252813,0.18974048
28762,1437155065796,-5.361216,8.306085,0.38067806
28763,1437155065807,-5.2235494,8.397662,0.5069722
28764,1437155065827,-5.0062757,8.364143,0.54647654
28765,1437155065847,-5.01705,8.365341,0.63206923
28766,1437155065867,-4.9069166,8.337808,0.61112
28767,1437155065887,-4.8320975,8.316858,0.6410475
28768,1437155065907,-4.9099092,8.428787,0.641646
28769,1437155065927,-5.092467,8.54311,0.682946
28770,1437155065947,-4.808754,8.515577,0.6769605
28771,1437155065969,-4.3939586,8.327033,0.6368576
28772,1437155065989,-4.2634745,8.015787,0.5847838
28773,1437155066008,-4.654328,7.903858,0.5883751
28774,1437155066029,-5.039196,8.209718,0.41599256
28775,1437155066052,-5.2319293,8.340201,0.3238158
28776,1437155066077,-5.2941785,8.3312235,0.40521863
28777,1437155066088,-5.1810527,8.309077,0.46986207
28778,1437155066108,-5.327099,8.330625,0.49679685
28779,1437155066131,-5.149329,8.264186,0.55844754
28780,1437155066149,-5.0158525,8.213309,0.6428431
28781,1437155066171,-5.072715,8.118738,0.6805518
28782,1437155066189,-4.9901147,8.067263,0.7493851
28783,1437155066249,-5.171476,8.256405,0.8265981
28784,1437155066250,-5.449203,8.412626,0.84455466
28785,1437155066251,-5.474941,8.334216,0.93493575
28786,1437155066268,-5.270835,8.180987,0.9307459
28787,1437155066288,-5.2061915,8.025364,0.9259575
28788,1437155066309,-5.21098,7.8517847,0.85473
28789,1437155066329,-5.2887917,7.602189,0.8463503
28790,1437155066350,-5.5868697,7.482479,0.84335756
28791,1437155066369,-5.901707,7.514202,0.80205756
28792,1437155066391,-6.0728927,7.7667904,0.8355764
28793,1437155066412,-6.10282,7.937976,0.8846575
28794,1437155066431,-5.770026,7.7667904,1.0708067
28795,1437155066448,-5.7520695,7.73806,1.2192472
28796,1437155066472,-5.9867015,7.860164,1.1384429
28797,1437155066492,-6.003461,7.9212165,1.4957775
28798,1437155066512,-5.489306,7.8302364,1.5011644
28799,1437155066532,-5.3199162,7.715315,1.5316905
28800,1437155066552,-5.625177,7.7614036,1.3982137
28801,1437155066572,-5.663484,7.633912,1.3257892
28802,1437155066590,-5.442619,7.3645644,1.2360066
28803,1437155066610,-5.673061,7.4136457,1.0564415
28804,1437155066632,-5.93343,7.4848733,0.9091981
28805,1437155066652,-5.823297,7.491457,0.80205756
28806,1437155066672,-5.4845176,7.447763,0.5883751
28807,1437155066693,-5.478532,7.465719,0.53929394
28808,1437155066712,-5.8945246,7.8170686,0.46208093
28809,1437155066732,-6.10282,8.037335,0.4950012
28810,1437155066752,-5.8885393,8.06427,0.7134721
28811,1437155066772,-5.647323,8.127716,0.8858546
28812,1437155066792,-5.5096564,8.276755,1.0049661
28813,1437155066811,-5.2241483,8.334815,1.2258313
28814,1437155066831,-4.9464207,8.190564,1.401805
28815,1437155066851,-4.9542017,8.097789,1.412579
28816,1437155066936,-5.3779755,8.043321,1.3850456
28817,1437155066937,-5.6521115,7.9188223,1.46585
28818,1437155066938,-5.48332,7.788338,1.5005659
28819,1437155066941,-5.269039,7.7727757,1.4227544
28820,1437155066949,-5.5551467,7.788338,1.2294226
28821,1437155066969,-5.8891377,7.768586,1.1791444
28822,1437155066991,-6.0543375,7.8236527,1.18094
28823,1437155067009,-5.9759274,7.9074497,0.9175778
28824,1437155067034,-5.33069,7.964312,0.61770403
28825,1437155067051,-4.494515,7.9822683,0.45669398
28826,1437155067070,-3.8175547,8.328231,0.1933318
28827,1437155067091,-4.096479,8.845378,0.20590134
28828,1437155067111,-4.461595,9.162011,0.29209262
28829,1437155067130,-4.426879,9.273342,0.25198972
28830,1437155067153,-4.514866,9.097966,0.39863458
28831,1437155067173,-4.470573,8.830415,0.46327803
28832,1437155067193,-4.6896424,8.595184,0.50637364
28833,1437155067212,-4.7518916,8.388085,0.6835446
28834,1437155067233,-4.724957,8.240842,0.6344634
28835,1437155067253,-4.694431,8.26239,0.5470751
28836,1437155067273,-4.881179,8.247426,0.49919105
28837,1437155067292,-5.029021,8.260594,0.42676646
28838,1437155067312,-5.105635,8.252214,0.37229836
28839,1437155067331,-5.1571107,8.186973,0.3854665
28840,1437155067351,-5.2409077,8.14268,0.3573346
28841,1437155067373,-5.3139305,8.149264,0.37948096
28842,1437155067392,-5.427655,8.134899,0.39624038
28843,1437155067413,-5.403713,8.130709,0.48003745
28844,1437155067432,-5.395334,8.145673,0.50517654
28845,1437155067453,-5.518635,8.124723,0.5883751
28846,1437155067474,-5.48751,8.112753,0.6290765
28847,1437155067494,-5.42167,8.116942,0.66259533
28848,1437155067514,-5.4432178,8.124125,0.6865373
28849,1437155067532,-5.4300494,8.139688,0.6799533
28850,1437155067552,-5.3594203,8.063073,0.6619968
28851,1437155067572,-5.294777,8.04392,0.6135142
28852,1437155067591,-5.397728,8.015189,0.5081693
28853,1437155067671,-5.445612,7.9421654,0.4830302
28854,1437155067672,-5.4881086,7.913435,0.43873745
28855,1437155067683,-5.627571,7.923012,0.35254622
28856,1437155067684,-5.6323595,7.914034,0.38486794
28857,1437155067693,-5.662287,7.9547353,0.38067806
28858,1437155067710,-5.7790046,8.039729,0.39923313
28859,1437155067733,-5.8322754,8.025364,0.42916065
28860,1437155067750,-5.78499,7.948151,0.51595044
28861,1437155067770,-5.653309,7.86196,0.56982
28862,1437155067796,-5.439028,7.8308353,0.7044938
28863,1437155067812,-5.394735,7.9062524,0.7188591
28864,1437155067831,-5.5383873,7.9289975,0.7254431
28865,1437155067851,-5.631761,7.8529816,0.7942764
28866,1437155067873,-5.662287,7.772177,0.85532856
28867,1437155067893,-5.823297,7.662044,0.85772276
28868,1437155067914,-5.8867435,7.566276,0.88944596
28869,1437155067933,-5.8741736,7.519589,0.8822633
28870,1437155067953,-5.9980736,7.5584946,0.8206126
28871,1437155067974,-6.108207,7.591415,0.78050977
28872,1437155067994,-5.952584,7.574057,0.82719666
28873,1437155068014,-5.808932,7.550115,0.83737206
28874,1437155068034,-5.8041434,7.619547,0.760159
28875,1437155068053,-5.811326,7.639299,0.7015011
28876,1437155068071,-5.804742,7.6171527,0.7445967
28877,1437155068094,-5.7963624,7.6841903,0.7368156
28878,1437155068114,-5.801151,7.7590094,0.7068881
28879,1437155068130,-5.762245,7.7308774,0.75118077
28880,1437155068150,-5.781399,7.7907324,0.8038532
28881,1437155068170,-5.9011087,7.851186,0.7906851
28882,1437155068195,-5.851429,7.8236527,0.8984242
28883,1437155068216,-5.6736593,7.7769656,0.9540894
28884,1437155068238,-5.657499,7.8529816,0.9816227
28885,1437155068254,-5.7885814,7.9182234,1.027711
28886,1437155068271,-5.7347116,7.9050555,1.0869676
28887,1437155068291,-5.6964045,7.8769236,1.1647792
28888,1437155068312,-5.6323595,7.8290396,1.2060791
28889,1437155068352,-5.5389857,7.795521,1.2437878
28890,1437155068353,-5.4982843,7.7853456,1.2515689
28891,1437155068418,-5.501277,7.7787614,1.2725182
28892,1437155068419,-5.629367,7.785944,1.2539631
28893,1437155068420,-5.6856303,7.752425,1.2240356
28894,1437155068441,-5.7029886,7.7374616,1.2030864
28895,1437155068452,-5.643732,7.6800003,1.1869255
28896,1437155068476,-5.7203465,7.6865845,1.1540052
28897,1437155068492,-5.7179523,7.641693,1.1318588
28898,1437155068513,-5.816713,7.6704235,1.0672154
28899,1437155068532,-5.9106855,7.669825,1.0313023
28900,1437155068551,-5.917868,7.7069354,1.0851719
28901,1437155068574,-5.9807158,7.735666,1.1282675
28902,1437155068593,-5.885546,7.7147164,1.1552023
28903,1437155068612,-5.777209,7.6710224,1.2066777
28904,1437155068634,-5.7029886,7.599196,1.2455834
28905,1437155068655,-5.5617304,7.5926123,1.1947067
28906,1437155068674,-5.6521115,7.719505,1.0390835
28907,1437155068694,-5.720945,7.778163,0.89423436
28908,1437155068714,-5.81791,7.8332295,0.83976626
28909,1437155068734,-5.781997,7.780557,0.8086416
28910,1437155068756,-5.8693852,7.8446016,0.8343793
28911,1437155068774,-5.9956794,7.8182654,0.9187749
28912,1437155068794,-5.9029045,7.7548194,1.0929531
28913,1437155068814,-5.7706246,7.7973166,1.1210849
28914,1437155068831,-5.6563015,7.799112,1.1617863
28915,1437155068854,-5.450999,7.7572136,1.1228806
28916,1437155068874,-5.533,7.78355,1.067814
28917,1437155068893,-5.5509567,7.7548194,1.0031705
28918,1437155068914,-5.6604915,7.7709804,0.9528923
28919,1437155068934,-5.6658783,7.776367,0.87328506
28920,1437155068955,-5.631162,7.815273,0.8074445
28921,1437155068973,-5.707777,7.915829,0.7529764
28922,1437155068995,-5.7215433,7.965509,0.6835446
28923,1437155069015,-5.6461263,7.9289975,0.7092823
28924,1437155069035,-5.5270147,7.887099,0.7188591
28925,1437155069054,-5.647323,7.9272017,0.7116765
28926,1437155069073,-5.5443726,7.9307933,0.7158663
28927,1437155069093,-5.657499,8.005013,0.7218518
28928,1437155069172,-5.619191,8.031948,0.7188591
28929,1437155069173,-5.559336,7.9625163,0.7870938
28930,1437155069174,-5.342661,7.868544,0.8798691
28931,1437155069175,-5.37199,7.9289975,0.85473
28932,1437155069192,-5.5192337,8.026561,0.7284359
28933,1437155069214,-5.4312468,8.066664,0.6715736
28934,1437155069231,-5.3863554,8.062474,0.6548142
28935,1437155069252,-5.357026,8.061875,0.58119243
28936,1437155069285,-5.430648,8.066066,0.55844754
28937,1437155069293,-5.522825,8.087015,0.5117606
28938,1437155069313,-5.4539914,7.9750857,0.52253455
28939,1437155069333,-5.5419784,8.008605,0.5494693
28940,1437155069353,-5.711368,7.937377,0.5662287
28941,1437155069372,-5.6185927,7.867347,0.6901286
28942,1437155069393,-5.6377463,7.849989,0.682946
28943,1437155069415,-5.6425347,7.8709383,0.705691
28944,1437155069433,-5.5264163,7.8691425,0.6925228
28945,1437155069454,-5.535394,7.929596,0.6368576
28946,1437155069474,-5.5707088,7.99005,0.58538234
28947,1437155069493,-5.5856724,8.046313,0.52971715
28948,1437155069515,-5.5383873,8.076241,0.5117606
28949,1437155069533,-5.3342814,8.069656,0.51355624
28950,1437155069554,-5.4246626,8.142081,0.53929394
28951,1437155069586,-5.5288105,8.16363,0.51355624
28952,1437155069617,-5.5138464,7.9212165,0.5710171
28953,1437155069624,-5.5659204,7.769783,0.52133745
28954,1437155069634,-5.895722,7.77936,0.41240123
28955,1437155069653,-6.0124393,7.8146744,0.38187516
28956,1437155069679,-6.1620765,7.8966756,0.39743748
28957,1437155069692,-6.091448,7.972093,0.3633201
28958,1437155069714,-5.8029466,8.005013,0.39264908
28959,1437155069748,-5.604826,7.8972745,0.4261679
28960,1437155069755,-5.3163247,7.7769656,0.41599256
28961,1437155069775,-5.3642087,7.65127,0.3657143
28962,1437155069795,-5.360019,7.583634,0.22325931
28963,1437155069812,-5.439028,7.5692687,0.11192893
28964,1437155069832,-5.6245785,7.554305,0.0035913025
28965,1437155069859,-5.638345,7.709928,-0.17178397
28966,1437155069884,-5.6790466,7.86615,-0.27832595
28967,1437155069895,-5.653309,7.89907,-0.20290859
28968,1437155069916,-5.7323174,7.920019,-0.14903906
28969,1437155069932,-5.6940103,7.9050555,-0.13706805
28970,1437155069953,-5.494693,7.967903,-0.14784196
28971,1437155069972,-5.6359506,8.107366,-0.3597288
28972,1437155069992,-5.587468,8.169615,-0.40462008
28973,1437155070019,-5.445612,8.19236,-0.3393781
28974,1437155070033,-5.37199,8.264186,-0.39025488
28975,1437155070054,-5.309741,8.194754,-0.3357868
28976,1437155070075,-5.3282957,8.289325,-0.45549688
28977,1437155070094,-5.33069,8.286332,-0.62368953
28978,1437155070114,-4.900931,8.25401,-0.6697779
28979,1437155070136,-5.093664,8.339603,-0.9504981
28980,1437155070156,-5.4647655,8.377312,-1.074398
28981,1437155070176,-5.609016,8.364742,-1.2120646
28982,1437155070194,-5.451597,8.330625,-1.3174095
28983,1437155070214,-5.4264584,8.217499,-1.2599486
28984,1437155070236,-5.085284,8.070854,-1.2437878
28985,1437155070256,-5.2648497,7.9236107,-0.9959879
28986,1437155070276,-5.5737014,7.8039002,-0.89543146
28987,1437155070293,-5.549161,7.5800424,-0.7284359
28988,1437155070314,-5.6185927,7.569867,-0.789488
28989,1437155070336,-5.8454432,7.575254,-0.95588505
28990,1437155070356,-5.6940103,7.5327573,-1.002572
28991,1437155070373,-6.0824695,7.5866265,-0.86011696
28992,1437155070396,-6.363788,7.519589,-0.59855044
28993,1437155070413,-5.8322754,7.2843585,-0.8242039
28994,1437155070433,-5.6281695,7.515998,-1.2030864
28995,1437155070454,-6.015432,7.911041,-1.3389573
28996,1437155070474,-5.503671,7.724293,-1.3120226
28997,1437155070500,-5.1876364,7.925406,-1.1599907
28998,1437155070513,-5.158906,8.249222,-1.8656816
28999,1437155070533,-5.403115,8.361151,-2.0679917
29000,1437155070554,-5.5910597,8.213309,-1.9009962
29001,1437155070579,-5.5060654,8.271368,-2.135628
29002,1437155070654,-5.429451,8.33242,-2.2631192
29003,1437155070655,-5.2810106,8.283937,-2.3259668
29004,1437155070656,-5.2965727,7.9128366,-1.9476831
29005,1437155070657,-5.2259436,7.6704235,-1.6531962
29006,1437155070675,-5.434838,7.8039002,-1.7597382
29007,1437155070698,-5.663484,7.650073,-1.9512744
29008,1437155070713,-6.117185,7.4848733,-1.6921021
29009,1437155070733,-6.5068417,7.693767,-1.6466122
29010,1437155070759,-5.8843493,7.980473,-1.9267339
29011,1437155070774,-5.525219,8.250419,-2.319383
29012,1437155070794,-5.6084175,8.123527,-2.1751323
29013,1437155070814,-5.318719,8.061277,-2.0967221
29014,1437155070834,-5.2941785,8.134899,-2.1021092
29015,1437155070856,-5.579687,8.247426,-2.0458453
29016,1437155070874,-5.6281695,8.121132,-1.8351556
29017,1437155070894,-5.0822916,7.854179,-1.7052702
29018,1437155070914,-5.0781016,7.8332295,-1.8507179
29019,1437155070959,-6.023213,7.8847046,-1.9135658
29020,1437155070960,-6.055535,7.9206176,-1.8447324
29021,1437155070974,-5.8095303,8.024766,-1.8788497
29022,1437155070997,-5.7616463,8.009203,-1.7615339
29023,1437155071014,-5.5671177,7.78355,-1.4951789
29024,1437155071041,-5.431845,7.5908165,-1.3557167
29025,1437155071053,-5.637148,7.4908586,-1.3186066
29026,1437155071077,-5.849035,7.4046674,-1.3395559
29027,1437155071094,-5.832874,7.4046674,-1.3928268
29028,1437155071114,-5.9639564,7.427412,-1.4520833
29029,1437155071134,-6.2554507,7.451354,-1.2952632
29030,1437155071153,-6.0824695,7.5016327,-1.4437037
29031,1437155071175,-6.0124393,7.455544,-1.596334
29032,1437155071195,-5.893926,7.418434,-1.5574282
29033,1437155071216,-6.173449,7.48188,-1.5610195
29034,1437155071234,-6.3985043,7.501034,-1.316811
29035,1437155071254,-6.5307837,7.3148847,-1.0869676
29036,1437155071275,-6.2901664,7.3579803,-1.0055647
29037,1437155071304,-6.0327897,7.498041,-1.1773487
29038,1437155071369,-5.66947,7.551312,-1.3826514
29039,1437155071382,-5.920861,7.671621,-1.3485341
29040,1437155071383,-6.2351,7.7799582,-1.4059949
29041,1437155071384,-6.113594,7.8092875,-1.441908
29042,1437155071394,-5.8304796,7.7931266,-1.5682021
29043,1437155071414,-5.6766524,7.795521,-1.7986441
29044,1437155071434,-5.7670336,7.748235,-1.8046296
29045,1437155071469,-6.0728927,7.929596,-1.6807296
29046,1437155071474,-6.019023,7.855376,-1.5699978
29047,1437155071495,-5.695806,7.511808,-1.4131776
29048,1437155071515,-5.9124813,7.409456,-1.3880384
29049,1437155071534,-6.2644286,7.697957,-1.4556746
29050,1437155071556,-6.5325794,7.8224554,-1.3868413
29051,1437155071584,-5.955577,7.701548,-1.1216835
29052,1437155071597,-5.391144,7.6135616,-1.050456
29053,1437155071617,-5.504868,7.978079,-1.151611
29054,1437155071635,-5.3636103,8.193557,-1.3724761
29055,1437155071656,-4.9524064,8.335413,-1.5047557
29056,1437155071677,-5.157709,8.405443,-1.4401124
29057,1437155071698,-4.9865236,8.491036,-1.4610616
29058,1437155071716,-4.829105,8.485051,-1.4089876
29059,1437155071735,-4.863222,8.401853,-1.3311762
29060,1437155071757,-4.777031,8.380903,-1.3754689
29061,1437155071774,-4.9458222,8.418612,-1.4945804
29062,1437155071794,-5.133767,8.430583,-1.6932992
29063,1437155071815,-5.391742,8.425795,-1.7369933
29064,1437155071839,-5.832874,8.398261,-1.7770962
29065,1437155071895,-5.896919,8.062474,-1.5340848
29066,1437155071896,-5.7867856,7.785944,-1.3096284
29067,1437155071897,-6.0118403,7.3609734,-1.1372458
29068,1437155071914,-6.2009826,7.0347633,-0.88765025
29069,1437155071934,-6.4936733,6.885724,-0.7338228
29070,1437155071954,-6.5601125,6.9360023,-0.7194576
29071,1437155071974,-6.6241574,6.8132997,-0.60693014
29072,1437155071994,-6.6175733,6.7492547,-0.3842694
29073,1437155072015,-6.7324953,6.767211,-0.3321955
29074,1437155072034,-6.5984197,6.8929067,-0.42197806
29075,1437155072076,-6.613982,6.947375,-0.55126494
29076,1437155072077,-6.6445084,6.857592,-0.60214174
29077,1437155072095,-6.6271505,6.8438253,-0.62368953
29078,1437155072115,-6.992266,6.925827,-0.6931214
29079,1437155072134,-7.264008,6.923433,-0.7266402
29080,1437155072155,-7.116166,6.8689647,-0.56563014
29081,1437155072175,-6.893505,6.815694,-0.50158525
29082,1437155072209,-6.7025676,6.903082,-0.5189432
29083,1437155072223,-6.5589156,6.9108634,-0.5315128
29084,1437155072233,-6.461352,7.08564,-0.64942724
29085,1437155072254,-6.4751186,7.2394676,-0.7751228
29086,1437155072274,-6.2650275,7.3226657,-0.8511387
29087,1437155072294,-6.0770826,7.3926964,-0.8331822
29088,1437155072314,-5.981314,7.583634,-0.92655605
29089,1437155072336,-6.0345855,7.81228,-1.0235212
29090,1437155072355,-5.9184666,7.8954787,-1.0618285
29091,1437155072375,-5.373187,8.017583,-1.1456255
29092,1437155072394,-4.7937903,8.240842,-1.2731167
29093,1437155072418,-4.2491093,8.714295,-1.5101427
29094,1437155072438,-4.5896845,9.221867,-1.8800468
29095,1437155072454,-5.45878,8.848371,-1.8716671
29096,1437155072474,-5.5162406,8.313866,-1.4867992
29097,1437155072495,-6.053739,7.8505874,-1.377863
29098,1437155072517,-6.5625067,7.5165963,-1.2186487
29099,1437155072538,-6.8091097,7.2310877,-1.055843
29100,1437155072557,-6.9024835,6.9701195,-0.97623575
29101,1437155072578,-6.9048777,6.7851677,-0.8738836
29102,1437155072596,-6.907272,6.637326,-0.8182184
29103,1437155072615,-6.7690067,6.591237,-0.81522566
29104,1437155072635,-6.615179,6.535572,-0.8559271
29105,1437155072657,-6.627749,6.543952,-0.89303726
29106,1437155072678,-6.7863646,6.530185,-0.87807345
29107,1437155072698,-7.057508,6.5936313,-0.84575176
29108,1437155072719,-7.3328414,6.534375,-0.842759
29109,1437155072739,-7.3753386,6.534375,-0.7350199
29110,1437155072809,-7.398083,6.5840545,-0.6919243
29111,1437155072810,-7.0545154,6.5696893,-0.8331822
29112,1437155072811,-6.7863646,6.491878,-0.89603
29113,1437155072818,-6.7749925,6.567894,-0.9816227
29114,1437155072838,-6.896498,6.6882024,-1.1198878
29115,1437155072862,-7.0012445,6.747459,-1.2066777
29116,1437155072875,-7.0449386,6.7492547,-1.3036429
29117,1437155072895,-7.019799,6.6852098,-1.3664906
29118,1437155072930,-6.985682,6.615179,-1.3479356
29119,1437155072936,-7.1526775,6.6085954,-1.3826514
29120,1437155072965,-7.3831196,6.663662,-1.3395559
29121,1437155072977,-7.4016747,6.559514,-1.2659341
29122,1437155072996,-7.3124905,6.5283895,-1.2605472
29123,1437155073019,-7.337031,6.453571,-1.2276269
29124,1437155073038,-7.2328835,6.4350157,-1.1833342
29125,1437155073063,-7.304111,6.499659,-1.1558008
29126,1437155073078,-7.4046674,6.64391,-1.1492168
29127,1437155073099,-7.450157,6.67683,-1.1845313
29128,1437155073119,-7.293337,6.67683,-1.1773487
29129,1437155073138,-7.225701,6.6732388,-1.2503718
29130,1437155073159,-7.1849995,6.6870055,-1.2725182
29131,1437155073180,-7.2089415,6.7145386,-1.3126211
29132,1437155073196,-7.265804,6.6882024,-1.2623428
29133,1437155073219,-7.2203135,6.612785,-1.2354081
29134,1437155073239,-7.2544312,6.581062,-1.1324574
29135,1437155073258,-7.277176,6.5625067,-1.0588357
29136,1437155073279,-7.2909427,6.5379663,-0.95229375
29137,1437155073299,-7.2406645,6.5625067,-0.91338795
29138,1437155073319,-7.365163,6.6726403,-0.88765025
29139,1437155073339,-7.1748238,6.545149,-0.88046765
29140,1437155073358,-7.1131735,6.5816603,-0.78649527
29141,1437155073382,-7.2209125,6.603807,-0.7823054
29142,1437155073416,-7.0605006,6.701969,-0.7930793
29143,1437155073417,-7.1311297,6.663662,-0.7350199
29144,1437155073436,-7.017405,6.651691,-0.7673417
29145,1437155073470,-7.076063,6.642114,-0.777517
29146,1437155073476,-7.193379,6.675633,-0.6715736
29147,1437155073556,-7.1245456,6.6445084,-0.6889315
29148,1437155073557,-6.938995,6.469133,-0.61770403
29149,1437155073561,-6.9892735,6.3781533,-0.52971715
29150,1437155073562,-7.24665,6.5283895,-0.6314707
29151,1437155073579,-7.313089,6.3607955,-0.9331401
29152,1437155073596,-7.404069,6.269217,-0.5363012
29153,1437155073620,-7.771579,6.408081,-0.6997054
29154,1437155073636,-7.277176,6.357204,-0.7098808
29155,1437155073700,-7.2508397,6.578069,-0.50517654
29156,1437155073701,-7.5974007,6.5325794,-0.7194576
29157,1437155073702,-6.8545995,6.417658,-0.5386954
29158,1437155073722,-6.7450647,6.315904,-0.58119243
29159,1437155073737,-7.3472066,6.463746,-0.50517654
29160,1437155073759,-7.526173,6.3482256,-0.48482585
29161,1437155073779,-6.965331,6.187216,-0.504578
29162,1437155073797,-7.2322845,6.325481,-0.49559975
29163,1437155073819,-8.078036,7.149685,-0.6853402
29164,1437155073839,-7.361572,6.295553,-0.7882909
29165,1437155073859,-6.692991,6.057929,-0.23463176
29166,1437155073878,-7.74225,6.3284736,-0.43275195
29167,1437155073897,-7.41185,6.3177,-0.7422025
29168,1437155073919,-7.353192,6.6145806,-0.2717419
29169,1437155073939,-7.113772,6.278794,-0.5081693
29170,1437155073957,-7.429208,6.4188547,-0.17956513
29171,1437155073979,-7.7464395,6.361394,-0.39085343
29172,1437155073999,-7.4004774,6.291962,-0.19871874
29173,1437155074019,-7.3807254,6.251859,-0.18315643
29174,1437155074039,-7.3938932,6.3218894,-0.29747957
29175,1437155074059,-7.5572977,6.5391636,-0.16519992
29176,1437155074080,-7.3669586,6.4230447,-0.19752164
29177,1437155074100,-7.1700354,6.371569,-0.10115502
29178,1437155074119,-7.4387846,6.411672,-0.09876082
29179,1437155074139,-7.505822,6.4260373,-0.06584055
29180,1437155074158,-7.4106526,6.461352,-0.049081136
29181,1437155074179,-7.2628107,6.287772,-0.06823475
29182,1437155074200,-7.2969284,6.279991,0.107140526
29183,1437155074216,-7.4884644,6.2967505,0.15442601
29184,1437155074270,-7.3909006,6.384139,0.18435353
29185,1437155074271,-7.2646065,6.369175,0.2184709
29186,1437155074279,-7.185598,6.542156,0.24720132
29187,1437155074296,-6.75943,6.6145806,0.19153613
29188,1437155074318,-6.3901243,6.9012866,0.108936176
29189,1437155074338,-5.931635,7.326257,-0.109534726
29190,1437155074360,-5.60722,7.8649526,-0.5189432
29191,1437155074378,-5.379173,8.259995,-0.94570965
29192,1437155074403,-5.879561,8.09719,-0.95229375
29193,1437155074418,-6.3129115,7.72968,-0.6679823
29194,1437155074438,-6.645705,7.3687544,-0.52971715
29195,1437155074461,-7.023989,6.8647747,-0.3345897
29196,1437155074478,-7.3831196,6.9228344,-0.07062895
29197,1437155074500,-7.586028,6.476914,0.07182605
29198,1437155074519,-7.3579803,6.2009826,0.56563014
29199,1437155074563,-7.116166,6.1423244,0.7302315
29200,1437155074564,-7.04015,6.215348,0.7870938
29201,1437155074578,-7.1460934,6.353014,0.93254155
29202,1437155074600,-7.2472486,6.393716,1.0654198
29203,1437155074619,-7.119757,6.227319,1.1354501
29204,1437155074641,-6.967127,6.171055,1.18094
29205,1437155074657,-6.977302,6.4128695,1.0187328
29206,1437155074677,-6.992266,6.6056023,0.7649474
29207,1437155074698,-7.1275387,6.7767878,0.7356185
29208,1437155074717,-6.793547,6.7773867,0.56802434
29209,1437155074740,-6.719327,6.622362,0.3716998
29210,1437155074756,-6.897695,6.89171,0.3298013
29211,1437155074776,-6.7851677,7.114969,-0.037110128
29212,1437155074796,-6.655282,7.386112,-0.29029694
29213,1437155074816,-6.4870896,7.2604165,-0.18854338
29214,1437155074836,-6.295553,7.2634096,-0.30346507
29215,1437155074856,-6.327875,7.306505,-0.25677812
29216,1437155074876,-6.8408327,7.502231,-0.25498247
29217,1437155074902,-6.951565,7.52737,-0.24540567
29218,1437155074916,-6.7654157,7.402273,-0.24181437
29219,1437155074936,-6.081871,7.599196,-0.30526072
29220,1437155074957,-6.2674217,7.314286,-0.5770026
29221,1437155074976,-6.5804634,7.2861543,-0.14305355
29222,1437155074996,-6.9437833,7.2472486,-0.16759412
29223,1437155075016,-6.59004,7.1700354,-0.06703765
29224,1437155075036,-6.5361705,7.1604586,0.14544775
29225,1437155075056,-6.5666966,7.055712,0.09816227
29226,1437155075078,-6.408081,6.904279,0.38187516
29227,1437155075101,-6.7103486,7.08564,0.3417723
29228,1437155075120,-6.518214,7.2927384,0.17597382
29229,1437155075140,-6.3404446,7.2927384,0.24779987
29230,1437155075161,-6.355408,7.394492,0.0664391
29231,1437155075181,-5.9843073,7.228095,0.08379706
29232,1437155075201,-6.3643866,7.339425,0.16639702
29233,1437155075220,-6.5858502,7.350199,0.10534488
29234,1437155075238,-6.3619924,7.150882,0.207697
29235,1437155075258,-6.43322,7.1191587,0.39025488
29236,1437155075280,-6.803124,7.100005,0.37349546
29237,1437155075301,-6.737882,7.074866,0.46627077
29238,1437155075317,-6.5631056,6.8809357,0.42437226
29239,1437155075338,-6.527791,6.818088,0.3716998
29240,1437155075360,-6.721721,6.7666125,0.46028528
29241,1437155075382,-6.8001313,6.693589,0.4902128
29242,1437155075402,-7.1568675,6.7534447,0.7236475
29243,1437155075422,-7.275979,6.849811,0.78410107
29244,1437155075440,-7.402273,7.0132155,0.9475053
29245,1437155075458,-7.393295,6.9820905,1.0636241
29246,1437155075477,-7.1221514,6.9838862,1.2138603
29247,1437155075498,-6.729502,6.938995,1.1737574
29248,1437155075519,-6.3793507,7.0593038,1.2294226
29249,1437155075543,-6.2769985,7.079056,1.2952632
29250,1437155075593,-6.3063273,7.0970125,1.1761516
29251,1437155075594,-6.643311,6.7205243,1.2425907
29252,1437155075609,-6.619369,6.527791,1.5143325
29253,1437155075617,-7.006033,6.7043633,1.4526819
29254,1437155075650,-7.195773,6.5864487,1.2689269
29255,1437155075659,-7.147889,6.6965823,1.3730747
29256,1437155075679,-7.101801,6.721721,1.340753
29257,1437155075701,-6.6828156,6.739079,1.359308
29258,1437155075719,-6.769605,6.8168907,1.2192472
29259,1437155075741,-6.567295,6.7666125,1.1168951
29260,1437155075760,-6.666056,6.7983356,1.0923545
29261,1437155075782,-6.667852,6.7085533,0.9427169
29262,1437155075801,-6.510433,6.7426705,0.8750807
29263,1437155075821,-6.6600704,6.551733,0.7978677
29264,1437155075841,-6.585252,6.67683,0.6967127
29265,1437155075861,-6.488885,6.688801,0.47225627
29266,1437155075880,-6.489484,6.8372416,0.47524905
29267,1437155075901,-6.7725983,6.752846,0.40821138
29268,1437155075921,-6.7067575,6.7324953,0.39743748
29269,1437155075939,-6.871359,6.716933,0.38067806
29270,1437155075960,-7.079654,6.9665284,0.320823
29271,1437155075982,-7.2753806,6.955156,0.4782418
29272,1437155076000,-7.013814,6.903082,0.7170634
29273,1437155076019,-6.76362,6.943185,0.8343793
29274,1437155076040,-6.817489,7.1371155,1.055843
29275,1437155076063,-6.952163,7.340024,1.2395979
29276,1437155076083,-7.0545154,7.466318,1.4466964
29277,1437155076103,-6.7624226,7.318476,1.6334441
29278,1437155076121,-6.299743,7.2831616,1.875857
29279,1437155076139,-6.293758,7.1568675,1.9841946
29280,1437155076159,-6.007651,7.2298903,2.0141222
29281,1437155076181,-5.931036,7.1646485,2.0428526
29282,1437155076201,-5.8801594,7.2831616,2.0254946
29283,1437155076222,-5.920861,7.2628107,1.9393034
29284,1437155076292,-5.864597,7.309498,1.9201498
29285,1437155076294,-5.8837504,7.275979,1.8537107
29286,1437155076295,-5.7658362,7.3190746,1.7381904
29287,1437155076305,-5.9118824,7.4603324,1.5568297
29288,1437155076322,-6.0567317,7.519589,1.4167689
29289,1437155076343,-6.003461,7.487866,1.3587095
29290,1437155076359,-5.9005103,7.5566993,1.2958617
29291,1437155076391,-5.864597,7.606379,1.2318168
29292,1437155076399,-6.072294,7.61416,1.2336124
29293,1437155076420,-6.2105594,7.5710645,1.2755109
29294,1437155076440,-6.1662664,7.438186,1.2545617
29295,1437155076460,-6.1943984,7.328053,1.3198037
29296,1437155076482,-6.1129956,7.237672,1.3144168
29297,1437155076503,-6.147113,7.1263413,1.2509704
29298,1437155076522,-6.3063273,7.1059904,1.1767502
29299,1437155076546,-6.330868,7.1981673,1.0187328
29300,1437155076561,-6.4362125,7.354389,0.84814596
29301,1437155076580,-6.625355,7.443573,0.7589619
29302,1437155076608,-6.599617,7.4447703,0.6817489
29303,1437155076620,-6.525397,7.32925,0.6943185
29304,1437155076641,-6.475717,7.2268977,0.6925228
29305,1437155076660,-6.691794,7.201759,0.670975
29306,1437155076690,-6.793547,6.9850836,0.62728083
29307,1437155076746,-6.4386067,7.008427,0.62608373
29308,1437155076747,-6.464943,7.111976,0.45250413
29309,1437155076748,-6.5744777,7.1987658,0.2657564
29310,1437155076759,-6.505046,7.2382703,0.17956513
29311,1437155076780,-6.3123126,7.270592,-0.033518825
29312,1437155076800,-6.199785,7.40766,-0.1388637
29313,1437155076862,-6.3182983,7.529764,-0.22804771
29314,1437155076863,-6.3847375,7.5944076,-0.25977087
29315,1437155076864,-6.357204,7.5327573,-0.29628247
29316,1437155076879,-6.461352,7.4908586,-0.1388637
29317,1437155076900,-6.4565635,7.4746976,-0.25258827
29318,1437155076919,-6.299743,7.453748,-0.13227965
29319,1437155076941,-6.3823433,7.3460093,-0.08798691
29320,1437155076969,-6.4457893,7.422025,-0.08798691
29321,1437155076993,-6.452972,7.2747817,0.011372458
29322,1437155077005,-6.3991027,7.1969705,0.15023616
29323,1437155077019,-6.2315083,7.191583,0.015562311
29324,1437155077039,-6.103419,7.33763,-0.02633622
29325,1437155077060,-6.133945,7.3729444,-0.01616086
29326,1437155077081,-6.1123967,7.487866,-0.073621705
29327,1437155077102,-6.238691,7.5704656,-0.077811554
29328,1437155077121,-6.2769985,7.579444,-0.062249243
29329,1437155077139,-6.2243257,7.53994,-0.044891283
29330,1437155077160,-6.155493,7.5710645,-0.088585466
29331,1437155077186,-6.172252,7.5549035,-0.13108255
29332,1437155077200,-6.315904,7.6147585,-0.10534488
29333,1437155077222,-6.459556,7.617751,-0.12509704
29334,1437155077243,-6.319495,7.5405383,-0.077811554
29335,1437155077262,-6.2351,7.462128,-0.06404489
29336,1437155077283,-6.202778,7.4471645,-0.035314474
29337,1437155077301,-6.2225304,7.431602,-0.017956512
29338,1437155077320,-6.2458735,7.425018,0.023343466
29339,1437155077343,-6.3524156,7.460931,0.044292733
29340,1437155077363,-6.30932,7.451354,0.11731588
29341,1437155077383,-6.291962,7.4345946,0.16519992
29342,1437155077402,-6.180033,7.4764934,0.21428105
29343,1437155077421,-6.191406,7.541735,0.23882163
29344,1437155077443,-6.147113,7.620744,0.26755205
29345,1437155077462,-6.066907,7.6746135,0.29388827
29346,1437155077483,-5.8825536,7.6704235,0.33159694
29347,1437155077501,-5.7466826,7.69257,0.40581718
29348,1437155077523,-5.892729,7.74225,0.45190558
29349,1437155077542,-5.885546,7.716512,0.3693056
29350,1437155077563,-5.740697,7.703344,0.40940848
29351,1437155077583,-5.915474,7.74225,0.362123
29352,1437155077601,-5.9346275,7.7183075,0.38367084
29353,1437155077621,-5.913678,7.6506715,0.45190558
29354,1437155077640,-6.0465565,7.6692266,0.40222588
29355,1437155077660,-6.0405707,7.691373,0.39205053
29356,1437155077681,-6.0806737,7.7129207,0.38367084
29357,1437155077709,-5.8867435,7.657854,0.35194764
29358,1437155077726,-5.861006,7.627927,0.39743748
29359,1437155077740,-5.9346275,7.6201453,0.4285621
29360,1437155077760,-5.922058,7.5968018,0.38486794
29361,1437155077780,-5.8825536,7.5866265,0.43634325
29362,1437155077801,-6.0411696,7.639898,0.40102878
29363,1437155077822,-6.1129956,7.645883,0.36870706
29364,1437155077840,-6.1022215,7.611766,0.38307226
29365,1437155077860,-6.133945,7.687782,0.42796355
29366,1437155077882,-6.1584854,7.6590514,0.4141969
29367,1437155077904,-5.947197,7.5788455,0.4417302
29368,1437155077921,-6.0106435,7.57286,0.48961425
29369,1437155077943,-5.9011087,7.599795,0.44352585
29370,1437155077963,-5.8909335,7.589619,0.4818331
29371,1437155077983,-5.955577,7.6351094,0.44532153
29372,1437155078003,-6.1638722,7.6853876,0.49320555
29373,1437155078024,-6.0980315,7.639898,0.49679685
29374,1437155078043,-5.9561753,7.627927,0.50876784
29375,1437155078064,-5.90889,7.5974007,0.46148238
29376,1437155078081,-5.8574142,7.627927,0.40761283
29377,1437155078103,-5.963358,7.6584525,0.33877954
29378,1437155078121,-5.93762,7.6692266,0.2621651
29379,1437155078140,-6.029797,7.6889787,0.2148796
29380,1437155078160,-6.1644707,7.760206,0.142455
29381,1437155078180,-6.1243677,7.714118,0.089184016
29382,1437155078205,-6.172252,7.6309195,0.05686229
29383,1437155078224,-6.229713,7.6093717,-0.026934769
29384,1437155078246,-6.10701,7.581838,-0.08140286
29385,1437155078264,-6.043564,7.579444,-0.1388637
29386,1437155078281,-6.0423665,7.515998,-0.22026655
29387,1437155078301,-6.129755,7.5094137,-0.23523031
29388,1437155078333,-6.187814,7.4483614,-0.25617957
29389,1437155078341,-6.18123,7.4615297,-0.24480712
29390,1437155078468,-6.247071,7.4351935,-0.16101007
29391,1437155078469,-6.329072,7.457938,-0.17058687
29392,1437155078470,-6.4601545,7.4046674,-0.14185645
29393,1437155078471,-6.541558,7.355586,-0.10594343
29394,1437155078472,-6.5140243,7.3938932,-0.17357962
29395,1437155078473,-6.658275,7.380127,-0.16998832
29396,1437155078491,-6.669049,7.390302,-0.18195933
29397,1437155078501,-6.742072,7.293337,-0.20171149
29398,1437155078526,-6.6295447,7.153875,-0.20171149
29399,1437155078541,-6.302736,7.161656,-0.18195933
29400,1437155078563,-6.5122285,7.24665,-0.23702596
29401,1437155078582,-6.50744,7.2490444,-0.1921347
29402,1437155078601,-6.384139,7.1448965,-0.20410569
29403,1437155078623,-6.4182563,7.15986,-0.2645593
29404,1437155078645,-6.628946,7.285556,-0.30945057
29405,1437155078661,-6.7612257,7.315483,-0.39324763
29406,1437155078683,-6.613982,7.2382703,-0.39863458
29407,1437155078704,-6.7283053,7.1903863,-0.41240123
29408,1437155078724,-6.7306995,7.1502833,-0.47524905
29409,1437155078744,-6.510433,7.045537,-0.5117606
29410,1437155078764,-6.4164605,7.1101804,-0.58897364
29411,1437155078784,-6.528988,7.1700354,-0.6171055
29412,1437155078804,-6.4840965,7.1844006,-0.6703765
29413,1437155078824,-6.4619503,7.119757,-0.6919243
29414,1437155078845,-6.4948707,7.1305313,-0.688333
29415,1437155078865,-6.611588,7.187992,-0.6757634
29416,1437155078882,-6.719327,7.2029557,-0.6548142
29417,1437155078903,-6.740875,7.219715,-0.6183026
29418,1437155078921,-6.7372837,7.185598,-0.5518635
29419,1437155078942,-6.667253,7.129334,-0.4770447
29420,1437155078962,-6.655881,7.1383123,-0.41479546
29421,1437155078986,-6.5906386,7.1448965,-0.3681085
29422,1437155079006,-6.5619082,7.192182,-0.32321724
29423,1437155079026,-6.5152216,7.1568675,-0.33279404
29424,1437155079044,-6.4230447,7.0754647,-0.3393781
29425,1437155079061,-6.3793507,7.0066314,-0.350152
29426,1437155079081,-6.3871317,7.101202,-0.34596214
29427,1437155079101,-6.457162,7.167641,-0.338181
29428,1437155079123,-6.4948707,7.177817,-0.3250129
29429,1437155079194,-6.5625067,7.157466,-0.30705637
29430,1437155079195,-6.51163,7.1347213,-0.2885013
29431,1437155079196,-6.611588,7.1245456,-0.25079262
29432,1437155079214,-6.691794,7.104195,-0.29388827
29433,1437155079221,-6.7642183,7.0365586,-0.28431144
29434,1437155079241,-6.7893577,7.007828,-0.2621651
29435,1437155079264,-6.7450647,7.0515227,-0.28431144
29436,1437155079281,-6.7085533,7.0485296,-0.24121583
29437,1437155079302,-6.540959,7.0048356,-0.24779987
29438,1437155079336,-6.505645,7.023391,-0.26276365
29439,1437155079343,-6.5481415,7.179612,-0.30945057
29440,1437155079365,-6.6959834,7.3083005,-0.3812766
29441,1437155079382,-6.6265516,7.289147,-0.39025488
29442,1437155079403,-6.5840545,7.233482,-0.35254622
29443,1437155079425,-6.697779,7.1730285,-0.32800564
29444,1437155079445,-6.717531,7.064092,-0.29807812
29445,1437155079465,-6.7989345,7.023391,-0.31603462
29446,1437155079484,-6.9892735,6.987478,-0.30107087
29447,1437155079505,-7.0227923,6.931214,-0.33039984
29448,1437155079525,-6.9743094,6.9186444,-0.33039984
29449,1437155079543,-6.9090676,6.9318123,-0.3286042
29450,1437155079566,-6.8402343,6.976105,-0.31783026
29451,1437155079583,-6.791752,7.047333,-0.31423897
29452,1437155079607,-6.7067575,7.0928226,-0.3184288
29453,1437155079625,-6.432023,7.157466,-0.33877954
29454,1437155079645,-6.1740475,7.24665,-0.36990416
29455,1437155079666,-6.109404,7.3777328,-0.3645172
29456,1437155079683,-6.218939,7.4896617,-0.41958386
29457,1437155079705,-6.261436,7.4615297,-0.3788824
29458,1437155079724,-6.293758,7.415441,-0.30466217
29459,1437155079744,-6.3901243,7.314286,-0.26994625
29460,1437155079765,-6.473323,7.271789,-0.29628247
29461,1437155079783,-6.6469026,7.2568254,-0.34955344
29462,1437155079805,-6.6965823,7.1939774,-0.37948096
29463,1437155079823,-6.678027,7.144298,-0.34356794
29464,1437155079842,-6.625355,7.0742674,-0.3321955
29465,1437155079863,-6.655881,7.149685,-0.3465607
29466,1437155079936,-6.685808,7.16824,-0.34835634
29467,1437155079949,-6.695385,7.2508397,-0.31064767
29468,1437155079950,-6.527791,7.2699933,-0.2801216
29469,1437155079951,-6.435614,7.307702,-0.18854338
29470,1437155079962,-6.321291,7.3711486,-0.23343466
29471,1437155079984,-6.3033347,7.4603324,-0.23942018
29472,1437155080002,-6.273407,7.4190326,-0.25977087
29473,1437155080022,-6.2380924,7.4148426,-0.20949265
29474,1437155080044,-6.357204,7.4345946,-0.23104046
29475,1437155080062,-6.353014,7.4208283,-0.2753332
29476,1437155080083,-6.3404446,7.3609734,-0.22565351
29477,1437155080109,-6.362591,7.3849154,-0.19393034
29478,1437155080124,-6.4445925,7.4310036,-0.22864626
29479,1437155080143,-6.3500214,7.355586,-0.24540567
29480,1437155080165,-6.26802,7.359776,-0.16101007
29481,1437155080182,-6.4152637,7.328053,-0.15622166
29482,1437155080203,-6.420052,7.264008,-0.1400608
29483,1437155080226,-6.533178,7.1927805,-0.089184016
29484,1437155080246,-6.585252,7.1245456,-0.09816227
29485,1437155080265,-6.606201,7.1425023,-0.061650693
29486,1437155080285,-6.530185,7.147889,-0.061650693
29487,1437155080303,-6.377555,7.2023573,-0.06404489
29488,1437155080325,-6.3458314,7.253234,-0.13946225
29489,1437155080344,-6.359598,7.3567834,-0.207697
29490,1437155080363,-6.327875,7.4681134,-0.32920274
29491,1437155080386,-6.381745,7.5028296,-0.4285621
29492,1437155080403,-6.4344172,7.5165963,-0.4261679
29493,1437155080422,-6.3446345,7.479486,-0.4309563
29494,1437155080444,-6.4463882,7.4705076,-0.40701428
29495,1437155080465,-6.4787097,7.455544,-0.3681085
29496,1437155080487,-6.5152216,7.4507556,-0.32680854
29497,1437155080504,-6.251859,7.41185,-0.31064767
29498,1437155080526,-6.2141504,7.462128,-0.31483752
29499,1437155080546,-6.2883706,7.406463,-0.22924481
29500,1437155080573,-6.3230867,7.3286514,-0.18495208
29501,1437155080583,-6.345233,7.2628107,-0.12629414
29502,1437155080602,-6.339846,7.249643,-0.074220255
29503,1437155080622,-6.319495,7.2747817,-0.15741876
29504,1437155080653,-6.359598,7.3071036,-0.21667525
29505,1437155080671,-6.3685765,7.3106947,-0.29568392
29506,1437155080683,-6.3739634,7.359776,-0.32800564
29507,1437155080703,-6.4026937,7.3645644,-0.3441665
29508,1437155080723,-6.405088,7.3789296,-0.33758244
29509,1437155080743,-6.4206505,7.343615,-0.3286042
29510,1437155080763,-6.42903,7.3657618,-0.38187516
29511,1437155080798,-6.3709707,7.339425,-0.36750996
29512,1437155080816,-6.475717,7.335834,-0.35434186
29513,1437155080823,-6.505046,7.3466077,-0.41599256
29514,1437155080843,-6.475717,7.3849154,-0.3812766
29515,1437155080864,-6.329072,7.3388267,-0.42317516
29516,1437155080884,-6.2446766,7.313089,-0.38486794
29517,1437155080905,-6.4308257,7.3819222,-0.362123
29518,1437155080923,-6.451775,7.3753386,-0.44352585
29519,1437155080973,-6.3368535,7.381324,-0.4189853
29520,1437155080974,-6.4098763,7.3819222,-0.46806642
29521,1437155080985,-6.3685765,7.335834,-0.44592008
29522,1437155081005,-6.3141084,7.3328414,-0.45968673
29523,1437155081024,-6.3883286,7.297527,-0.4285621
29524,1437155081046,-6.39611,7.342418,-0.41958386
29525,1437155081063,-6.4086795,7.33763,-0.45070848
29526,1437155081089,-6.338649,7.383718,-0.41240123
29527,1437155081103,-6.3883286,7.428011,-0.45250413
29528,1437155081124,-6.3661823,7.493851,-0.45549688
29529,1437155081149,-6.3182983,7.463325,-0.45968673
29530,1437155081169,-6.326678,7.472902,-0.41958386
29531,1437155081184,-6.347627,7.4854717,-0.4225766
29532,1437155081204,-6.2512608,7.4746976,-0.42437226
29533,1437155081224,-6.235698,7.4561424,-0.4189853
29534,1437155081243,-6.187814,7.450157,-0.39743748
29535,1437155081270,-6.2099605,7.4387846,-0.39983168
29536,1437155081284,-6.3141084,7.453748,-0.44951138
29537,1437155081308,-6.295553,7.454347,-0.46327803
29538,1437155081324,-6.283582,7.4351935,-0.40402153
29539,1437155081350,-6.2883706,7.430405,-0.4141969
29540,1437155081411,-6.261436,7.3992805,-0.4297592
29541,1437155081412,-6.3446345,7.4028716,-0.3812766
29542,1437155081413,-6.4020953,7.4310036,-0.41838676
29543,1437155081433,-6.403891,7.4256167,-0.44891283
29544,1437155081443,-6.353613,7.430405,-0.39444473
29545,1437155081464,-6.26802,7.383718,-0.35913026
29546,1437155081485,-6.2362967,7.4046674,-0.33518824
29547,1437155081503,-6.265626,7.441179,-0.37349546
29548,1437155081524,-6.203377,7.445369,-0.4333505
29549,1437155081543,-6.215348,7.4627266,-0.47225627
29550,1437155081567,-6.217742,7.475296,-0.49559975
29551,1437155081590,-6.217143,7.4764934,-0.4997896
29552,1437155081604,-6.257246,7.463924,-0.5351041
29553,1437155081624,-6.2728086,7.4208283,-0.54767364
29554,1437155081644,-6.339846,7.4848733,-0.5734113
29555,1437155081667,-6.227917,7.4345946,-0.5422867
29556,1437155081685,-6.250662,7.4256167,-0.52971715
29557,1437155081707,-6.307524,7.4591355,-0.5398925
29558,1437155081725,-6.3344593,7.463325,-0.5734113
29559,1437155081746,-6.285378,7.478289,-0.5686229
29560,1437155081768,-6.179435,7.453748,-0.5255273
29561,1437155081786,-6.156091,7.438186,-0.5410896
29562,1437155081806,-6.2285156,7.4441714,-0.5374983
29563,1437155081824,-6.260239,7.44896,-0.58119243
29564,1437155081846,-6.285378,7.4974427,-0.6087258
29565,1437155081864,-6.26802,7.491457,-0.65900403
29566,1437155081884,-6.26383,7.541735,-0.6931214
29567,1437155081904,-6.278794,7.5746555,-0.7068881
29568,1437155081930,-6.2446766,7.543531,-0.66618663
29569,1437155081945,-6.229713,7.510012,-0.60573304
29570,1437155081966,-6.137536,7.4776907,-0.57281274
29571,1437155081988,-6.153697,7.515998,-0.59855044
29572,1437155082004,-6.208165,7.5447283,-0.6123171
29573,1437155082026,-6.1524997,7.5495167,-0.6302736
29574,1437155082045,-6.1357403,7.5572977,-0.62608373
29575,1437155082066,-6.0770826,7.5471225,-0.6290765
29576,1437155082089,-6.1046157,7.565677,-0.6386533
29577,1437155082166,-6.1638722,7.621941,-0.7272388
29578,1437155082167,-6.126762,7.6464815,-0.7858967
29579,1437155082168,-6.093243,7.60997,-0.7649474
29580,1437155082169,-6.1411276,7.621941,-0.7433996
29581,1437155082185,-6.083068,7.590218,-0.7062895
29582,1437155082210,-6.097433,7.5854297,-0.6901286
29583,1437155082224,-6.1088057,7.5770497,-0.676362
29584,1437155082244,-6.1357403,7.602189,-0.6979098
29585,1437155082268,-6.1165867,7.524976,-0.6206968
29586,1437155082285,-6.177639,7.5201874,-0.59974754
29587,1437155082308,-6.2141504,7.511808,-0.56563014
29588,1437155082325,-6.2009826,7.4896617,-0.5823896
29589,1437155082347,-6.211756,7.4992385,-0.5662287
29590,1437155082368,-6.187216,7.4908586,-0.55725044
29591,1437155082387,-6.172252,7.5004354,-0.5686229
29592,1437155082408,-6.196194,7.4896617,-0.55605334
29593,1437155082425,-6.193201,7.4776907,-0.55485624
29594,1437155082447,-6.227319,7.511808,-0.57999533
29595,1437155082468,-6.169858,7.506421,-0.6404489
29596,1437155082488,-6.180033,7.5082164,-0.599149
29597,1437155082507,-6.169858,7.478289,-0.58657944
29598,1437155082525,-6.1926026,7.517793,-0.57640404
29599,1437155082544,-6.18961,7.5644803,-0.6314707
29600,1437155082566,-6.105214,7.523779,-0.64823014
29601,1437155082589,-6.183026,7.567473,-0.65900403
29602,1437155082650,-6.2021794,7.543531,-0.6871359
29603,1437155082651,-6.253655,7.530363,-0.6560113
29604,1437155082652,-6.125565,7.560889,-0.62967503
29605,1437155082665,-6.0621185,7.5453267,-0.5847838
29606,1437155082685,-6.05733,7.5788455,-0.61890113
29607,1437155082705,-6.135142,7.6009917,-0.6751649
29608,1437155082724,-6.127361,7.608773,-0.70509243
29609,1437155082745,-6.0926447,7.6015906,-0.6997054
29610,1437155082765,-6.1261635,7.6015906,-0.7284359
29611,1437155082785,-6.0968347,7.555502,-0.65301853
29612,1437155082805,-6.1530986,7.5746555,-0.6338649
29613,1437155082825,-6.1860185,7.519589,-0.6619968
29614,1437155082859,-6.1866174,7.559692,-0.66498953
29615,1437155082871,-6.1507044,7.5525093,-0.6338649
29616,1437155082885,-6.209362,7.529764,-0.6607997
29617,1437155082905,-6.27221,7.536947,-0.6476316
29618,1437155082925,-6.244078,7.539341,-0.6805518
29619,1437155082945,-6.173449,7.565677,-0.6859388
29620,1437155082965,-6.10701,7.586028,-0.6584055
29621,1437155082989,-6.075287,7.5824366,-0.635062
29622,1437155083005,-6.0758853,7.53994,-0.6242881
29623,1437155083025,-6.135142,7.57286,-0.57760113
29624,1437155083045,-6.0411696,7.530363,-0.59017074
29625,1437155083065,-6.071097,7.499837,-0.56922144
29626,1437155083085,-6.1530986,7.4854717,-0.55246204
29627,1437155083105,-6.1399302,7.4866686,-0.57999533
29628,1437155083125,-6.180033,7.489063,-0.5626374
29629,1437155083145,-6.166865,7.5375457,-0.62608373
29630,1437155083165,-6.1566896,7.591415,-0.6679823
29631,1437155083189,-6.163274,7.6309195,-0.74639237
29632,1437155083208,-6.175245,7.656657,-0.741604
29633,1437155083227,-6.1902084,7.669825,-0.705691
29634,1437155083247,-6.0764837,7.6333137,-0.6727707
29635,1437155083268,-6.0106435,7.5890207,-0.62368953
29636,1437155083289,-6.0998273,7.5920134,-0.6242881
29637,1437155083308,-6.155493,7.623737,-0.65182143
29638,1437155083325,-6.0986304,7.548918,-0.64463884
29639,1437155083345,-6.123171,7.5285673,-0.59017074
29640,1437155083367,-6.085462,7.4968443,-0.5835867
29641,1437155083388,-6.126762,7.4806833,-0.56443304
29642,1437155083409,-6.1357403,7.5016327,-0.5979519
29643,1437155083430,-6.18542,7.505822,-0.6607997
29644,1437155083445,-6.241085,7.5584946,-0.6536171
29645,1437155083465,-6.1507044,7.5309615,-0.6380547
29646,1437155083485,-6.145317,7.5333557,-0.623091
29647,1437155083509,-6.1477113,7.5453267,-0.6512229
29648,1437155083527,-6.159084,7.5561004,-0.6410475
29649,1437155083672,-6.1704564,7.60997,-0.6979098
29650,1437155083673,-6.105214,7.6081743,-0.7392098
29651,1437155083674,-6.0681043,7.602189,-0.694917
29652,1437155083689,-6.105214,7.5962033,-0.676362
29653,1437155083690,-6.10701,7.587225,-0.6655881
29654,1437155083691,-6.0986304,7.5806413,-0.6703765
29655,1437155083692,-6.093243,7.5806413,-0.6464345
29656,1437155083693,-6.1159883,7.5668745,-0.6512229
29657,1437155083706,-6.163274,7.581838,-0.6847417
29658,1437155083726,-6.1608796,7.5429325,-0.6374562
29659,1437155083746,-6.131551,7.523779,-0.6063316
29660,1437155083766,-6.0902505,7.4932528,-0.56802434
29661,1437155083790,-6.160281,7.5267715,-0.56802434
29662,1437155083808,-6.153697,7.6255326,-0.6865373
29663,1437155083830,-6.0621185,7.6907744,-0.6739678
29664,1437155083846,-5.9837084,7.7105265,-0.6751649
29665,1437155083869,-5.939416,7.6710224,-0.60214174
29666,1437155083886,-5.9382186,7.6225395,-0.5847838
29667,1437155083908,-6.0130377,7.6387005,-0.5781997
29668,1437155083929,-6.000468,7.6309195,-0.5955577
29669,1437155083949,-5.969343,7.6387005,-0.6560113
29670,1437155083969,-6.0441623,7.6428905,-0.7044938
29671,1437155083989,-6.0639143,7.569867,-0.6985083
29672,1437155084009,-6.1249666,7.6027875,-0.700304
29673,1437155084029,-6.18542,7.589619,-0.7308301
29674,1437155084049,-6.0998273,7.687782,-0.7757214
29675,1437155084065,-6.055535,7.6692266,-0.7787141
29676,1437155084089,-5.9747305,7.6931686,-0.76315176
29677,1437155084108,-6.0208187,7.6865845,-0.76075757
29678,1437155084127,-5.959168,7.6847887,-0.7715315
29679,1437155084148,-6.013636,7.621941,-0.717662
29680,1437155084169,-6.0268044,7.6111674,-0.6787562
29681,1437155084189,-5.9609637,7.6710224,-0.7212533
29682,1437155084209,-5.878962,7.7171106,-0.7469909
29683,1437155084229,-5.7239375,7.8182654,-0.7290344
29684,1437155084248,-5.6443305,7.8475947,-0.7284359
29685,1437155084268,-5.409699,7.9553337,-0.75237787
29686,1437155084288,-5.1517234,8.173206,-1.1474211
29687,1437155084309,-5.2600613,8.228871,-1.4939818
29688,1437155084327,-6.184223,8.166023,-1.555034
29689,1437155084360,-6.054936,7.902063,-1.5251064
29690,1437155084365,-6.251859,7.719505,-1.3581109
29691,1437155084394,-6.241085,7.602189,-1.1210849
29692,1437155084407,-6.0597243,7.5692687,-1.1073183
29693,1437155084428,-6.0627174,7.5614877,-1.1204864
29694,1437155084446,-5.795165,7.548918,-1.2096704
29695,1437155084466,-5.851429,7.6734166,-1.2336124
29696,1437155084504,-6.282984,7.7308774,-1.1079168
29697,1437155084539,-5.9609637,7.792528,-1.1959038
29698,1437155084540,-5.66528,8.030152,-1.5825673
29699,1437155084612,-6.0040593,7.9463553,-1.6651673
29700,1437155084633,-6.0268044,7.762002,-1.5071499
29701,1437155084634,-6.075287,7.711724,-1.5676036
29702,1437155084635,-6.630143,7.6572556,-1.6891093
29703,1437155084636,-7.1059904,7.180211,-1.2910733
29704,1437155084650,-7.338228,6.5283895,-0.6254852
29705,1437155084669,-7.27957,5.993884,0.18435353
29706,1437155084688,-7.1993647,5.9801173,0.6338649
29707,1437155084709,-7.0940194,6.256049,0.40701428
29708,1437155084730,-7.2113357,6.2464724,0.46267948
29709,1437155084749,-7.197569,6.31351,0.6386533
29710,1437155084768,-7.071873,6.5481415,0.3878607
29711,1437155084786,-6.891111,6.7809777,0.26156655
29712,1437155084806,-6.815694,6.9581485,0.11312603
29713,1437155084829,-6.8079123,7.038953,0.01616086
29714,1437155084849,-6.83784,7.0766616,-0.0077811554
29715,1437155084870,-6.5720835,7.0862384,0.12928689
29716,1437155084888,-6.5110316,7.191583,0.13946225
29717,1437155084908,-6.549339,7.1742253,0.17298107
29718,1437155084928,-6.5870476,7.125743,0.2657564
29719,1437155084948,-6.6403184,7.053917,0.27832595
29720,1437155084970,-6.76781,7.041946,0.38845924
29721,1437155084990,-6.83365,6.95336,0.46627077
29722,1437155085011,-6.7947445,6.9024835,0.4782418
29723,1437155085030,-6.7923503,6.857592,0.49919105
29724,1437155085049,-6.7013707,6.9186444,0.4429273
29725,1437155085068,-6.6510925,7.0227923,0.3561375
29726,1437155085090,-6.615179,7.12694,0.32561144
29727,1437155085110,-6.631939,7.07726,0.2908955
29728,1437155085196,-6.599617,7.005434,0.32321724
29729,1437155085197,-6.667253,6.9665284,0.3441665
29730,1437155085198,-6.637326,6.930017,0.3345897
29731,1437155085199,-6.4858923,6.923433,0.29747957
29732,1437155085215,-6.652888,6.987478,0.22924481
29733,1437155085272,-6.819285,7.03596,0.15682021
29734,1437155085273,-6.8246717,7.077859,0.061052144
29735,1437155085274,-6.787562,7.1365166,-0.048482586
29736,1437155085296,-6.741473,7.1646485,-0.18674773
29737,1437155085309,-6.725911,7.1826053,-0.25797522
29738,1437155085333,-6.8109055,7.1514807,-0.32800564
29739,1437155085348,-6.740875,7.109582,-0.3513491
29740,1437155085371,-6.685808,7.067085,-0.41060558
29741,1437155085388,-6.749853,7.0186024,-0.46866497
29742,1437155085410,-6.5864487,6.974908,-0.5327099
29743,1437155085431,-6.727707,7.0365586,-0.6027403
29744,1437155085450,-7.029975,7.101801,-0.557849
29745,1437155085470,-7.091625,7.119757,-0.4830302
29746,1437155085490,-6.811504,7.0844426,-0.39205053
29747,1437155085510,-6.6103907,7.0569096,-0.3549404
29748,1437155085531,-6.6271505,7.0425444,-0.30406362
29749,1437155085554,-6.8007298,7.1107793,-0.30346507
29750,1437155085592,-6.84203,7.0569096,-0.29867667
29751,1437155085593,-6.811504,7.041946,-0.23523031
29752,1437155085624,-6.691195,7.041946,-0.20709845
29753,1437155085628,-6.673837,7.091625,-0.095768064
29754,1437155085653,-6.6828156,7.129933,-0.022146367
29755,1437155085670,-6.655282,7.1634517,0.015562311
29756,1437155085688,-6.55712,7.1353197,0.12988544
29757,1437155085708,-6.4619503,7.095815,0.19093758
29758,1437155085735,-6.497265,7.0664864,0.24600422
29759,1437155085748,-6.5367694,7.1275387,0.24540567
29760,1437155085772,-6.4338183,7.141305,0.22924481
29761,1437155085788,-6.577471,7.2023573,0.19991584
29762,1437155086034,-6.695385,7.235876,0.15203181
29763,1437155086035,-6.6870055,7.1784153,0.23582886
29764,1437155086036,-6.461352,7.1748238,0.24121583
29765,1437155086037,-6.4086795,7.231686,0.2148796
29766,1437155086038,-6.4182563,7.2298903,0.22445641
29767,1437155086039,-6.399701,7.195773,0.2088941
29768,1437155086040,-6.4457893,7.20535,0.19572599
29769,1437155086041,-6.531981,7.1712327,0.13706805
29770,1437155086042,-6.5445504,7.067683,0.23163901
29771,1437155086043,-6.663662,7.0329676,0.22146365
29772,1437155086044,-6.7600284,7.0341644,0.16460137
29773,1437155086045,-6.766014,7.023391,0.25139117
29774,1437155086051,-6.657676,7.038953,0.20649989
29775,1437155086069,-6.691794,7.0688806,0.22984336
29776,1437155086093,-6.7283053,7.116166,0.18016368
29777,1437155086111,-6.6630635,7.08564,0.1412579
29778,1437155086131,-6.6959834,7.080253,0.09876082
29779,1437155086149,-6.83784,7.0491285,0.08140286
29780,1437155086169,-6.881534,7.00723,0.074220255
29781,1437155086189,-6.947375,7.005434,0.05327099
29782,1437155086210,-6.7109475,6.9796963,0.027533319
29783,1437155086233,-6.7468605,6.9838862,0.007182605
29784,1437155086251,-6.823475,7.0227923,0.007182605
29785,1437155086270,-6.799533,6.979098,-0.011971008
29786,1437155086292,-6.767211,6.9569516,-0.008379706
29787,1437155086311,-6.7809777,6.953959,-0.027533319
29788,1437155086329,-6.827665,6.9701195,-0.035913024
29789,1437155086350,-6.769605,6.9066734,-0.01316811
29790,1437155086370,-6.747459,6.861782,-0.002992752
29791,1437155086391,-6.8168907,6.907272,-0.008379706
29792,1437155086411,-6.862979,6.907272,0.035314474
29793,1437155086433,-6.7666125,6.9461775,-0.01316811
29794,1437155086449,-6.795343,6.95336,-0.04129998
29795,1437155086469,-6.907272,6.928221,-0.024540568
29796,1437155086490,-6.870162,6.899491,-0.027533319
29797,1437155086511,-6.8408327,6.854001,-0.035314474
29798,1437155086530,-6.9467764,6.8079123,-0.035913024
29799,1437155086549,-6.963536,6.8288617,-0.036511578
29800,1437155086614,-6.918046,6.8809357,-0.094570965
29801,1437155086615,-6.8653736,6.95336,-0.17537527
29802,1437155086616,-6.8204823,7.012018,-0.23044191
29803,1437155086631,-6.7947445,7.0610995,-0.272939
29804,1437155086650,-6.779182,7.03177,-0.27952304
29805,1437155086673,-6.7869635,7.0383544,-0.2753332
29806,1437155086689,-6.695385,6.962937,-0.2873042
29807,1437155086709,-6.7666125,6.9677253,-0.25198972
29808,1437155086732,-6.9545574,6.930017,-0.29568392
29809,1437155086749,-7.03596,6.8827314,-0.28311434
29810,1437155086771,-6.975507,6.8468184,-0.25857377
29811,1437155086790,-6.9784994,6.8402343,-0.23044191
29812,1437155086811,-7.0808516,6.8569937,-0.25917232
29813,1437155086832,-7.095815,6.8330517,-0.25737667
29814,1437155086849,-7.0024414,6.83365,-0.34476504
29815,1437155086872,-6.891111,6.8252707,-0.4225766
29816,1437155086890,-6.9120603,6.8210807,-0.5033809
29817,1437155086912,-6.905476,6.791153,-0.53091425
29818,1437155086932,-6.8186865,6.70975,-0.5662287
29819,1437155086951,-6.9611416,6.706159,-0.5686229
29820,1437155086973,-7.101202,6.7468605,-0.58897364
29821,1437155086992,-7.1227503,6.7283053,-0.59855044
29822,1437155087014,-7.165247,6.700772,-0.55365914
29823,1437155087029,-7.2322845,6.673837,-0.53091425
29824,1437155087052,-7.211934,6.6534867,-0.46866497
29825,1437155087073,-7.1742253,6.621165,-0.43394905
29826,1437155087093,-7.1143703,6.6247563,-0.4177882
29827,1437155087113,-7.03596,6.6510925,-0.45190558
29828,1437155087133,-7.0940194,6.752846,-0.4794389
29829,1437155087151,-7.0742674,6.795343,-0.5057751
29830,1437155087171,-6.9611416,6.7989345,-0.47165772
29831,1437155087192,-6.9677253,6.8043213,-0.45310268
29832,1437155087213,-6.8749504,6.805518,-0.41240123
29833,1437155087233,-6.817489,6.859388,-0.40462008
29834,1437155087255,-6.7971387,6.9108634,-0.41718966
29835,1437155087270,-6.6612678,6.8970966,-0.4758476
29836,1437155087293,-6.657676,6.996456,-0.57760113
29837,1437155087345,-6.728904,7.0425444,-0.6943185
29838,1437155087346,-6.821679,7.086837,-0.736217
29839,1437155087349,-6.797737,7.013814,-0.712275
29840,1437155087369,-6.731298,6.977302,-0.7218518
29841,1437155087390,-6.8360443,6.9767036,-0.74519527
29842,1437155087410,-6.706159,6.907272,-0.7679402
29843,1437155087429,-6.6750345,6.8228765,-0.78888947
29844,1437155087451,-6.7079544,6.8109055,-0.82121116
29845,1437155087470,-6.7731967,6.867768,-0.85532856
29846,1437155087490,-6.905476,6.928221,-0.9020155
29847,1437155087512,-6.8707604,6.8929067,-0.9744401
29848,1437155087534,-6.921637,6.908469,-1.0043676
29849,1437155087551,-6.927623,6.8605847,-1.0779893
29850,1437155087570,-6.8528037,6.841431,-1.0540473
29851,1437155087593,-6.91625,6.835446,-1.0989386
29852,1437155087613,-6.9491706,6.770204,-1.0989386
29853,1437155087633,-6.95755,6.724714,-1.0875661
29854,1437155087653,-6.9886746,6.6666546,-1.0540473
29855,1437155087670,-6.975507,6.645705,-1.0372878
29856,1437155087693,-6.974908,6.593033,-1.0360907
29857,1437155087713,-7.0724716,6.5720835,-1.0630256
29858,1437155087733,-7.093421,6.571485,-1.0540473
29859,1437155087753,-7.1844006,6.566098,-1.0935516
29860,1437155087770,-7.216124,6.5666966,-1.1168951
29861,1437155087791,-7.1844006,6.6079965,-1.2012907
29862,1437155087813,-7.2406645,6.619369,-1.3000516
29863,1437155087830,-7.1712327,6.567295,-1.3413515
29864,1437155087852,-7.067085,6.571485,-1.4036007
29865,1437155087872,-7.0844426,6.5589156,-1.4227544
29866,1437155087894,-7.104195,6.553529,-1.4341269
29867,1437155087914,-7.16824,6.5379663,-1.4395138
29868,1437155087934,-7.0766616,6.5565214,-1.4933833
29869,1437155087953,-7.029975,6.578069,-1.532289
29870,1437155087971,-7.08145,6.616975,-1.5514427
29871,1437155087991,-7.097611,6.6109896,-1.5999253
29872,1437155088012,-7.0622964,6.5720835,-1.6035166
29873,1437155088032,-7.031172,6.5846534,-1.6244658
29874,1437155088105,-7.1155677,6.621165,-1.6639702
29875,1437155088106,-7.045537,6.6283474,-1.6831238
29876,1437155088110,-6.974908,6.643311,-1.6699557
29877,1437155088111,-6.7546415,6.703166,-1.7764976
29878,1437155088132,-6.704962,6.8348475,-1.9069817
29879,1437155088150,-6.881534,6.8893156,-2.0039468
29880,1437155088170,-7.0263834,6.849811,-2.0416555
29881,1437155088190,-7.059902,6.8749504,-2.0560207
29882,1437155088214,-7.007828,6.909666,-2.1218612
29883,1437155088231,-7.006033,6.9838862,-2.2296004
29884,1437155088251,-6.7719994,7.0461354,-2.2511482
29885,1437155088271,-6.6067996,7.080253,-2.315193
29886,1437155088291,-6.8545995,7.009624,-2.2284033
29887,1437155088313,-6.8360443,6.9796963,-2.0590134
29888,1437155088333,-6.630143,7.08145,-2.2577322
29889,1437155088353,-6.8462195,7.0970125,-2.3451207
29890,1437155088370,-6.835446,7.2179193,-2.3110032
29891,1437155088390,-6.5696893,7.5525093,-2.8209682
29892,1437155088410,-6.6241574,7.065888,-2.8413188
29893,1437155088430,-6.9012866,6.464943,-1.8363527
29894,1437155088454,-7.5429325,6.105813,-1.417966
29895,1437155088473,-7.9529395,5.896919,-0.91697925
29896,1437155088491,-7.9325886,5.692813,-0.5602432
29897,1437155088512,-7.908048,5.5377884,-0.18136078
29898,1437155088534,-7.823054,5.4982843,0.21188685
29899,1437155088554,-7.7009497,5.650316,0.45130703
29900,1437155088573,-7.5363483,5.9705405,0.30885202
29901,1437155088591,-7.4190326,6.1112,0.2813187
29902,1437155088613,-7.204153,6.2746043,0.29987377
29903,1437155088634,-7.1646485,6.4218473,0.19931729
29904,1437155088654,-7.101202,6.715137,0.10055647
29905,1437155088674,-7.0209966,6.7330937,-0.026934769
29906,1437155088692,-6.9383965,6.612785,0.1604115
29907,1437155088712,-7.038953,6.593033,0.18016368
29908,1437155088731,-7.1490865,6.6600704,0.1448492
29909,1437155088753,-7.2268977,6.7283053,0.050876785
29910,1437155088772,-7.2580223,6.737882,-0.011971008
29911,1437155088861,-7.2340803,6.5188127,0.077213004
29912,1437155088862,-6.9611416,6.305729,0.019752163
29913,1437155088863,-7.08145,6.4272346,-0.035314474
29914,1437155088864,-7.380127,6.679823,-0.17717093
29915,1437155088873,-7.2687964,6.643311,-0.050876785
29916,1437155088891,-7.1670427,6.631939,-0.10474633
29917,1437155088914,-7.16405,6.5487404,-0.11971009
29918,1437155088931,-7.180211,6.5966244,-0.074220255
29919,1437155088951,-7.261614,6.5589156,-0.1352724
29920,1437155088979,-7.267599,6.5325794,0.013766659
29921,1437155088993,-7.252037,6.706159,-0.18315643
29922,1437155089012,-7.1221514,6.4870896,-0.18974048
29923,1437155089031,-7.463924,6.3709707,0.12988544
29924,1437155089053,-8.115746,6.142923,0.29867667
29925,1437155089074,-8.291121,5.6185927,0.7703344
29926,1437155089094,-8.401853,5.2265425,1.0462662
29927,1437155089131,-8.13849,5.2439003,0.9935937
29928,1437155089132,-7.5148005,5.815516,0.09876082
29929,1437155089165,-7.113772,6.4044895,-0.66259533
29930,1437155089171,-6.6079965,6.904279,-1.2659341
29931,1437155089193,-5.847239,7.423821,-1.9183542
29932,1437155089212,-5.9052987,7.650073,-2.0548236
29933,1437155089233,-6.0363812,7.843405,-1.8417397
29934,1437155089252,-5.5222263,8.26658,-2.3588872
29935,1437155089273,-5.7149596,8.125322,-2.0931308
29936,1437155089293,-5.985504,7.719505,-1.3383588
29937,1437155089311,-5.843648,7.450157,-1.3449428
29938,1437155089333,-5.9627595,7.459734,-1.5412674
29939,1437155089354,-6.342839,7.401076,-1.4873978
29940,1437155089375,-6.5002575,7.506421,-1.5077485
29941,1437155089394,-6.6852098,7.5962033,-1.5705963
29942,1437155089414,-6.4505777,7.391499,-1.3485341
29943,1437155089433,-6.4739213,7.264008,-1.2443863
29944,1437155089454,-6.609792,7.064092,-1.1228806
29945,1437155089472,-6.593033,6.907272,-0.99538934
29946,1437155089493,-6.7510505,6.9425864,-1.049259
29947,1437155089512,-6.791752,7.0425444,-1.1456255
29948,1437155089584,-6.6804214,6.995259,-1.1025299
29949,1437155089585,-6.7265096,6.980295,-1.1091139
29950,1437155089586,-6.712743,6.884527,-1.0672154
29951,1437155089603,-6.862979,6.939594,-1.1168951
29952,1437155089613,-6.9581485,6.9006877,-1.1384429
29953,1437155089631,-7.031172,6.8827314,-1.1593921
29954,1437155089652,-7.2071457,6.901885,-1.1366472
29955,1437155089671,-7.265205,6.827665,-1.027711
29956,1437155089695,-7.1131735,6.7761893,-0.95588505
29957,1437155089712,-6.9569516,6.8162923,-0.94451255
29958,1437155089732,-6.723517,6.96174,-1.0313023
29959,1437155089753,-6.543353,7.04434,-1.1079168
29960,1437155089773,-6.379949,7.043143,-1.1204864
29961,1437155089793,-6.558317,7.1023993,-1.027711
29962,1437155089814,-6.5984197,7.015011,-0.9415198
29963,1437155089833,-6.5708866,6.9850836,-0.9044097
29964,1437155089853,-6.6510925,7.000047,-0.8475474
29965,1437155089875,-6.769605,7.0132155,-0.80564886
29966,1437155089894,-6.755839,6.9707184,-0.7505822
29967,1437155089913,-6.75524,7.0569096,-0.8194155
29968,1437155089933,-6.725911,7.067085,-0.84335756
29969,1437155089955,-6.6828156,7.0605006,-0.89902276
29970,1437155089975,-6.7229185,7.0605006,-0.88944596
29971,1437155089993,-6.7959414,7.0820484,-0.83497787
29972,1437155090015,-6.779781,7.043741,-0.79128367
29973,1437155090032,-6.675633,6.9665284,-0.79966336
29974,1437155090054,-6.699575,6.9665284,-0.7835025
29975,1437155090075,-6.7803793,6.947375,-0.79248077
29976,1437155090093,-6.655881,6.89171,-0.7332243
29977,1437155090114,-6.7079544,6.897695,-0.84455466
29978,1437155090134,-6.6965823,6.8545995,-0.8050503
29979,1437155090154,-6.7504516,6.929418,-0.85532856
29980,1437155090175,-6.859388,6.945579,-0.9032126
29981,1437155090195,-6.8947024,6.9240313,-0.84575176
29982,1437155090212,-6.9252286,6.925827,-0.9427169
29983,1437155090234,-6.993463,6.83784,-0.9427169
29984,1437155090254,-7.0329676,6.7265096,-0.8463503
29985,1437155090322,-7.0700774,6.6989765,-0.88286185
29986,1437155090323,-7.2065473,6.6804214,-0.8858546
29987,1437155090324,-7.252037,6.609194,-0.85891986
29988,1437155090344,-7.217321,6.4817023,-0.8559271
29989,1437155090352,-7.3029137,6.546346,-0.82360536
29990,1437155090376,-7.4124484,6.593033,-0.8511387
29991,1437155090392,-7.4088573,6.597821,-0.729633
29992,1437155090412,-7.397485,6.5960255,-0.7685388
29993,1437155090434,-7.2592196,6.6026096,-0.7140707
29994,1437155090452,-7.1945763,6.5870476,-0.6667852
29995,1437155090473,-7.145495,6.6864066,-0.7338228
29996,1437155090500,-7.026982,6.675633,-0.6739678
29997,1437155090513,-6.971317,6.715736,-0.6895301
29998,1437155090534,-7.0227923,6.7372837,-0.6703765
29999,1437155090553,-7.0108213,6.727707,-0.6314707
30000,1437155090576,-7.004237,6.7306995,-0.66498953
30001,1437155090596,-6.9886746,6.7013707,-0.64463884
30002,1437155090616,-7.00304,6.667852,-0.6063316
30003,1437155090636,-7.037756,6.623559,-0.58538234
30004,1437155090652,-7.1431007,6.609792,-0.55126494
30005,1437155090674,-7.0994067,6.513426,-0.5033809
30006,1437155090696,-7.0826473,6.497265,-0.521936
30007,1437155090715,-7.2191167,6.540959,-0.5398925
30008,1437155090739,-7.2370734,6.5762734,-0.6254852
30009,1437155090754,-7.08564,6.4906807,-0.6476316
30010,1437155090779,-7.038953,6.429629,-0.59376204
30011,1437155090793,-7.141305,6.493075,-0.6075287
30012,1437155090818,-7.323863,6.5828576,-0.59256494
30013,1437155090836,-7.33763,6.558317,-0.6278794
30014,1437155090854,-7.2340803,6.530185,-0.5542577
30015,1437155090873,-7.197569,6.4840965,-0.5650316
30016,1437155090893,-7.235876,6.506243,-0.58897364
30017,1437155090913,-7.2101383,6.693589,-0.5770026
30018,1437155090934,-7.36217,6.6187706,-0.688333
30019,1437155090982,-7.378331,6.488885,-0.5638345
30020,1437155090983,-7.478289,6.473323,-0.5327099
30021,1437155090998,-7.2873516,6.3667808,-0.5614403
30022,1437155091047,-7.192182,6.247669,-0.56982
30023,1437155091048,-7.429806,6.5164185,-0.6739678
30024,1437155091056,-7.5465236,6.7103486,-0.64823014
30025,1437155091073,-7.2340803,6.464943,-0.54887074
30026,1437155091094,-7.297527,6.5188127,-0.5662287
30027,1437155091116,-7.043741,6.51163,-0.57760113
30028,1437155091133,-7.1766195,6.658275,-0.5638345
30029,1437155091153,-7.227496,6.751649,-0.5710171
30030,1437155091175,-7.065888,6.815095,-0.6039374
30031,1437155091193,-7.2233067,6.8444242,-0.5129577
30032,1437155091216,-7.1849995,7.0491285,-0.53211135
30033,1437155091239,-6.9102645,7.0395517,-0.557849
30034,1437155091253,-6.913856,7.153276,-0.49679685
30035,1437155091275,-7.035362,7.2963295,-0.5303157
30036,1437155091296,-7.073669,7.3340383,-0.55964464
30037,1437155091316,-6.8049197,7.244256,-0.57520694
30038,1437155091336,-6.522404,7.117962,-0.5907693
30039,1437155091356,-6.427833,6.955156,-0.58777654
30040,1437155091374,-6.217143,6.795343,-0.5470751
30041,1437155091394,-6.1010246,6.601413,-0.56323594
30042,1437155091416,-6.1884127,6.4619503,-0.5201403
30043,1437155091436,-6.5565214,6.4751186,-0.46926352
30044,1437155091456,-6.8767457,6.517017,-0.5141548
30045,1437155091478,-6.8929067,6.587646,-0.5267244
30046,1437155091494,-6.904279,6.691794,-0.6811504
30047,1437155091519,-6.687604,6.770204,-0.7266402
30048,1437155091537,-6.5804634,6.944382,-0.6422446
30049,1437155091558,-7.2610154,7.445967,-0.51355624
30050,1437155091607,-7.12694,7.5070195,-0.62847793
30051,1437155091608,-6.7546415,7.799112,-0.24420857
30052,1437155091628,-6.8809357,7.945757,-0.31783026
30053,1437155091633,-6.1650696,7.93199,-0.29987377
30054,1437155091653,-5.73531,7.8188643,-0.17058687
30055,1437155091673,-5.5222263,7.739856,-0.2777274
30056,1437155091697,-5.478532,7.61416,-0.22266077
30057,1437155091715,-5.853823,7.5046253,-0.29568392
30058,1437155091738,-5.9873,7.2951326,-0.30346507
30059,1437155091801,-6.335656,7.181408,-0.2693477
30060,1437155091802,-6.6828156,7.1592617,-0.27593175
30061,1437155091803,-6.7306995,7.1502833,-0.28311434
30062,1437155091814,-6.675633,7.1664443,-0.23882163
30063,1437155091834,-6.559514,7.243657,-0.24001873
30064,1437155091854,-6.551733,7.2849574,-0.23403321
30065,1437155091874,-6.463746,7.354389,-0.16460137
30066,1437155091894,-6.4421983,7.313089,-0.18854338
30067,1437155091921,-6.330868,7.3460093,-0.10354923
30068,1437155091934,-6.227917,7.355586,-0.10175357
30069,1437155091954,-6.2847795,7.45315,-0.09756372
30070,1437155091973,-6.413468,7.5112095,-0.092176765
30071,1437155091993,-6.3703723,7.430405,-0.061052144
30072,1437155092013,-6.3512187,7.349002,-0.0011971008
30073,1437155092035,-6.3524156,7.2711906,-0.004189853
30074,1437155092053,-6.4086795,7.2227077,0.062249243
30075,1437155092073,-6.4805055,7.1425023,0.038905777
30076,1437155092093,-6.546346,7.129334,0.044891283
30077,1437155092113,-6.615179,7.12694,-0.002992752
30078,1437155092135,-6.5960255,7.089231,-0.046088383
30079,1437155092155,-6.461352,7.0610995,-0.034117375
30080,1437155092177,-6.4667387,7.176021,-0.090381116
30081,1437155092193,-6.335656,7.247847,-0.089184016
30082,1437155092216,-6.331466,7.395689,-0.08798691
30083,1437155092236,-6.351817,7.526173,-0.17956513
30084,1437155092256,-6.2566476,7.5525093,-0.18136078
30085,1437155092276,-6.2021794,7.529764,-0.15502456
30086,1437155092295,-6.175245,7.503428,-0.20530279
30087,1437155092317,-6.1848216,7.477092,-0.20231004
30088,1437155092337,-6.3224883,7.5345526,-0.23582886
30089,1437155092357,-6.4266357,7.5345526,-0.22385786
30090,1437155092376,-6.329671,7.5387425,-0.24660277
30091,1437155092395,-6.145317,7.510012,-0.30825347
30092,1437155092415,-6.125565,7.4992385,-0.32202014
30093,1437155092437,-6.208165,7.5327573,-0.3842694
30094,1437155092454,-6.2362967,7.542334,-0.39264908
30095,1437155092490,-6.251859,7.4711065,-0.4285621
30096,1437155092495,-6.302736,7.443573,-0.44951138
30097,1437155092513,-6.3392477,7.386112,-0.44532153
30098,1437155092536,-6.259042,7.291541,-0.47644615
30099,1437155092554,-6.389526,7.247847,-0.46507367
30100,1437155092578,-6.4870896,7.247847,-0.45729253
30101,1437155092604,-6.6624646,7.2221093,-0.45729253
30102,1437155092621,-6.7905545,7.1460934,-0.4309563
30103,1437155092634,-6.64391,7.109582,-0.3854665
30104,1437155092654,-6.746262,7.15986,-0.44651863
30105,1437155092674,-6.767211,7.1885905,-0.44711718
30106,1437155092694,-6.5499372,7.1700354,-0.45729253
30107,1437155092714,-6.3284736,7.189189,-0.4914099
30108,1437155092734,-6.221333,7.299921,-0.5315128
30109,1437155092754,-6.0651116,7.454347,-0.6123171
30110,1437155092774,-5.858013,7.5549035,-0.62368953
30111,1437155092794,-5.929839,7.705738,-0.7080852
30112,1437155092814,-6.135142,7.7967176,-0.74758947
30113,1437155092834,-6.1225724,7.7590094,-0.777517
30114,1437155092858,-6.1704564,7.77936,-0.82480246
30115,1437155092875,-6.2183404,7.6985555,-0.85532856
30116,1437155092894,-6.177639,7.5962033,-0.8367735
30117,1437155092917,-6.320094,7.507618,-0.8242039
30118,1437155092935,-6.405687,7.3729444,-0.78170687
30119,1437155092954,-6.381745,7.24665,-0.6895301
30120,1437155092974,-6.4900823,7.201759,-0.7020996
30121,1437155092996,-6.587646,7.1353197,-0.6464345
30122,1437155093018,-6.649895,7.038953,-0.59974754
30123,1437155093038,-6.7881603,7.013814,-0.56323594
30124,1437155093056,-6.8342485,6.977302,-0.50637364
30125,1437155093075,-6.7845693,6.930017,-0.52492875
30126,1437155093095,-6.7947445,6.927623,-0.50278234
30127,1437155093114,-6.8557963,6.95755,-0.5386954
30128,1437155093135,-6.8785415,6.941988,-0.5793968
30129,1437155093175,-7.0706763,6.896498,-0.47644615
30130,1437155093178,-7.091027,6.597223,-0.32920274
30131,1437155093194,-7.3029137,6.6187706,-0.21787235
30132,1437155093215,-7.025785,6.716933,-0.5746084
30133,1437155093234,-6.0238113,6.811504,-0.8571242
30134,1437155093254,-5.3079453,7.265205,-1.2689269
30135,1437155093278,-5.3779755,7.851186,-1.7836803
30136,1437155093295,-5.2995653,8.145074,-1.9931729
30137,1437155093315,-5.0158525,8.325836,-1.9907787
30138,1437155093338,-5.2462945,8.626907,-2.095525
30139,1437155093358,-5.645528,8.72507,-2.168548
30140,1437155093381,-5.507861,8.548497,-2.011728
30141,1437155093398,-5.433641,8.413823,-1.8321629
30142,1437155093418,-5.2540755,8.189367,-1.8327614
30143,1437155093438,-5.363012,8.095993,-1.6017209
30144,1437155093454,-5.559336,7.8308353,-1.6747441
30145,1437155093475,-5.7478795,7.74225,-1.5227122
30146,1437155093495,-6.1758432,7.630321,-1.5412674
30147,1437155093516,-6.175245,7.743447,-1.5179238
30148,1437155093540,-6.4745197,7.5333557,-1.3497312
30149,1437155093558,-6.582259,7.4705076,-1.1785458
30150,1437155093579,-6.4697313,7.3388267,-1.1139023
30151,1437155093598,-6.2129536,7.1742253,-1.0720038
30152,1437155093615,-5.9250507,7.2310877,-1.0265139
30153,1437155093644,-6.160281,7.504027,-1.1019313
30154,1437155093656,-6.337452,7.577648,-1.134253
30155,1437155093677,-6.180033,7.548918,-1.0390835
30156,1437155093697,-6.1112,7.474099,-1.0408791
30157,1437155093718,-6.019023,7.4405804,-0.99299514
30158,1437155093739,-6.241684,7.3873096,-0.9780314
30159,1437155093759,-6.455965,7.351995,-0.89184016
30160,1437155093777,-6.417059,7.211934,-0.86610246
30161,1437155093805,-6.607398,7.0970125,-0.801459
30162,1437155093863,-6.682217,7.053318,-0.7266402
30163,1437155093864,-6.630143,6.881534,-0.6943185
30164,1437155093865,-6.711546,6.8563952,-0.6326678
30165,1437155093880,-6.9545574,6.9808936,-0.6607997
30166,1437155093895,-7.0485296,6.9826894,-0.78290397
30167,1437155093922,-6.815694,7.017405,-0.7787141
30168,1437155093937,-6.839037,7.053917,-0.86969376
30169,1437155093955,-6.7241154,7.1083846,-0.89782566
30170,1437155093977,-6.6923923,7.0994067,-0.9115923
30171,1437155093995,-6.609792,7.1790137,-0.98102415
30172,1437155094017,-6.534375,7.0581064,-0.85473
30173,1437155094036,-6.847417,7.1221514,-0.7751228
30174,1437155094059,-6.7360864,7.1023993,-0.7260417
30175,1437155094076,-6.9383965,7.059902,-0.61112
30176,1437155094099,-6.605004,6.9808936,-0.6368576
30177,1437155094118,-6.5631056,6.953959,-0.6332663
30178,1437155094138,-6.675633,7.1395097,-0.57999533
30179,1437155094159,-6.6612678,7.001843,-0.6907272
30180,1437155094179,-6.583456,6.9611416,-0.49081135
30181,1437155094199,-6.7600284,6.9719152,-0.57760113
30182,1437155094218,-6.8372416,7.045537,-0.5422867
30183,1437155094236,-6.9024835,7.0209966,-0.50397944
30184,1437155094258,-6.76781,7.007828,-0.5650316
30185,1437155094279,-6.6828156,6.993463,-0.492607
30186,1437155094299,-6.659472,7.0186024,-0.504578
30187,1437155094316,-6.6486983,7.035362,-0.50038815
30188,1437155094336,-6.749853,7.01142,-0.45789108
30189,1437155094357,-6.819285,6.983288,-0.4213795
30190,1437155094381,-6.8767457,7.004237,-0.39743748
30191,1437155094402,-6.885724,6.96174,-0.38367084
30192,1437155094422,-6.7809777,6.9719152,-0.3561375
30193,1437155094438,-6.6840124,6.892308,-0.35673606
30194,1437155094456,-6.7648168,6.950966,-0.374094
30195,1437155094476,-6.7630215,6.937798,-0.40222588
30196,1437155094496,-6.6642604,6.919243,-0.4429273
30197,1437155094519,-6.6642604,6.965331,-0.5315128
30198,1437155094538,-6.7749925,7.0102224,-0.57640404
30199,1437155094664,-6.743868,7.0006456,-0.5506664
30200,1437155094665,-6.761824,6.992266,-0.62847793
30201,1437155094666,-6.7929487,6.9767036,-0.60214174
30202,1437155094667,-6.7887588,6.930017,-0.53929394
30203,1437155094668,-6.7767878,6.9264255,-0.5351041
30204,1437155094669,-6.815694,6.928221,-0.48482585
30205,1437155094707,-6.775591,7.0006456,-0.4950012
30206,1437155094721,-6.7223196,7.0503254,-0.56682724
30207,1437155094722,-6.63134,7.116166,-0.57999533
30208,1437155094736,-6.6480994,7.207744,-0.6512229
30209,1437155094767,-6.679224,7.243657,-0.7290344
30210,1437155094776,-6.6121864,7.257424,-0.7697359
30211,1437155094796,-6.531382,7.2245035,-0.79008657
30212,1437155094817,-6.545149,7.1688385,-0.7134721
30213,1437155094836,-6.6750345,7.153875,-0.6631939
30214,1437155094865,-6.683414,7.104195,-0.6452374
30215,1437155094876,-6.740875,7.1227503,-0.58538234
30216,1437155094896,-6.7187285,7.0664864,-0.641646
30217,1437155094916,-6.6666546,7.079654,-0.6147113
30218,1437155094936,-6.694188,7.121553,-0.6278794
30219,1437155094960,-6.6947865,7.123947,-0.62129533
30220,1437155094979,-6.6905966,7.125743,-0.56922144
30221,1437155095000,-6.675633,7.1209545,-0.56084174
30222,1437155095020,-6.6283474,7.1484876,-0.55725044
30223,1437155095038,-6.5098343,7.1502833,-0.5805939
30224,1437155095058,-6.405088,7.1826053,-0.63206923
30225,1437155095080,-6.306926,7.2388687,-0.6428431
30226,1437155095096,-6.3512187,7.323863,-0.65660983
30227,1437155095116,-6.4242415,7.3460093,-0.6536171
30228,1437155095138,-6.451775,7.3603745,-0.65242
30229,1437155095158,-6.495469,7.3843164,-0.66858083
30230,1437155095181,-6.488885,7.375937,-0.6937199
30231,1437155095202,-6.4020953,7.302315,-0.6973112
30232,1437155095220,-6.4625487,7.3328414,-0.6907272
30233,1437155095236,-6.579266,7.3124905,-0.65182143
30234,1437155095256,-6.555324,7.2687964,-0.65182143
30235,1437155095278,-6.5026517,7.1808095,-0.6404489
30236,1437155095299,-6.518214,7.1341224,-0.6135142
30237,1437155095319,-6.5762734,7.1341224,-0.6254852
30238,1437155095346,-6.6630635,7.153276,-0.61291564
30239,1437155095360,-6.6720414,7.161656,-0.5979519
30240,1437155095377,-6.7229185,7.1514807,-0.60693014
30241,1437155095398,-6.6959834,7.177218,-0.6183026
30242,1437155095417,-6.600814,7.1395097,-0.61052144
30243,1437155095438,-6.519411,7.181408,-0.6314707
30244,1437155095461,-6.5307837,7.2065473,-0.6386533
30245,1437155095477,-6.5427547,7.2083426,-0.6338649
30246,1437155095498,-6.6085954,7.2448545,-0.6631939
30247,1437155095520,-6.6026096,7.1927805,-0.66379243
30248,1437155095544,-6.5846534,7.1885905,-0.6631939
30249,1437155095558,-6.5960255,7.1592617,-0.6703765
30250,1437155095580,-6.5696893,7.137714,-0.6362591
30251,1437155095600,-6.6145806,7.1808095,-0.6434417
30252,1437155095620,-6.6295447,7.1951747,-0.641646
30253,1437155095640,-6.5750766,7.171831,-0.65660983
30254,1437155095663,-6.5146227,7.131728,-0.6901286
30255,1437155095684,-6.494272,7.1724296,-0.7098808
30256,1437155095842,-6.571485,7.150882,-0.736217
30257,1437155095843,-6.488885,7.141904,-0.7344214
30258,1437155095844,-6.5744777,7.1604586,-0.7212533
30259,1437155095845,-6.6307416,7.2310877,-0.7302315
30260,1437155095846,-6.518214,7.171831,-0.7260417
30261,1437155095847,-6.5032506,7.2221093,-0.700304
30262,1437155095848,-6.564901,7.241263,-0.7182605
30263,1437155095849,-6.506243,7.2328835,-0.7164649
30264,1437155095899,-6.5325794,7.2328835,-0.7080852
30265,1437155095900,-6.5499372,7.2592196,-0.7332243
30266,1437155095901,-6.4308257,7.181408,-0.6715736
30267,1437155095920,-6.5499372,7.271789,-0.57520694
30268,1437155095941,-6.579266,7.303512,-0.55365914
30269,1437155095970,-6.3913217,7.2753806,-0.4357447
30270,1437155096038,-6.330868,7.297527,-0.44711718
30271,1437155096039,-6.244078,7.377134,-0.49200845
30272,1437155096040,-6.257246,7.313688,-0.5141548
30273,1437155096041,-6.2967505,7.3310456,-0.5117606
30274,1437155096058,-6.3601966,7.32506,-0.54887074
30275,1437155096078,-6.583456,7.381324,-0.5662287
30276,1437155096099,-6.5146227,7.410054,-0.6015432
30277,1437155096118,-6.427833,7.4028716,-0.62249243
30278,1437155096161,-6.3584013,7.3418193,-0.6464345
30279,1437155096162,-6.3033347,7.385514,-0.61052144
30280,1437155096179,-6.2847795,7.363966,-0.6332663
30281,1437155096199,-6.351817,7.413047,-0.5895722
30282,1437155096220,-6.2752028,7.4208283,-0.6751649
30283,1437155096239,-6.2045736,7.3699512,-0.6679823
30284,1437155096261,-6.282984,7.49026,-0.7374141
30285,1437155096281,-6.232107,7.479486,-0.75596917
30286,1437155096301,-6.227917,7.4645224,-0.7350199
30287,1437155096321,-6.3584013,7.566276,-0.7715315
30288,1437155096341,-6.3566055,7.5309615,-0.7194576
30289,1437155096361,-6.215946,7.498041,-0.6398504
30290,1437155096381,-6.211158,7.44896,-0.62488663
30291,1437155096399,-6.275801,7.3208704,-0.51714754
30292,1437155096421,-6.509236,7.1808095,-0.29149407
30293,1437155096443,-6.967127,6.83365,-0.08738836
30294,1437155096459,-7.1227503,6.540959,0.18674773
30295,1437155096481,-7.2987237,6.3248825,0.20290859
30296,1437155096499,-7.510012,6.2769985,0.06703765
30297,1437155096520,-7.77936,6.1010246,0.16998832
30298,1437155096538,-7.428011,6.3141084,-0.38187516
30299,1437155096563,-7.3286514,6.4966664,-0.90141696
30300,1437155096583,-7.023989,6.727707,-1.0253168
30301,1437155096604,-6.640917,7.095815,-1.3814543
30302,1437155096621,-6.063316,7.5884223,-1.8806454
30303,1437155096641,-5.601235,8.184579,-2.3223755
30304,1437155096659,-5.064934,8.947132,-2.8113914
30305,1437155096681,-5.173271,9.411607,-2.7365725
30306,1437155096700,-5.599439,8.910022,-1.4915876
30307,1437155096788,-5.081693,8.355764,-1.01574
30308,1437155096800,-5.0787005,8.018182,-0.7625532
30309,1437155096801,-5.303157,7.7733746,-0.5153519
30310,1437155096802,-5.4444146,7.663241,-0.3453636
30311,1437155096803,-5.7598505,7.5746555,-0.3417723
30312,1437155096839,-6.159084,7.5171947,-0.23702596
30313,1437155096840,-6.169259,7.4968443,-0.34835634
30314,1437155096862,-5.9412117,7.611766,-0.7146692
30315,1437155096902,-6.3099184,7.597999,-0.62608373
30316,1437155096903,-6.5577183,7.445369,-0.46148238
30317,1437155096927,-6.7588315,7.2221093,-0.22505496
30318,1437155096938,-6.6361284,6.997653,-0.08798691
30319,1437155096960,-6.803723,6.8881183,-0.017357962
30320,1437155096979,-6.82946,6.872556,-0.02932897
30321,1437155096999,-6.7510505,6.9461775,-0.2801216
30322,1437155097022,-6.8749504,6.981492,-0.33279404
30323,1437155097043,-6.8689647,6.964134,-0.3465607
30324,1437155097063,-6.7283053,7.0491285,-0.38187516
30325,1437155097083,-6.4858923,7.240066,-0.6793547
30326,1437155097102,-6.5218053,7.3633676,-0.65182143
30327,1437155097128,-6.4146647,7.475296,-0.7284359
30328,1437155097139,-6.099229,7.615956,-0.8726865
30329,1437155097162,-5.9029045,7.736264,-0.82480246
30330,1437155097180,-5.777807,7.8505874,-0.8403648
30331,1437155097202,-5.7305217,7.925406,-0.83617496
30332,1437155097222,-5.78918,7.893683,-0.777517
30333,1437155097239,-5.8639984,7.867945,-0.7038953
30334,1437155097259,-5.808932,7.856573,-0.6841431
30335,1437155097281,-5.7748146,7.727885,-0.6374562
30336,1437155097303,-5.929839,7.6482773,-0.39264908
30337,1437155097325,-6.000468,7.6081743,-0.39564183
30338,1437155097344,-5.97892,7.607576,-0.5057751
30339,1437155097362,-6.0770826,7.562086,-0.5021838
30340,1437155097379,-6.217742,7.5926123,-0.5291186
30341,1437155097399,-6.2674217,7.60578,-0.57041854
30342,1437155097419,-6.1782374,7.566276,-0.59855044
30343,1437155097441,-6.315904,7.563283,-0.54168814
30344,1437155097459,-6.1967926,7.615956,-0.59974754
30345,1437155097522,-6.059126,7.6351094,-0.5835867
30346,1437155097523,-5.969343,7.599196,-0.46208093
30347,1437155097524,-5.9771247,7.635708,-0.42556936
30348,1437155097549,-6.136339,7.619547,-0.4297592
30349,1437155097559,-6.175245,7.602189,-0.4165911
30350,1437155097584,-6.009446,7.557896,-0.39205053
30351,1437155097601,-6.063316,7.5926123,-0.3453636
30352,1437155097619,-6.129156,7.6027875,-0.37349546
30353,1437155097640,-6.1345434,7.5225816,-0.3393781
30354,1437155097659,-6.1010246,7.489063,-0.3274071
30355,1437155097682,-6.010045,7.4884644,-0.29029694
30356,1437155097702,-6.0399723,7.5345526,-0.23163901
30357,1437155097720,-6.0381765,7.5968018,-0.338181
30358,1437155097740,-6.087258,7.626131,-0.42197806
30359,1437155097763,-6.0860605,7.5950065,-0.46028528
30360,1437155097783,-6.1249666,7.623737,-0.44651863
30361,1437155097803,-6.0866594,7.65127,-0.45669398
30362,1437155097823,-6.073491,7.6680293,-0.4237737
30363,1437155097843,-6.145916,7.6165543,-0.41359833
30364,1437155097863,-6.0124393,7.6201453,-0.44232875
30365,1437155097883,-6.105214,7.615956,-0.4429273
30366,1437155097901,-6.0699,7.583634,-0.50517654
30367,1437155097924,-6.160281,7.5920134,-0.45968673
30368,1437155097940,-6.2087636,7.5854297,-0.480636
30369,1437155097963,-6.127361,7.599795,-0.5093664
30370,1437155097982,-6.1010246,7.587824,-0.47105917
30371,1437155098003,-6.153697,7.575254,-0.4818331
30372,1437155098024,-6.101623,7.5561004,-0.480636
30373,1437155098043,-6.093243,7.4932528,-0.45489833
30374,1437155098063,-6.1064115,7.4962454,-0.3513491
30375,1437155098083,-6.0699,7.567473,-0.43394905
30376,1437155098103,-6.005256,7.691373,-0.439336
30377,1437155098123,-5.919664,7.6943655,-0.54527944
30378,1437155098143,-5.9052987,7.7410526,-0.557849
30379,1437155098164,-5.905897,7.7189064,-0.5823896
30380,1437155098183,-5.884948,7.723695,-0.516549
30381,1437155098208,-5.8987145,7.6614456,-0.50637364
30382,1437155098274,-6.003461,7.6333137,-0.49320555
30383,1437155098275,-6.0639143,7.6548615,-0.47165772
30384,1437155098287,-5.8921304,7.7368627,-0.6147113
30385,1437155098288,-5.8987145,7.85358,-0.6362591
30386,1437155098300,-5.7544637,7.9272017,-0.7170634
30387,1437155098327,-5.6467247,8.002619,-0.7212533
30388,1437155098340,-5.705383,8.005013,-0.7194576
30389,1437155098360,-5.73112,8.00621,-0.7404069
30390,1437155098381,-5.7424927,8.005013,-0.7170634
30391,1437155098401,-5.6736593,7.915829,-0.58119243
30392,1437155098420,-5.629367,7.828441,-0.5398925
30393,1437155098440,-5.763442,7.7332716,-0.50876784
30394,1437155098460,-5.880758,7.792528,-0.5626374
30395,1437155098480,-5.795764,7.827842,-0.6823475
30396,1437155098500,-5.7879825,7.837419,-0.6667852
30397,1437155098524,-5.7502737,7.864354,-0.6751649
30398,1437155098543,-5.771822,7.915829,-0.6392518
30399,1437155098561,-5.803545,7.8547773,-0.7404069
30400,1437155098583,-5.7748146,7.885902,-0.7290344
30401,1437155098603,-5.7646394,7.887099,-0.6757634
30402,1437155098623,-5.805939,7.8637557,-0.61291564
30403,1437155098643,-5.7400985,7.825448,-0.59974754
30404,1437155098664,-5.801749,7.817667,-0.5805939
30405,1437155098682,-5.864597,7.7829514,-0.6326678
30406,1437155098703,-5.8442464,7.7428484,-0.5770026
30407,1437155098722,-5.9148755,7.735666,-0.57520694
30408,1437155098741,-5.8843493,7.7374616,-0.57640404
30409,1437155098764,-5.885546,7.7344685,-0.6015432
30410,1437155098784,-5.896919,7.7254906,-0.61890113
30411,1437155098805,-5.957372,7.736264,-0.5943606
30412,1437155098825,-5.864597,7.788338,-0.6596026
30413,1437155098844,-5.871181,7.821857,-0.7086837
30414,1437155098861,-5.8268886,7.7907324,-0.7332243
30415,1437155098881,-5.837662,7.72968,-0.65421563
30416,1437155098902,-5.915474,7.7530236,-0.623091
30417,1437155098921,-5.834071,7.7865424,-0.6512229
30418,1437155098998,-5.8005524,7.8086886,-0.64703304
30419,1437155099001,-5.7395,7.8356237,-0.6476316
30420,1437155099011,-5.779603,7.8062944,-0.6679823
30421,1437155099012,-5.85502,7.789535,-0.6877344
30422,1437155099023,-5.8681884,7.777564,-0.7392098
30423,1437155099041,-5.871181,7.7266874,-0.75716627
30424,1437155099063,-5.93343,7.719505,-0.7032967
30425,1437155099081,-5.907693,7.7626004,-0.78529817
30426,1437155099105,-5.8226986,7.7709804,-0.7254431
30427,1437155099122,-5.919065,7.764396,-0.79008657
30428,1437155099142,-5.920861,7.7691846,-0.79607207
30429,1437155099161,-5.9621606,7.7907324,-0.8146271
30430,1437155099182,-5.8933277,7.7727757,-0.7769185
30431,1437155099203,-5.834071,7.72968,-0.75118077
30432,1437155099224,-5.8723783,7.7105265,-0.64942724
30433,1437155099244,-5.893926,7.6883802,-0.66498953
30434,1437155099264,-5.910087,7.7159133,-0.6721721
30435,1437155099281,-5.907094,7.7626004,-0.7769185
30436,1437155099304,-5.969942,7.777564,-0.79846627
30437,1437155099324,-5.9519854,7.72968,-0.8206126
30438,1437155099344,-5.9926867,7.713519,-0.75596917
30439,1437155099364,-5.993884,7.6614456,-0.7236475
30440,1437155099381,-5.9507885,7.657854,-0.7679402
30441,1437155099405,-5.953781,7.6907744,-0.7697359
30442,1437155099422,-5.995081,7.714118,-0.7715315
30443,1437155099444,-5.899313,7.671621,-0.75477207
30444,1437155099461,-5.9609637,7.666234,-0.7386112
30445,1437155099481,-5.995081,7.700351,-0.7577648
30446,1437155099502,-6.0699,7.711125,-0.7338228
30447,1437155099526,-5.909488,7.7494326,-0.7703344
30448,1437155099546,-5.8663926,7.7560163,-0.7469909
30449,1437155099566,-5.844845,7.764396,-0.736217
30450,1437155099584,-5.846042,7.781754,-0.7823054
30451,1437155099601,-5.849633,7.78355,-0.8074445
30452,1437155099621,-5.798158,7.7733746,-0.79607207
30453,1437155099641,-5.880758,7.7769656,-0.7565677
30454,1437155099663,-5.811326,7.7943234,-0.7799112
30455,1437155099735,-5.8226986,7.8086886,-0.7942764
30456,1437155099736,-5.8628016,7.793725,-0.8194155
30457,1437155099737,-5.855619,7.879916,-0.85652566
30458,1437155099755,-5.8221,7.8493905,-0.85054016
30459,1437155099763,-5.832874,7.844003,-0.76554596
30460,1437155099781,-5.789778,7.8428063,-0.8038532
30461,1437155099804,-5.7323174,7.914034,-0.7954735
30462,1437155099821,-5.6580973,7.9595237,-0.8834604
30463,1437155099842,-5.542577,8.069058,-0.8762778
30464,1437155099875,-5.1475334,8.237849,-0.9768343
30465,1437155099883,-4.585495,8.6496525,-1.1180922
30466,1437155099902,-3.828927,9.045294,-1.3676877
30467,1437155099922,-3.4141316,9.31524,-1.8656816
30468,1437155099943,-4.0533834,9.498995,-2.4809916
30469,1437155099965,-4.914099,9.224859,-2.7114334
30470,1437155099985,-4.9374423,8.821436,-2.5917234
30471,1437155100002,-5.383961,8.252214,-2.4911668
30472,1437155100024,-5.7095723,7.7147164,-2.492364
30473,1437155100045,-6.70975,7.4974427,-2.191293
30474,1437155100063,-6.986879,7.259818,-2.0368671
30475,1437155100084,-6.739678,7.0844426,-1.7340006
30476,1437155100102,-6.6786256,6.8462195,-1.2539631
30477,1437155100123,-6.633136,6.7947445,-0.87567925
30478,1437155100143,-7.031172,6.8222775,-0.6099229
30479,1437155100165,-7.2951326,6.6606693,-0.2885013
30480,1437155100185,-6.989872,6.461352,0.05267244
30481,1437155100203,-6.7187285,6.4721255,0.16160862
30482,1437155100224,-6.8204823,6.645107,0.14903906
30483,1437155100245,-6.999449,6.749853,0.26515785
30484,1437155100262,-6.8982935,6.8222775,0.2825158
30485,1437155100283,-6.793547,6.819285,0.24600422
30486,1437155100304,-6.4481835,6.976105,0.1436521
30487,1437155100323,-6.425439,7.162853,0.0077811554
30488,1437155100345,-6.6247563,7.314286,-0.031124622
30489,1437155100363,-6.6103907,7.303512,-0.017956512
30490,1437155100383,-6.523601,7.304111,-0.009576807
30491,1437155100409,-6.4607534,7.3346367,-0.032920275
30492,1437155100485,-6.3667808,7.347805,0.01616086
30493,1437155100486,-6.4631476,7.2849574,0.03172317
30494,1437155100487,-6.5445504,7.237672,0.07062895
30495,1437155100488,-6.5241995,7.1969705,0.095768064
30496,1437155100503,-6.367379,7.2370734,0.031124622
30497,1437155100530,-6.3703723,7.2861543,-0.02873042
30498,1437155100542,-6.4577603,7.305308,-0.050278235
30499,1437155100563,-6.521207,7.273585,-0.04309563
30500,1437155100583,-6.477513,7.219715,-0.047285482
30501,1437155100603,-6.405088,7.177218,-0.091578215
30502,1437155100623,-6.4032927,7.16824,-0.08020575
30503,1437155100643,-6.341043,7.2328835,-0.14903906
30504,1437155100665,-6.443994,7.351396,-0.2208651
30505,1437155100683,-6.6229606,7.425018,-0.22804771
30506,1437155100705,-6.5631056,7.3885064,-0.2124854
30507,1437155100723,-6.453571,7.330447,-0.19033903
30508,1437155100744,-6.4032927,7.3537903,-0.17058687
30509,1437155100765,-6.38354,7.369353,-0.17717093
30510,1437155100785,-6.411672,7.3669586,-0.16460137
30511,1437155100806,-6.4547677,7.369353,-0.15741876
30512,1437155100823,-6.3787518,7.2993226,-0.17836803
30513,1437155100843,-6.509236,7.280169,-0.17058687
30514,1437155100864,-6.5140243,7.2233067,-0.17118542
30515,1437155100886,-6.51163,7.2167225,-0.17058687
30516,1437155100903,-6.597821,7.2149267,-0.2160767
30517,1437155100922,-6.6265516,7.1790137,-0.22864626
30518,1437155100943,-6.5936313,7.117962,-0.21787235
30519,1437155100994,-6.531382,7.031172,-0.24241292
30520,1437155100995,-6.535572,7.08145,-0.2669535
30521,1437155101005,-6.4481835,7.1861963,-0.34117374
30522,1437155101028,-6.4625487,7.3723454,-0.39085343
30523,1437155101043,-6.4272346,7.41185,-0.40282443
30524,1437155101063,-6.408081,7.402273,-0.34237084
30525,1437155101083,-6.465542,7.4148426,-0.3226187
30526,1437155101104,-6.417059,7.417835,-0.33159694
30527,1437155101123,-6.4469867,7.479486,-0.34117374
30528,1437155101196,-6.503849,7.4507556,-0.37349546
30529,1437155101197,-6.327875,7.3406224,-0.32142156
30530,1437155101198,-6.4721255,7.28376,-0.31304187
30531,1437155101214,-6.5152216,7.156269,-0.25139117
30532,1437155101223,-6.6492968,7.0664864,-0.20470424
30533,1437155101243,-6.799533,6.989872,-0.18016368
30534,1437155101263,-6.823475,6.9970546,-0.15442601
30535,1437155101283,-6.83784,7.032369,-0.16460137
30536,1437155101303,-6.7043633,7.028179,-0.20051439
30537,1437155101336,-6.583456,7.023989,-0.207697
30538,1437155101343,-6.585252,7.1107793,-0.2184709
30539,1437155101365,-6.7570357,7.1688385,-0.26515785
30540,1437155101384,-6.751649,7.1945763,-0.23163901
30541,1437155101404,-6.5828576,7.1155677,-0.20231004
30542,1437155101424,-6.6349316,7.1604586,-0.18674773
30543,1437155101445,-6.627749,7.1047935,-0.16639702
30544,1437155101463,-6.5990186,7.0808516,-0.05566519
30545,1437155101486,-6.67683,7.132327,-0.075417355
30546,1437155101506,-6.740875,7.141904,-0.046088383
30547,1437155101526,-6.7265096,7.1460934,-0.023942016
30548,1437155101546,-6.615778,7.0820484,-0.01616086
30549,1437155101563,-6.498462,7.0634937,-0.021547815
30550,1437155101583,-6.4840965,7.059902,-0.07062895
30551,1437155101608,-6.582259,7.025785,-0.08559271
30552,1437155101624,-6.7402763,7.049727,-0.090979666
30553,1437155101651,-6.8587894,7.0712748,-0.11372458
30554,1437155101664,-6.8001313,7.067683,-0.10534488
30555,1437155101689,-6.7546415,7.0515227,-0.10474633
30556,1437155101707,-6.6846113,7.0581064,-0.09696517
30557,1437155101723,-6.679224,7.080253,-0.08559271
30558,1437155101743,-6.63553,7.091027,-0.13826515
30559,1437155101763,-6.71394,7.086837,-0.15981296
30560,1437155101784,-6.7133417,7.102998,-0.16699557
30561,1437155101810,-6.7624226,7.055712,-0.17298107
30562,1437155101824,-6.7067575,7.018004,-0.12868834
30563,1437155101844,-6.7372837,7.0569096,-0.12150574
30564,1437155101873,-6.819285,7.088034,-0.095169514
30565,1437155101945,-6.7947445,7.0407486,-0.08379706
30566,1437155101946,-6.758233,6.9826894,-0.073621705
30567,1437155101947,-6.7522473,7.0132155,-0.076015905
30568,1437155101948,-6.7360864,7.0503254,-0.109534726
30569,1437155101964,-6.6403184,6.9731126,-0.108936176
30570,1437155101987,-6.6486983,7.0186024,-0.12210429
30571,1437155102003,-6.8306575,7.057508,-0.1448492
30572,1437155102024,-6.8109055,7.038953,-0.08319851
30573,1437155102048,-6.770204,7.028179,-0.110731825
30574,1437155102064,-6.7486563,7.007828,-0.077811554
30575,1437155102086,-6.739079,7.0221934,-0.08200141
30576,1437155102105,-6.725911,7.041946,-0.11731588
30577,1437155102126,-6.6804214,7.073669,-0.11731588
30578,1437155102146,-6.752846,7.1047935,-0.16220717
30579,1437155102165,-6.766014,7.1059904,-0.15502456
30580,1437155102184,-6.735488,7.0700774,-0.13347675
30581,1437155102206,-6.766014,7.0221934,-0.1316811
30582,1437155102227,-6.8144965,6.9886746,-0.10115502
30583,1437155102244,-6.7869635,6.9360023,-0.09876082
30584,1437155102267,-6.745663,6.8599863,-0.08379706
30585,1437155102285,-6.7947445,6.803723,-0.06943185
30586,1437155102306,-6.807314,6.7743936,-0.06823475
30587,1437155102327,-6.8689647,6.7624226,-0.08499416
30588,1437155102349,-6.911462,6.8013287,-0.074818805
30589,1437155102368,-6.952163,6.8228765,-0.10594343
30590,1437155102385,-6.9886746,6.8982935,-0.08200141
30591,1437155102406,-6.905476,6.9581485,-0.092176765
30592,1437155102428,-6.861782,7.067085,-0.10175357
30593,1437155102446,-6.7749925,7.181408,-0.12808979
30594,1437155102465,-6.6271505,7.241862,-0.1412579
30595,1437155102484,-6.420052,7.2604165,-0.18614918
30596,1437155102504,-6.335656,7.3220673,-0.18614918
30597,1437155102524,-6.3488245,7.3430166,-0.24001873
30598,1437155102544,-6.260239,7.285556,-0.24061728
30599,1437155102564,-6.4751186,7.282563,-0.30226797
30600,1437155102585,-6.545149,7.215525,-0.31184477
30601,1437155102604,-6.591237,7.1664443,-0.2873042
30602,1437155102658,-6.699575,7.1724296,-0.32561144
30603,1437155102659,-6.6852098,7.107786,-0.2645593
30604,1437155102671,-6.6187706,7.1065893,-0.272939
30605,1437155102687,-6.6726403,7.1484876,-0.27353755
30606,1437155102704,-6.645107,7.1766195,-0.29747957
30607,1437155102728,-6.6624646,7.177218,-0.29628247
30608,1437155102744,-6.595427,7.1951747,-0.32680854
30609,1437155102764,-6.655282,7.1544733,-0.29747957
30610,1437155102784,-6.625953,7.0994067,-0.272939
30611,1437155102806,-6.6486983,7.079056,-0.29149407
30612,1437155102826,-6.567295,7.07726,-0.3333926
30613,1437155102846,-6.597821,7.091027,-0.37948096
30614,1437155102864,-6.7085533,7.129933,-0.4141969
30615,1437155102885,-6.6882024,7.1089835,-0.45070848
30616,1437155102907,-6.7079544,7.098808,-0.44891283
30617,1437155102926,-6.803124,7.12694,-0.4381389
30618,1437155102947,-6.76781,7.1209545,-0.4369418
30619,1437155102968,-6.704962,7.102998,-0.3645172
30620,1437155102988,-6.675633,7.1083846,-0.37229836
30621,1437155103007,-6.5804634,7.092224,-0.3345897
30622,1437155103027,-6.5738792,7.0928226,-0.31483752
30623,1437155103044,-6.555324,7.098808,-0.34955344
30624,1437155103066,-6.5481415,7.1341224,-0.35254622
30625,1437155103089,-6.6265516,7.195773,-0.3824737
30626,1437155103119,-6.6295447,7.1969705,-0.4201824
30627,1437155103158,-6.6044054,7.1939774,-0.39624038
30628,1437155103159,-6.615778,7.1832037,-0.45729253
30629,1437155103164,-6.640917,7.1568675,-0.44472298
30630,1437155103184,-6.6624646,7.149685,-0.4189853
30631,1437155103205,-6.736685,7.1903863,-0.43155485
30632,1437155103224,-6.7708025,7.1808095,-0.362123
30633,1437155103245,-6.6367273,7.1670427,-0.338181
30634,1437155103265,-6.5164185,7.1987658,-0.33638534
30635,1437155103285,-6.4565635,7.203554,-0.3238158
30636,1437155103305,-6.4284315,7.2221093,-0.31124622
30637,1437155103325,-6.479907,7.2005615,-0.33159694
30638,1437155103345,-6.531981,7.1981673,-0.3250129
30639,1437155103392,-6.651691,7.1784153,-0.29628247
30640,1437155103415,-6.6762314,7.20535,-0.32441434
30641,1437155103429,-6.657078,7.128137,-0.30346507
30642,1437155103430,-6.634333,7.1107793,-0.31184477
30643,1437155103445,-6.615179,7.1125746,-0.3184288
30644,1437155103465,-6.6002154,7.083844,-0.2813187
30645,1437155103485,-6.683414,7.1101804,-0.27712885
30646,1437155103505,-6.704962,7.1191587,-0.30107087
30647,1437155103539,-6.6828156,7.111976,-0.2896984
30648,1437155103552,-6.681618,7.1395097,-0.2657564
30649,1437155103564,-6.582259,7.15567,-0.2681506
30650,1437155103584,-6.567295,7.1526775,-0.2789245
30651,1437155103604,-6.5619082,7.2209125,-0.2873042
30652,1437155103625,-6.535572,7.2047515,-0.31423897
30653,1437155103644,-6.509236,7.2023573,-0.33279404
30654,1437155103665,-6.5469446,7.216124,-0.33758244
30655,1437155103686,-6.554127,7.2113357,-0.3752911
30656,1437155103708,-6.535572,7.195773,-0.34955344
30657,1437155103728,-6.661866,7.2029557,-0.40761283
30658,1437155103748,-6.673837,7.181408,-0.36990416
30659,1437155103769,-6.633136,7.1347213,-0.35793316
30660,1437155103786,-6.6385226,7.129334,-0.3633201
30661,1437155103805,-6.6720414,7.0700774,-0.3196259
30662,1437155103828,-6.681618,7.055114,-0.31184477
30663,1437155103845,-6.741473,7.04015,-0.2885013
30664,1437155103869,-6.727108,7.0365586,-0.29448682
30665,1437155103888,-6.7588315,7.0970125,-0.30705637
30666,1437155103905,-6.717531,7.0952168,-0.3286042
30667,1437155103926,-6.682217,7.0844426,-0.3274071
30668,1437155103948,-6.6720414,7.080253,-0.32680854
30669,1437155103969,-6.652888,7.08145,-0.3196259
30670,1437155103989,-6.609194,7.0503254,-0.3333926
30671,1437155104005,-6.619968,7.0820484,-0.31304187
30672,1437155104028,-6.6905966,7.0940194,-0.3357868
30673,1437155104045,-6.6391215,7.1209545,-0.34476504
30674,1437155104065,-6.667852,7.171831,-0.3812766
30675,1437155104088,-6.6504936,7.20535,-0.38726214
30676,1437155104106,-6.6349316,7.1951747,-0.37948096
30677,1437155104191,-6.4978633,7.177817,-0.3489549
30678,1437155104192,-6.540959,7.2167225,-0.3250129
30679,1437155104193,-6.567894,7.290344,-0.32022446
30680,1437155104194,-6.531981,7.282563,-0.3286042
30681,1437155104208,-6.4386067,7.269395,-0.36750996
30682,1437155104232,-6.3488245,7.2221093,-0.3549404
30683,1437155104248,-6.38773,7.2699933,-0.37588966
30684,1437155104280,-6.491878,7.3190746,-0.40761283
30685,1437155104287,-6.4661403,7.2987237,-0.3878607
30686,1437155104310,-6.6044054,7.3106947,-0.43394905
30687,1437155104328,-6.6002154,7.270592,-0.40701428
30688,1437155104347,-6.4936733,7.234679,-0.37828386
30689,1437155104369,-6.5026517,7.2364745,-0.38486794
30690,1437155104386,-6.5349736,7.2203135,-0.34476504
30691,1437155104411,-6.55712,7.2484455,-0.34955344
30692,1437155104429,-6.591836,7.215525,-0.35075054
30693,1437155104449,-6.506243,7.2089415,-0.3429694
30694,1437155104469,-6.51582,7.2083426,-0.3669114
30695,1437155104489,-6.542156,7.2370734,-0.36272156
30696,1437155104509,-6.5684924,7.2125325,-0.37469256
30697,1437155104529,-6.540959,7.181408,-0.3609259
30698,1437155104546,-6.52001,7.1820064,-0.3465607
30699,1437155104569,-6.5631056,7.1448965,-0.3633201
30700,1437155104586,-6.579266,7.1903863,-0.35434186
30701,1437155104609,-6.583456,7.1951747,-0.3633201
30702,1437155104633,-6.564901,7.217321,-0.3537433
30703,1437155104649,-6.619968,7.241263,-0.35913026
30704,1437155104670,-6.581062,7.216124,-0.3842694
30705,1437155104688,-6.564901,7.216124,-0.35254622
30706,1437155104707,-6.4858923,7.1993647,-0.27952304
30707,1437155104730,-6.494272,7.2322845,-0.31603462
30708,1437155104749,-6.553529,7.281366,-0.31184477
30709,1437155104769,-6.5247984,7.2604165,-0.3788824
30710,1437155104790,-6.4224463,7.2568254,-0.41240123
30711,1437155104810,-6.4326215,7.2634096,-0.4333505
30712,1437155104827,-6.483498,7.294534,-0.46028528
30713,1437155104849,-6.4631476,7.241263,-0.42317516
30714,1437155104910,-6.5577183,7.270592,-0.4177882
30715,1437155104911,-6.5960255,7.2783732,-0.47465047
30716,1437155104912,-6.465542,7.2298903,-0.3728969
30717,1437155104932,-6.375759,7.270592,-0.4225766
30718,1437155104946,-6.487688,7.3106947,-0.40043023
30719,1437155104967,-6.5385647,7.3059063,-0.43514615
30720,1437155104986,-6.52001,7.2783732,-0.4758476
30721,1437155105013,-6.5738792,7.256227,-0.4985925
30722,1437155105027,-6.5804634,7.221511,-0.4878186
30723,1437155105049,-6.619369,7.2185183,-0.48602295
30724,1437155105068,-6.566098,7.2071457,-0.47345337
30725,1437155105087,-6.52001,7.2167225,-0.4369418
30726,1437155105109,-6.573281,7.197569,-0.43275195
30727,1437155105128,-6.5738792,7.1610575,-0.4321534
30728,1437155105149,-6.5625067,7.1514807,-0.4201824
30729,1437155105170,-6.5906386,7.1592617,-0.427365
30730,1437155105190,-6.5565214,7.1604586,-0.42916065
30731,1437155105210,-6.5804634,7.173627,-0.4417302
30732,1437155105231,-6.627749,7.1903863,-0.44771573
30733,1437155105249,-6.654085,7.228095,-0.46387658
30734,1437155105270,-6.6486983,7.2125325,-0.40521863
30735,1437155105290,-6.488885,7.2209125,-0.3890578
30736,1437155105311,-6.501455,7.2670007,-0.39923313
30737,1437155105327,-6.497265,7.341221,-0.40462008
30738,1437155105349,-6.447585,7.3418193,-0.41120413
30739,1437155105371,-6.3272767,7.335834,-0.41838676
30740,1437155105390,-6.4481835,7.3633676,-0.4309563
30741,1437155105410,-6.467936,7.355586,-0.43394905
30742,1437155105430,-6.335656,7.2981253,-0.38187516
30743,1437155105450,-6.4416,7.317279,-0.40043023
30744,1437155105470,-6.435614,7.3005195,-0.39264908
30745,1437155105489,-6.4098763,7.328053,-0.40581718
30746,1437155105511,-6.4020953,7.3831196,-0.44232875
30747,1437155105531,-6.4044895,7.427412,-0.42197806
30748,1437155105554,-6.3643866,7.436989,-0.45250413
30749,1437155105570,-6.2913637,7.429806,-0.49081135
30750,1437155105595,-6.215946,7.387908,-0.46208093
30751,1437155105691,-6.3063273,7.357382,-0.4902128
30752,1437155105692,-6.3721676,7.363966,-0.45908818
30753,1437155105693,-6.485294,7.3466077,-0.45310268
30754,1437155105694,-6.5601125,7.3178773,-0.41958386
30755,1437155105695,-6.5607114,7.273585,-0.39624038
30756,1437155105708,-6.5505357,7.265205,-0.37110126
30757,1437155105727,-6.555324,7.2687964,-0.34596214
30758,1437155105774,-6.5128274,7.231686,-0.320823
30759,1437155105775,-6.4499793,7.189788,-0.31364042
30760,1437155105794,-6.517017,7.1712327,-0.29209262
30761,1437155105810,-6.5577183,7.193379,-0.27234045
30762,1437155105834,-6.6307416,7.1634517,-0.2777274
30763,1437155105848,-6.5666966,7.1550717,-0.25617957
30764,1437155105870,-6.6480994,7.144298,-0.22864626
30765,1437155105887,-6.616975,7.117962,-0.2136825
30766,1437155105909,-6.5619082,7.0946183,-0.21428105
30767,1437155105930,-6.5750766,7.1245456,-0.2136825
30768,1437155105950,-6.602011,7.179612,-0.26755205
30769,1437155105971,-6.6079965,7.162853,-0.25258827
30770,1437155105990,-6.529587,7.1460934,-0.22924481
30771,1437155106010,-6.6522894,7.2179193,-0.25617957
30772,1437155106030,-6.627749,7.20954,-0.2088941
30773,1437155106051,-6.555324,7.1700354,-0.16998832
30774,1437155106069,-6.599617,7.1987658,-0.18255788
30775,1437155106090,-6.5804634,7.16405,-0.13347675
30776,1437155106108,-6.554127,7.1927805,-0.13706805
30777,1437155106127,-6.5265937,7.171831,-0.15861586
30778,1437155106147,-6.4858923,7.1700354,-0.1604115
30779,1437155106169,-6.5511346,7.181408,-0.19991584
30780,1437155106193,-6.6325374,7.1993647,-0.18734628
30781,1437155106214,-6.6241574,7.143699,-0.22505496
30782,1437155106231,-6.667253,7.1287355,-0.23403321
30783,1437155106248,-6.678027,7.1047935,-0.23044191
30784,1437155106269,-6.652888,7.098808,-0.23403321
30785,1437155106288,-6.6983776,7.105392,-0.26515785
30786,1437155106309,-6.625355,7.121553,-0.25917232
30787,1437155106328,-6.631939,7.1580644,-0.30945057
30788,1437155106401,-6.6720414,7.1706343,-0.32561144
30789,1437155106402,-6.603208,7.1544733,-0.3405752
30790,1437155106403,-6.5762734,7.141305,-0.32321724
30791,1437155106411,-6.618172,7.195773,-0.31064767
30792,1437155106429,-6.601413,7.1951747,-0.3309984
30793,1437155106462,-6.654085,7.204153,-0.32202014
30794,1437155106468,-6.5804634,7.1969705,-0.3489549
30795,1437155106512,-6.510433,7.131728,-0.35434186
30796,1437155106525,-6.531981,7.140108,-0.38307226
30797,1437155106529,-6.6307416,7.1844006,-0.40701428
30798,1437155106549,-6.6026096,7.1700354,-0.39444473
30799,1437155106568,-6.6654577,7.199963,-0.4285621
30800,1437155106591,-6.6606693,7.1861963,-0.44891283
30801,1437155106610,-6.599617,7.1466923,-0.40102878
30802,1437155106628,-6.5870476,7.1688385,-0.4249708
30803,1437155106649,-6.623559,7.2059484,-0.38067806
30804,1437155106668,-6.6247563,7.207744,-0.3716998
30805,1437155106688,-6.553529,7.2209125,-0.35075054
30806,1437155106836,-6.579865,7.217321,-0.35673606
30807,1437155106837,-6.555324,7.2107368,-0.3489549
30808,1437155106838,-6.570288,7.1754227,-0.3776853
30809,1437155106839,-6.5804634,7.147889,-0.35194764
30810,1437155106840,-6.6205664,7.1155677,-0.34835634
30811,1437155106841,-6.655881,7.1233487,-0.3369839
30812,1437155106842,-6.6229606,7.0952168,-0.30406362
30813,1437155106891,-6.6732388,7.111976,-0.31543607
30814,1437155106892,-6.6612678,7.0862384,-0.31663316
30815,1437155106893,-6.645107,7.1047935,-0.31304187
30816,1437155106909,-6.729502,7.1431007,-0.33518824
30817,1437155106928,-6.743868,7.1502833,-0.35194764
30818,1437155106948,-6.71394,7.1047935,-0.3238158
30819,1437155106975,-6.5816603,7.0940194,-0.24720132
30820,1437155106990,-6.576872,7.1023993,-0.28072014
30821,1437155107015,-6.633734,7.1754227,-0.2681506
30822,1437155107030,-6.6044054,7.167641,-0.3226187
30823,1437155107051,-6.4882865,7.1586633,-0.31064767
30824,1437155107132,-6.5738792,7.150882,-0.34476504
30825,1437155107133,-6.642114,7.1622543,-0.36152446
30826,1437155107134,-6.601413,7.083844,-0.3298013
30827,1437155107135,-6.704962,7.1071877,-0.31663316
30828,1437155107149,-6.771401,7.111976,-0.35254622
30829,1437155107169,-6.7450647,7.038953,-0.29987377
30830,1437155107189,-6.724714,7.0706763,-0.36391866
30831,1437155107209,-6.7546415,7.0712748,-0.320823
30832,1437155107229,-6.649895,7.0425444,-0.33039984
30833,1437155107250,-6.6588736,7.0425444,-0.33279404
30834,1437155107271,-6.6624646,7.059902,-0.35194764
30835,1437155107293,-6.685808,7.0395517,-0.3453636
30836,1437155107311,-6.7199254,7.043741,-0.36272156
30837,1437155107332,-6.6989765,7.0287776,-0.3549404
30838,1437155107352,-6.7067575,7.0425444,-0.3561375
30839,1437155107372,-6.725911,7.023391,-0.3657143
30840,1437155107392,-6.715736,7.03177,-0.31902736
30841,1437155107410,-6.7402763,7.0700774,-0.34955344
30842,1437155107432,-6.736685,7.1287355,-0.3537433
30843,1437155107452,-6.600814,7.1472907,-0.3878607
30844,1437155107472,-6.642114,7.1849995,-0.39624038
30845,1437155107492,-6.612785,7.1784153,-0.41240123
30846,1437155107512,-6.623559,7.167641,-0.40701428
30847,1437155107529,-6.6085954,7.1502833,-0.35075054
30848,1437155107552,-6.585252,7.145495,-0.3298013
30849,1437155107571,-6.6983776,7.1664443,-0.35673606
30850,1437155107590,-6.6427126,7.1490865,-0.374094
30851,1437155107609,-6.5619082,7.125743,-0.40282443
30852,1437155107632,-6.5804634,7.101202,-0.39564183
30853,1437155107649,-6.6983776,7.114969,-0.3890578
30854,1437155107670,-6.700772,7.041946,-0.3513491
30855,1437155107689,-6.721721,7.065289,-0.34476504
30856,1437155107709,-6.803124,7.0700774,-0.40342298
30857,1437155107729,-6.7522473,7.0610995,-0.31004912
30858,1437155107750,-6.6947865,7.0587053,-0.35673606
30859,1437155107771,-6.731298,7.0844426,-0.33399114
30860,1437155107789,-6.703166,7.0826473,-0.3453636
30861,1437155107851,-6.692991,7.0886326,-0.34955344
30862,1437155107852,-6.675633,7.0862384,-0.33279404
30863,1437155107854,-6.6852098,7.073669,-0.3172317
30864,1437155107870,-6.689998,7.0634937,-0.2657564
30865,1437155107890,-6.695385,7.049727,-0.2908955
30866,1437155107909,-6.685808,7.0754647,-0.2621651
30867,1437155107930,-6.7025676,7.065888,-0.25797522
30868,1437155107950,-6.6947865,7.074866,-0.272939
30869,1437155107972,-6.675633,7.067085,-0.27234045
30870,1437155107990,-6.7348895,7.079654,-0.2765303
30871,1437155108010,-6.6654577,7.074866,-0.2705448
30872,1437155108030,-6.704962,7.103596,-0.26874915
30873,1437155108052,-6.707356,7.100005,-0.2657564
30874,1437155108069,-6.715137,7.08564,-0.260968
30875,1437155108092,-6.712743,7.0467343,-0.219668
30876,1437155108112,-6.6989765,7.074866,-0.21906945
30877,1437155108132,-6.7630215,7.1101804,-0.25378537
30878,1437155108153,-6.6774287,7.08983,-0.24001873
30879,1437155108173,-6.581062,7.0712748,-0.26755205
30880,1437155108193,-6.5906386,7.04434,-0.27473465
30881,1437155108213,-6.699575,7.0664864,-0.29987377
30882,1437155108231,-6.8025255,7.0545154,-0.29688102
30883,1437155108250,-6.7205243,7.0132155,-0.2717419
30884,1437155108273,-6.821679,7.0587053,-0.30107087
30885,1437155108291,-6.818088,7.0275807,-0.2861071
30886,1437155108313,-6.727108,7.025785,-0.25498247
30887,1437155108331,-6.7187285,7.007828,-0.25977087
30888,1437155108353,-6.699575,7.017405,-0.21068975
30889,1437155108372,-6.7109475,7.047333,-0.25258827
30890,1437155108393,-6.7067575,7.0491285,-0.23882163
30891,1437155108413,-6.685808,7.0461354,-0.24540567
30892,1437155108430,-6.735488,7.050924,-0.25139117
30893,1437155108451,-6.7103486,7.04015,-0.260968
30894,1437155108473,-6.7654157,7.026982,-0.26635495
30895,1437155108490,-6.727108,6.9946604,-0.21906945
30896,1437155108537,-6.7761893,7.03177,-0.24839842
30897,1437155108538,-6.7869635,7.029975,-0.23163901
30898,1437155108641,-6.7690067,7.0156097,-0.2669535
30899,1437155108642,-6.7091517,7.004237,-0.24181437
30900,1437155108643,-6.621763,6.962937,-0.2124854
30901,1437155108644,-6.7773867,7.0503254,-0.23942018
30902,1437155108645,-6.8127007,7.045537,-0.25617957
30903,1437155108652,-6.8049197,7.0485296,-0.22685061
30904,1437155108670,-6.733692,7.0449386,-0.2100912
30905,1437155108691,-6.7043633,7.067683,-0.20709845
30906,1437155108710,-6.716933,7.0940194,-0.2148796
30907,1437155108734,-6.6882024,7.123947,-0.25019407
30908,1437155108751,-6.634333,7.0904284,-0.2681506
30909,1437155108771,-6.655881,7.077859,-0.27114335
30910,1437155108790,-6.7486563,7.076063,-0.30585927
30911,1437155108811,-6.692991,6.9605427,-0.30466217
30912,1437155108831,-6.752846,6.953959,-0.23463176
30913,1437155108852,-6.893505,6.929418,-0.29388827
30914,1437155108872,-6.92044,6.8988924,-0.21428105
30915,1437155108893,-6.9108634,6.911462,-0.20709845
30916,1437155108911,-6.908469,6.935404,-0.2172738
30917,1437155108933,-6.863578,6.9719152,-0.20350714
30918,1437155108952,-6.806117,6.950966,-0.18674773
30919,1437155108973,-6.6840124,6.977901,-0.20171149
30920,1437155108993,-6.7109475,7.005434,-0.219668
30921,1437155109013,-6.736685,7.055114,-0.24839842
30922,1437155109031,-6.7690067,7.055114,-0.25977087
30923,1437155109050,-6.7468605,7.0365586,-0.25378537
30924,1437155109074,-6.7749925,7.0371575,-0.24061728
30925,1437155109093,-6.795343,7.033566,-0.23283611
30926,1437155109113,-6.747459,6.996456,-0.19931729
30927,1437155109134,-6.761824,6.944382,-0.18555063
30928,1437155109154,-6.7330937,6.938995,-0.19572599
30929,1437155109173,-6.7827735,6.976105,-0.20350714
30930,1437155109193,-6.8384385,6.9796963,-0.24241292
30931,1437155109214,-6.813898,6.964134,-0.24181437
30932,1437155109233,-6.863578,6.9425864,-0.20649989
30933,1437155109255,-6.803723,6.938995,-0.11971009
30934,1437155109272,-6.8246717,6.950966,-0.11671733
30935,1437155109297,-6.806117,6.9892735,-0.14784196
30936,1437155109374,-6.688801,6.983288,-0.1933318
30937,1437155109375,-6.651691,7.026982,-0.25079262
30938,1437155109376,-6.724714,7.088034,-0.30226797
30939,1437155109377,-6.76362,7.1365166,-0.26396075
30940,1437155109392,-6.659472,7.047333,-0.24480712
30941,1437155109420,-6.706159,7.0754647,-0.2633622
30942,1437155109431,-6.70556,7.0449386,-0.27114335
30943,1437155109452,-6.7402763,7.033566,-0.25498247
30944,1437155109472,-6.8049197,7.023989,-0.31304187
30945,1437155109491,-6.8653736,6.967127,-0.2873042
30946,1437155109514,-6.88333,6.95336,-0.27832595
30947,1437155109534,-6.8480153,6.9318123,-0.25857377
30948,1437155109552,-6.8162923,6.896498,-0.23942018
30949,1437155109572,-6.8384385,6.8863225,-0.24361002
30950,1437155109593,-6.8462195,6.877943,-0.23343466
30951,1437155109614,-6.875549,6.9012866,-0.26515785
30952,1437155109634,-6.8462195,6.9252286,-0.26156655
30953,1437155109654,-6.8264675,6.965331,-0.28909984
30954,1437155109671,-6.75943,7.0036387,-0.31364042
30955,1437155109694,-6.724714,7.037756,-0.3274071
30956,1437155109714,-6.747459,7.0587053,-0.31423897
30957,1437155109734,-6.7025676,7.0646906,-0.32321724
30958,1437155109754,-6.6606693,7.1167645,-0.3573346
30959,1437155109772,-6.7145386,7.1287355,-0.40821138
30960,1437155109794,-6.719327,7.120356,-0.439336
30961,1437155109811,-6.7348895,7.067085,-0.36631286
30962,1437155109831,-6.6654577,7.016208,-0.3309984
30963,1437155109851,-6.7372837,7.012018,-0.29927522
30964,1437155109876,-6.831256,7.0090256,-0.34117374
30965,1437155109896,-6.736685,7.00304,-0.3657143
30966,1437155109915,-6.739079,6.9886746,-0.3669114
30967,1437155109934,-6.8324533,7.021595,-0.41120413
30968,1437155109951,-6.8893156,7.0102224,-0.39324763
30969,1437155109971,-6.8013287,6.9132576,-0.34117374
30970,1437155109991,-6.8504095,6.9210386,-0.33039984
30971,1437155110013,-6.8947024,6.8893156,-0.3854665
30972,1437155110032,-6.854001,6.891111,-0.35314476
30973,1437155110113,-6.873753,6.9330096,-0.3585317
30974,1437155110114,-6.9108634,6.92044,-0.36631286
30975,1437155110115,-6.8767457,6.9383965,-0.34835634
30976,1437155110116,-6.7803793,6.905476,-0.34476504
30977,1437155110132,-6.7923503,6.911462,-0.3453636
30978,1437155110155,-6.82946,6.9605427,-0.3453636
30979,1437155110171,-6.875549,6.997653,-0.3429694
30980,1437155110192,-6.803124,6.9743094,-0.31304187
30981,1437155110226,-6.75943,7.0108213,-0.31423897
30982,1437155110233,-6.771401,7.067683,-0.30226797
30983,1437155110253,-6.6965823,7.093421,-0.3238158
30984,1437155110273,-6.6085954,7.0820484,-0.30705637
30985,1437155110293,-6.623559,7.1484876,-0.33877954
30986,1437155110315,-6.630143,7.1395097,-0.34715924
30987,1437155110335,-6.630143,7.1209545,-0.34955344
30988,1437155110355,-6.682217,7.1089835,-0.33518824
30989,1437155110375,-6.712743,7.129334,-0.3513491
30990,1437155110393,-6.7504516,7.109582,-0.3549404
30991,1437155110414,-6.6486983,7.088034,-0.27353755
30992,1437155110435,-6.6103907,7.102998,-0.32142156
30993,1437155110455,-6.645705,7.103596,-0.29987377
30994,1437155110472,-6.6307416,7.102998,-0.3681085
30995,1437155110494,-6.6295447,7.053318,-0.3812766
30996,1437155110516,-6.721721,7.0940194,-0.3878607
30997,1437155110535,-6.8324533,7.107786,-0.39025488
30998,1437155110554,-6.745663,6.9970546,-0.36631286
30999,1437155110574,-6.7642183,7.0209966,-0.3441665
31000,1437155110592,-6.8743515,7.052121,-0.39444473
31001,1437155110615,-6.8240733,7.008427,-0.30406362
31002,1437155110635,-6.7851677,6.9970546,-0.3286042
31003,1437155110656,-6.806117,6.9946604,-0.29747957
31004,1437155110675,-6.7570357,6.9611416,-0.29568392
31005,1437155110692,-6.7223196,6.967127,-0.28909984
31006,1437155110713,-6.721721,6.981492,-0.29747957
31007,1437155110733,-6.7360864,6.991069,-0.31304187
31008,1437155110753,-6.7612257,7.0006456,-0.29448682
31009,1437155110825,-6.8013287,7.008427,-0.29688102
31010,1437155110826,-6.7749925,7.023989,-0.29149407
31011,1437155110827,-6.747459,7.037756,-0.28491
31012,1437155110844,-6.7719994,7.068282,-0.28072014
31013,1437155110852,-6.7324953,7.0425444,-0.2813187
31014,1437155110872,-6.75943,7.043741,-0.29029694
31015,1437155110895,-6.75524,7.035362,-0.30346507
31016,1437155110912,-6.7001734,7.007828,-0.2789245
31017,1437155110932,-6.6283474,6.9862804,-0.31423897
31018,1437155110953,-6.8372416,6.988076,-0.30825347
31019,1437155111010,-6.8450227,6.9198413,-0.29448682
31020,1437155111011,-6.9545574,6.925827,-0.26515785
31021,1437155111012,-6.9491706,6.930017,-0.24660277
31022,1437155111033,-6.8468184,6.9252286,-0.2136825
31023,1437155111055,-6.854001,6.9330096,-0.24480712
31024,1437155111073,-6.75943,6.9240313,-0.25019407
31025,1437155111095,-6.7384806,6.9491706,-0.30406362
31026,1437155111113,-6.7306995,6.9611416,-0.31124622
31027,1437155111134,-6.8186865,6.9958572,-0.30166942
31028,1437155111155,-6.799533,6.9623384,-0.2873042
31029,1437155111176,-6.701969,6.9647326,-0.25558102
31030,1437155111196,-6.8623805,7.0449386,-0.31064767
31031,1437155111214,-6.839636,7.041347,-0.2825158
31032,1437155111234,-6.743269,7.037756,-0.31364042
31033,1437155111256,-6.6971807,7.0467343,-0.3429694
31034,1437155111275,-6.6744356,7.055114,-0.30885202
31035,1437155111295,-6.663662,7.038953,-0.31783026
31036,1437155111313,-6.7013707,7.0425444,-0.31483752
31037,1437155111335,-6.7109475,7.0425444,-0.3250129
31038,1437155111355,-6.7253127,7.0371575,-0.3537433
31039,1437155111376,-6.7600284,7.0467343,-0.38726214
31040,1437155111396,-6.7893577,7.0395517,-0.40462008
31041,1437155111413,-6.729502,7.015011,-0.40102878
31042,1437155111435,-6.7588315,6.9904704,-0.37588966
31043,1437155111455,-6.803723,7.025785,-0.38965634
31044,1437155111473,-6.817489,7.000047,-0.38307226
31045,1437155111547,-6.747459,6.992266,-0.3890578
31046,1437155111548,-6.749853,7.0245876,-0.3824737
31047,1437155111553,-6.6600704,7.0108213,-0.39564183
31048,1437155111554,-6.7342906,7.032369,-0.41599256
31049,1437155111586,-6.7690067,7.067683,-0.4333505
31050,1437155111593,-6.8132997,7.0425444,-0.42916065
31051,1437155111620,-6.7881603,7.0209966,-0.3866636
31052,1437155111633,-6.735488,6.9946604,-0.362123
31053,1437155111653,-6.766014,7.0329676,-0.3393781
31054,1437155111673,-6.795343,7.068282,-0.34955344
31055,1437155111694,-6.7121444,7.055114,-0.3693056
31056,1437155111715,-6.652888,7.019799,-0.38307226
31057,1437155111734,-6.6947865,7.0251865,-0.41240123
31058,1437155111756,-6.729502,7.01142,-0.38367084
31059,1437155111776,-6.715736,6.96174,-0.33518824
31060,1437155111795,-6.9066734,6.9916677,-0.37229836
31061,1437155111816,-6.8863225,6.976105,-0.38307226
31062,1437155111833,-6.8647747,6.9599442,-0.35194764
31063,1437155111854,-6.8264675,6.9862804,-0.3890578
31064,1437155111876,-6.811504,6.964134,-0.34955344
31065,1437155111896,-6.799533,6.9611416,-0.3489549
31066,1437155111919,-6.761824,6.976105,-0.33518824
31067,1437155111933,-6.76362,6.9892735,-0.350152
31068,1437155111953,-6.783372,6.994062,-0.36272156
31069,1437155111973,-6.7450647,6.9719152,-0.35913026
31070,1437155111994,-6.809708,6.9970546,-0.33997664
31071,1437155112014,-6.817489,6.9928646,-0.320823
31072,1437155112035,-6.8121023,7.0156097,-0.3196259
31073,1437155112055,-6.8162923,7.0449386,-0.32321724
31074,1437155112077,-6.743868,7.064092,-0.31244332
31075,1437155112096,-6.6385226,7.03596,-0.32441434
31076,1437155112117,-6.64391,7.080253,-0.3309984
31077,1437155112133,-6.715137,7.073669,-0.31543607
31078,1437155112155,-6.6959834,7.0742674,-0.3477578
31079,1437155112176,-6.731298,7.050924,-0.34955344
31080,1437155112196,-6.7606273,7.0610995,-0.36272156
31081,1437155112224,-6.815095,7.04015,-0.31483752
31082,1437155112282,-6.7283053,6.9916677,-0.24420857
31083,1437155112283,-6.7109475,7.013814,-0.24540567
31084,1437155112284,-6.7330937,7.0407486,-0.25318682
31085,1437155112304,-6.6744356,7.056311,-0.32321724
31086,1437155112313,-6.643311,7.029975,-0.362123
31087,1437155112337,-6.6983776,7.0766616,-0.3573346
31088,1437155112353,-6.818088,7.091625,-0.33039984
31089,1437155112373,-6.7211227,7.018004,-0.33399114
31090,1437155112394,-6.694188,7.0365586,-0.3250129
31091,1437155112414,-6.7827735,7.074866,-0.37708676
31092,1437155112435,-6.7486563,7.020398,-0.35434186
31093,1437155112456,-6.747459,7.0622964,-0.3609259
31094,1437155112476,-6.827665,7.0263834,-0.34715924
31095,1437155112494,-6.787562,7.0347633,-0.338181
31096,1437155112517,-6.730101,7.020398,-0.3465607
31097,1437155112535,-6.691195,7.0156097,-0.3321955
31098,1437155112554,-6.7199254,7.0347633,-0.30346507
31099,1437155112577,-6.7426705,6.992266,-0.3184288
31100,1437155112598,-6.7666125,7.001843,-0.30585927
31101,1437155112616,-6.799533,6.9808936,-0.33518824
31102,1437155112635,-6.795343,7.006033,-0.3286042
31103,1437155112655,-6.805518,6.9850836,-0.3309984
31104,1437155112676,-6.793547,6.980295,-0.31184477
31105,1437155112697,-6.825869,6.9784994,-0.338181
31106,1437155112721,-6.8121023,6.979098,-0.31304187
31107,1437155112737,-6.8504095,6.989872,-0.3441665
31108,1437155112755,-6.6905966,6.9611416,-0.34955344
31109,1437155112777,-6.751649,6.9850836,-0.3465607
31110,1437155112798,-6.827066,7.0048356,-0.34476504
31111,1437155112828,-6.9048777,6.988076,-0.33877954
31112,1437155112837,-6.8605847,6.9725137,-0.28311434
31113,1437155112854,-6.8049197,7.015011,-0.27952304
31114,1437155112874,-6.7570357,7.012018,-0.2908955
31115,1437155112894,-6.669049,6.996456,-0.28311434
31116,1437155112914,-6.6367273,7.015011,-0.31483752
31117,1437155112938,-6.667852,7.019201,-0.31244332
31118,1437155112954,-6.769605,7.061698,-0.3345897
31119,1437155112984,-6.811504,7.067085,-0.338181
31120,1437155113045,-6.630143,6.9982514,-0.29568392
31121,1437155113046,-6.751649,7.057508,-0.32022446
31122,1437155113047,-6.7690067,7.068282,-0.35254622
31123,1437155113068,-6.6923923,7.0646906,-0.32561144
31124,1437155113074,-6.634333,7.069479,-0.36631286
31125,1437155113099,-6.7013707,7.0862384,-0.32920274
31126,1437155113114,-6.746262,7.107786,-0.34117374
31127,1437155113134,-6.7426705,7.0844426,-0.30346507
31128,1437155113154,-6.740875,7.028179,-0.30047232
31129,1437155113180,-6.740875,7.035362,-0.31244332
31130,1437155113195,-6.7103486,7.0251865,-0.30885202
31131,1437155113216,-6.7480574,7.0275807,-0.32321724
31132,1437155113235,-6.7719994,7.0287776,-0.32441434
31133,1437155113262,-6.785766,7.006033,-0.3333926
31134,1437155113274,-6.8127007,7.0048356,-0.3226187
31135,1437155113297,-6.749853,6.971317,-0.3357868
31136,1437155113317,-6.735488,6.918046,-0.2813187
31137,1437155113358,-6.801927,7.0048356,-0.26515785
31138,1437155113359,-6.8049197,7.0329676,-0.32022446
31139,1437155113392,-6.7360864,7.0862384,-0.3537433
31140,1437155113394,-6.7043633,7.141305,-0.3728969
31141,1437155113414,-6.645705,7.1365166,-0.39504328
31142,1437155113434,-6.661866,7.101801,-0.3597288
31143,1437155113454,-6.618172,7.091027,-0.30107087
31144,1437155113474,-6.6445084,7.117962,-0.28909984
31145,1437155113495,-6.6804214,7.1550717,-0.30406362
31146,1437155113515,-6.5846534,7.1395097,-0.38606504
31147,1437155113534,-6.5283895,7.1059904,-0.39324763
31148,1437155113555,-6.615179,7.125743,-0.4213795
31149,1437155113577,-6.7085533,7.1448965,-0.40821138
31150,1437155113599,-6.687604,7.101801,-0.38726214
31151,1437155113618,-6.727707,7.133524,-0.38187516
31152,1437155113635,-6.7684083,7.098808,-0.42078096
31153,1437155113655,-6.7205243,7.0527196,-0.36750996
31154,1437155113675,-6.6971807,7.061698,-0.38606504
31155,1437155113695,-6.743269,7.065888,-0.3417723
31156,1437155113715,-6.71813,7.0605006,-0.3172317
31157,1437155113735,-6.675633,7.067683,-0.3286042
31158,1437155113778,-6.67683,7.0622964,-0.33039984
31159,1437155113779,-6.7091517,7.079654,-0.33279404
31160,1437155113796,-6.716933,7.0605006,-0.3226187
31161,1437155113815,-6.6846113,7.0467343,-0.29927522
31162,1437155113835,-6.694188,7.0622964,-0.30047232
31163,1437155113855,-6.743269,7.062895,-0.3226187
31164,1437155113875,-6.7761893,7.041347,-0.30466217
31165,1437155113895,-6.7588315,7.041946,-0.29807812
31166,1437155113922,-6.707356,7.026982,-0.30166942
31167,1437155113936,-6.7199254,7.0587053,-0.32022446
31168,1437155113996,-6.6726403,7.029975,-0.3226187
31169,1437155113997,-6.71394,7.03596,-0.35793316
31170,1437155114008,-6.8306575,7.0581064,-0.38187516
31171,1437155114015,-6.8342485,7.047931,-0.39264908
31172,1437155114035,-6.8240733,7.0371575,-0.33997664
31173,1437155114058,-6.7318964,6.9982514,-0.2753332
31174,1437155114079,-6.6732388,7.0365586,-0.2741361
31175,1437155114099,-6.6870055,7.0341644,-0.30047232
31176,1437155114116,-6.6403184,7.0527196,-0.3549404
31177,1437155114135,-6.587646,7.083844,-0.40880993
31178,1437155114157,-6.666056,7.1131735,-0.4345476
31179,1437155114178,-6.7971387,7.1670427,-0.4309563
31180,1437155114198,-6.6846113,7.08145,-0.41180268
31181,1437155114218,-6.633734,7.1047935,-0.39624038
31182,1437155114238,-6.6786256,7.103596,-0.4177882
31183,1437155114255,-6.712743,7.0946183,-0.39025488
31184,1437155114278,-6.659472,7.1221514,-0.42197806
31185,1437155114296,-6.7426705,7.1448965,-0.40102878
31186,1437155114315,-6.6367273,7.1305313,-0.39504328
31187,1437155114335,-6.5870476,7.0850415,-0.38965634
31188,1437155114358,-6.613982,7.068282,-0.3764882
31189,1437155114378,-6.675633,7.049727,-0.35553896
31190,1437155114398,-6.7444663,7.067683,-0.3597288
31191,1437155114419,-6.7869635,7.089231,-0.3824737
31192,1437155114435,-6.683414,7.091027,-0.37469256
31193,1437155114456,-6.659472,7.1047935,-0.3657143
31194,1437155114475,-6.595427,7.107786,-0.3429694
31195,1437155114498,-6.6205664,7.1059904,-0.31902736
31196,1437155114516,-6.6325374,7.141305,-0.3369839
31197,1437155114553,-6.6427126,7.125743,-0.33877954
31198,1437155114565,-6.5547256,7.1287355,-0.35254622
31199,1437155114586,-6.5936313,7.1622543,-0.36750996
31200,1437155114597,-6.682217,7.2005615,-0.38367084
31201,1437155114617,-6.699575,7.2167225,-0.36870706
31202,1437155114638,-6.6480994,7.1568675,-0.2777274
31203,1437155114656,-6.5589156,7.117962,-0.27353755
31204,1437155114676,-6.622362,7.1341224,-0.25139117
31205,1437155114699,-6.634333,7.1724296,-0.28491
31206,1437155114716,-6.549339,7.15567,-0.3250129
31207,1437155114737,-6.518214,7.1610575,-0.3657143
31208,1437155114756,-6.628946,7.1580644,-0.36750996
31209,1437155114779,-6.642114,7.1125746,-0.32680854
31210,1437155114854,-6.6121864,7.062895,-0.29628247
31211,1437155114855,-6.745663,7.101801,-0.33877954
31212,1437155114856,-6.7905545,7.121553,-0.3417723
31213,1437155114857,-6.697779,7.1275387,-0.34237084
31214,1437155114877,-6.628946,7.111976,-0.34835634
31215,1437155114902,-6.613384,7.101801,-0.29269117
31216,1437155114916,-6.613982,7.1131735,-0.2777274
31217,1437155114936,-6.6666546,7.145495,-0.2765303
31218,1437155114956,-6.6349316,7.104195,-0.2681506
31219,1437155114976,-6.658275,7.095815,-0.26515785
31220,1437155114996,-6.716933,7.091625,-0.2705448